1.638069
1.635548
1.627520
1.651284
1.672079
1.620856
1.720247
1.605539
1.543393
1.630191
1.662601
1.616927
1.631515
1.665330
1.624053
1.658521
1.661205
1.665507
1.724080
1.640323
1.627839
1.630854
1.645338
1.608431
1.660227
1.701140
1.651531
1.658501
1.660232
1.683396
1.638213
1.615988
1.654405
1.584428
1.643435
1.693758
1.613572
1.673432
1.607272
1.625259
1.676388
1.632036
1.596331
1.640501
1.729992
1.585877
1.666003
1.626603
1.677412
1.618558
1.619848
1.610158
1.656649
1.644106
1.650206
1.657405
1.616112
1.640849
1.647293
1.669720
1.637726
1.717979
1.655626
1.615180
1.656089
1.657239
1.623382
1.657818
1.697742
1.643875
1.658286
1.666061
1.638531
1.633582
1.644419
1.675126
1.717933
1.702658
1.614213
1.634900
1.633319
1.665805
1.647192
1.602758
1.644040
1.578929
1.600430
1.649693
1.619816
1.693744
1.651476
1.672453
1.619998
1.600305
1.699944
1.652106
1.651763
1.687540
1.650653
1.660886
1.752781
1.629581
1.632523
1.623633
1.668337
1.647914
1.648145
1.705578
1.719469
1.671957
1.556962
1.655068
1.716886
1.669383
1.652676
1.650633
1.635468
1.660693
1.616327
1.679336
1.661081
1.665503
1.716698
1.657190
1.649396
1.638511
1.625692
1.630877
1.723368
1.648298
1.645885
1.641019
1.665974
1.647212
1.657332
1.633280
1.622405
1.621675
1.616259
1.663875
1.688313
1.642714
1.695578
1.629549
1.634675
1.659987
1.658321
1.649624
1.628006
1.632566
1.577134
1.699164
1.609691
1.626225
1.638299
1.635454
1.635020
1.686839
1.678101
1.685373
1.604455
1.615076
1.695736
1.641106
1.713492
1.580882
1.617483
1.633091
1.628626
1.657169
1.709098
1.627777
1.633415
1.614744
1.640469
1.618179
1.650413
1.629249
1.633460
1.656295
1.701018
1.683926
1.691044
1.701592
1.661819
1.675124
1.642943
1.645017
1.605950
1.650177
1.642802
1.640556
1.690146
1.630853
1.610542
1.617210
1.676196
1.589151
1.647194
1.620292
1.677921
1.693147
1.663968
1.659762
1.639020
1.608465
1.638812
1.626815
1.617846
1.576996
1.661470
1.669760
1.568649
1.655432
1.635460
1.695949
1.638608
1.676439
1.647238
1.679414
1.656414
1.639665
1.619541
1.652082
1.680997
1.599900
1.628642
1.789653
1.650646
1.689828
1.657675
1.654006
1.697722
1.658852
1.605400
1.638043
1.622105
1.626254
1.634384
1.644036
1.658317
1.579855
1.640666
1.647380
1.671215
1.622253
1.647605
1.648559
1.671806
1.632349
1.663829
1.588584
1.636947
1.616360
1.666334
1.671799
1.634459
1.664201
1.598948
1.677607
1.569745
1.646656
1.702473
1.660781
1.626236
1.662744
1.633018
1.681024
1.691367
1.660895
1.595468
1.637272
1.632724
1.645666
1.650735
1.630295
1.601292
1.611498
1.696958
1.645749
1.626211
1.662460
1.642033
1.604295
1.659744
1.633056
1.647509
1.638514
1.677841
1.670208
1.698633
1.622349
1.685193
1.620486
1.678093
1.645437
1.626387
1.680688
1.649065
1.570040
1.638947
1.572810
1.618800
1.652919
1.618937
1.655207
1.616133
1.639975
1.647806
1.652899
1.647396
1.659542
1.741231
1.632044
1.600577
1.634098
1.688929
1.658287
1.646086
1.667060
1.645492
1.667162
1.632931
1.613756
1.677323
1.659024
1.567750
1.659963
1.646894
1.673177
1.660985
1.663746
1.634772
1.635766
1.648262
1.666691
1.602262
1.629171
1.649507
1.621441
1.628831
1.615265
1.723180
1.656000
1.687918
1.632876
1.641130
1.627343
1.627689
1.694701
1.578937
1.662087
1.680880
1.638144
1.622101
1.645931
1.684366
1.649380
1.674345
1.656238
1.671079
1.672575
1.632968
1.649576
1.669002
1.652827
1.681207
1.598687
1.644526
1.602660
1.663930
1.646302
1.705336
1.662123
1.614415
1.613859
1.621728
1.740450
1.618224
1.618852
1.609942
1.662292
1.635989
1.636556
1.605137
1.631989
1.678650
1.638970
1.660938
1.657897
1.636576
1.598425
1.690631
1.624759
1.590910
1.683786
1.638185
1.663336
1.606488
1.576528
1.593010
1.665240
1.688786
1.690711
1.644909
1.595343
1.660418
1.737926
1.649414
1.640618
1.598497
1.668980
1.611622
1.636366
1.692011
1.617747
1.671706
1.615996
1.647061
1.680808
1.657037
1.612987
1.611737
1.632285
1.675307
1.669398
1.627024
1.636590
1.677332
1.632795
1.653278
1.630624
1.633325
1.657310
1.680182
1.678720
1.639086
1.604483
1.637449
1.618875
1.631142
1.605228
1.570326
1.630206
1.649668
1.667681
1.621203
1.687506
1.634887
1.686189
1.657001
1.670865
1.627838
1.611870
1.623334
1.610581
1.652693
1.632330
1.631177
1.654254
1.625291
1.615705
1.625168
1.715060
1.650909
1.672299
1.654453
1.651864
1.642773
1.573672
1.646601
1.667674
1.681949
1.672677
1.646639
1.638941
1.636784
1.695220
1.628781
1.692253
1.644515
1.630285
1.634589
1.622496
1.642267
1.601223
1.651873
1.642580
1.625048
1.687215
1.674699
1.681653
1.661193
1.640415
1.679939
1.609564
1.619938
1.673129
1.634139
1.660149
1.695583
1.647270
1.630670
1.634335
1.674654
1.640634
1.627520
1.651904
1.680730
1.678406
1.614947
1.633038
1.608773
1.674488
1.659270
1.659856
1.693070
1.664377
1.638608
1.651209
1.654073
1.715092
1.682226
1.683323
1.689027
1.609496
1.689389
1.636950
1.650400
1.612624
1.677842
1.632728
1.647127
1.663793
1.659042
1.667378
1.634013
1.655334
1.624117
1.609503
1.662978
1.632216
1.676290
1.628950
1.642505
1.698001
1.711550
1.572643
1.661237
1.644102
1.667526
1.665641
1.642072
1.651206
1.677878
1.690515
1.598335
1.648210
1.634017
1.690818
1.677586
1.671070
1.614013
1.626412
1.613783
1.592044
1.673163
1.619910
1.611062
1.673585
1.657351
1.641079
1.682994
1.677953
1.628011
1.666431
1.689966
1.670106
1.629492
1.665974
1.654597
1.666354
1.673487
1.612988
1.656479
1.670461
1.665028
1.619369
1.621552
1.669853
1.657608
1.652347
1.637313
1.695897
1.622803
1.617675
1.700071
1.636466
1.683016
1.616173
1.659473
1.646407
1.636892
1.607795
1.670215
1.655505
1.630028
1.668464
1.620318
1.633166
1.678497
1.633641
1.685704
1.602139
1.615375
1.671962
1.680238
1.659392
1.596942
1.616201
1.642325
1.633829
1.708050
1.639668
1.645496
1.646294
1.628594
1.640906
1.659702
1.681928
1.673949
1.672249
1.661270
1.647103
1.692298
1.640247
1.660490
1.621434
1.666472
1.645856
1.759643
1.664045
1.631833
1.644885
1.644965
1.655421
1.636407
1.656161
1.654307
1.630160
1.670740
1.689301
1.692234
1.667786
1.595399
1.627757
1.642108
1.646457
1.676407
1.636928
1.647868
1.683705
1.574211
1.709530
1.606569
1.610770
1.643953
1.625570
1.666182
1.628877
1.646460
1.619073
1.619569
1.669865
1.635751
1.585953
1.632008
1.660874
1.649343
1.669487
1.709327
1.624794
1.717659
1.659499
1.639502
1.656611
1.663468
1.672449
1.679444
1.635600
1.651479
1.640370
1.641665
1.661663
1.606070
1.675213
1.649205
1.629444
1.608566
1.642414
1.622281
1.665261
1.686044
1.612932
1.624111
1.582098
1.638111
1.668484
1.602759
1.675123
1.672979
1.602652
1.670508
1.658603
1.656279
1.614892
1.639256
1.660008
1.595531
1.678512
1.674360
1.674320
1.678581
1.670430
1.662186
1.649253
1.602049
1.650628
1.634250
1.649835
1.710310
1.716641
1.658872
1.597387
1.695778
1.677393
1.656543
1.682217
1.650684
1.703356
1.631588
1.636892
1.651268
1.654914
1.633851
1.706187
1.680814
1.637761
1.664916
1.659399
1.670004
1.656939
1.661519
1.671972
1.631355
1.636137
1.732811
1.689931
1.657680
1.672719
1.643797
1.654124
1.632049
1.667558
1.667068
1.678708
1.605159
1.600140
1.696665
1.658610
1.640475
1.668541
1.642345
1.587977
1.632060
1.694112
1.640877
1.629167
1.653793
1.661080
1.636455
1.670495
1.564873
1.682908
1.690619
1.678540
1.713574
1.631051
1.642857
1.660991
1.678962
1.615649
1.641802
1.641262
1.672163
1.690002
1.616067
1.625058
1.656003
1.637417
1.677762
1.684001
1.647544
1.690773
1.650356
1.686533
1.607934
1.664560
1.678921
1.613424
1.617151
1.644668
1.695580
1.696740
1.678048
1.636064
1.644382
1.631981
1.602127
1.660166
1.612361
1.634392
1.676348
1.688115
1.675030
1.709155
1.587845
1.653477
1.700299
1.636156
1.662070
1.558495
1.648025
1.655460
1.611789
1.652777
1.595775
1.660354
1.687683
1.640000
1.668159
1.644948
1.623297
1.614010
1.659589
1.674390
1.710639
1.696212
1.700941
1.655717
1.582645
1.616171
1.625839
1.686174
1.716939
1.681767
1.637286
1.714734
1.700536
1.623094
1.663856
1.644337
1.626189
1.655183
1.651927
1.648897
1.596059
1.652197
1.654403
1.621091
1.607924
1.657214
1.639910
1.664597
1.692251
1.682018
1.667091
1.643319
1.604365
1.643871
1.625611
1.600424
1.635557
1.620341
1.621644
1.668075
1.621624
1.648343
1.668363
1.630063
1.736867
1.623451
1.700935
1.618411
1.604390
1.661035
1.659474
1.589346
1.706995
1.624195
1.687626
1.654663
1.601493
1.644169
1.631419
1.636487
1.609552
1.674632
1.662303
1.659541
1.636323
1.649016
1.663611
1.619945
1.620058
1.664745
1.652803
1.696141
1.702342
1.607086
1.658042
1.655272
1.620834
1.653932
1.599142
1.681244
1.609250
1.615269
1.646385
1.667966
1.678776
1.646113
1.626903
1.615360
1.567103
1.585828
1.688948
1.618739
1.654043
1.653227
1.623375
1.624787
1.660183
1.637024
1.634973
1.663001
1.640347
1.641005
1.650381
1.693506
1.693680
1.639193
1.659137
1.652970
1.603090
1.701641
1.624536
1.714041
1.664279
1.624312
1.665384
1.600986
1.636519
1.586630
1.669446
1.717402
1.700718
1.658330
1.668544
1.700179
1.661380
1.678310
1.644242
1.618406
1.613236
1.676672
1.624845
1.667345
1.648208
1.647942
1.652645
1.690287
1.627457
1.695750
1.678926
1.696107
1.652091
1.643934
1.659060
1.580542
1.594526
1.632771
1.662129
1.675240
1.678688
1.657601
1.669369
1.597052
1.630428
1.600981
