1.584362
1.620472
1.706294
1.658621
1.702425
1.557196
1.613305
1.573470
1.443443
1.653799
1.637788
1.707986
1.612347
1.671949
1.579635
1.655457
1.707427
1.537888
1.673479
1.529140
1.636082
1.605091
1.664855
1.648961
1.634946
1.742323
1.654236
1.591878
1.558088
1.524912
1.652279
1.766448
1.684594
1.755100
1.573353
1.687066
1.629812
1.532280
1.621525
1.913734
1.874901
1.685577
1.572098
1.652953
1.713564
1.699831
1.788998
1.749364
1.650916
1.795675
1.823727
1.758326
1.682165
1.704525
1.698264
1.716048
1.878390
1.528143
1.713815
1.644643
1.672854
1.585035
1.598789
1.626285
1.479825
1.576548
1.587126
1.682301
1.435933
1.555745
1.618095
1.549593
1.613395
1.562251
1.588743
1.661214
1.706945
1.646286
1.648530
1.419374
1.725524
1.755516
1.563410
1.606782
1.645713
1.593529
1.591583
1.718913
1.647892
1.602167
1.594603
1.578293
1.674091
1.562580
1.593813
1.619725
1.560121
1.594679
1.632786
1.648552
1.666108
1.682011
1.509829
1.587247
1.562792
1.735321
1.547931
1.700416
1.725306
1.709848
1.557111
1.670869
1.695753
1.460263
1.761442
1.625465
1.717063
1.576158
1.571243
1.626615
1.570198
1.813501
1.605874
1.674507
1.687295
1.639999
1.646278
1.682094
1.538006
1.823572
1.727633
1.567798
1.536458
1.695603
1.650335
1.663553
1.761035
1.637299
1.458354
1.743872
1.702031
1.623905
1.569273
1.681367
1.666835
1.587598
1.695946
1.738729
1.548039
1.619155
1.708781
1.567243
1.927122
1.657936
1.647658
1.784630
1.665106
1.569733
1.611271
1.648027
1.665092
1.605287
1.607660
1.575518
1.672110
1.600893
1.643629
1.598217
1.567125
1.705596
1.667250
1.562786
1.659716
1.669164
1.696102
1.543300
1.593884
1.675694
1.697473
1.677611
1.577387
1.685678
1.553552
1.733848
1.539627
1.658510
1.565170
1.701189
1.599223
1.565510
1.716337
1.749915
1.658468
1.631183
1.646154
1.744429
1.761361
1.794593
1.660172
1.495145
1.692724
1.779369
1.550964
1.938848
1.640139
1.807359
1.672846
1.817308
1.560656
1.697730
1.735329
1.581536
1.611542
1.544270
1.630520
1.574460
1.722554
1.634388
1.769408
1.794031
1.714767
1.548043
1.676722
1.710665
1.600046
1.690787
1.646546
1.612566
1.622117
1.709276
1.662982
1.639011
1.812718
1.585754
1.627195
1.464642
1.661782
1.585064
1.714838
1.619032
1.790251
1.605256
1.667427
1.659619
1.556531
1.633409
1.624100
1.618089
1.521486
1.501120
1.551025
1.601677
1.605533
1.594226
1.582058
1.762575
1.580711
1.549070
1.757929
1.671482
1.672083
1.793281
1.663128
1.661084
1.578083
1.522733
1.577110
1.732531
1.631686
2.017096
1.613522
1.579071
1.535544
1.498421
1.570234
1.696661
1.490862
1.591441
1.582898
1.644846
1.623791
1.767895
1.770846
1.713186
1.671165
1.626237
1.630810
1.642843
1.526791
1.547014
1.835189
1.646732
1.625403
1.637444
1.567072
1.731161
1.610726
1.577903
1.538849
1.791019
1.666789
1.699847
1.740548
1.794695
1.510645
1.680401
1.661188
1.516321
1.562868
1.700159
1.598726
1.566998
1.528601
1.615988
1.653296
1.593174
1.549390
1.618989
1.618487
1.686141
1.751660
1.488269
1.698315
1.762810
1.943660
1.679522
1.689220
1.831328
1.540055
1.499506
1.566375
1.600304
1.715412
1.622577
1.750235
1.499324
1.662383
1.763409
1.668746
1.749859
1.633157
1.597977
1.581897
1.525389
1.654777
1.881619
1.610090
1.677410
1.695616
1.701445
1.807527
1.525460
1.787945
1.756020
1.674760
1.845421
1.600961
1.842100
1.752031
1.547526
1.728657
1.736621
1.655064
1.546334
1.515257
1.765640
1.573881
1.598354
1.782583
1.830876
1.760591
1.568529
1.640036
1.506418
1.607149
1.672698
1.835249
1.532701
1.540769
1.773963
1.675044
1.673364
1.718343
1.557972
1.659799
1.569830
1.724430
1.905799
1.582189
1.749355
1.559269
1.657891
1.651912
1.715519
1.737539
1.648166
1.575129
1.563483
1.545260
1.524103
1.679408
1.626892
1.632703
1.530150
1.706897
1.701341
1.707771
1.747504
1.530345
1.740958
1.525394
1.426824
1.582963
1.568525
1.686342
1.624228
1.561813
1.690163
1.715136
1.698010
1.661326
1.509503
1.651218
1.587997
1.613783
1.530180
1.647146
1.636060
1.629309
1.598867
1.544909
1.585048
1.669684
1.571351
1.658724
1.504910
1.592943
1.571956
1.510220
1.655941
1.616788
1.649229
1.616609
1.642959
1.609104
1.533790
1.592170
1.824744
1.578462
1.770810
1.600860
1.642002
1.497635
1.690833
1.825437
1.585504
1.559384
1.753256
1.500254
1.618480
1.621609
1.567527
1.613993
1.542848
1.521239
1.689699
1.659650
1.874223
1.614057
1.640702
1.707611
1.526925
1.734807
1.714418
1.617550
1.688136
1.688142
1.644721
1.616903
1.497456
1.683632
1.765853
1.590018
1.584891
1.611227
1.765011
1.667345
1.784110
1.649115
1.673106
1.562526
1.693233
1.671335
1.601963
1.633351
1.778380
1.645568
1.698030
1.550220
1.706743
1.616038
1.765123
1.514065
1.799469
1.536831
1.604417
1.714705
1.627750
1.520685
1.654154
1.610871
1.535353
1.633051
1.502456
1.609036
1.708066
1.750550
1.779395
1.774378
1.724324
1.553083
1.621899
1.782567
1.725846
1.624114
1.688951
1.798303
1.655614
1.583137
1.750438
1.623594
1.807593
1.637931
1.760944
1.530814
1.663578
1.702588
1.525286
1.543653
1.589801
1.641233
1.729828
1.774343
1.783880
1.542181
1.727590
1.577485
1.681139
1.630602
1.789088
1.626375
1.608085
1.770458
1.751061
1.668455
1.685829
1.515242
1.640294
1.530161
1.617961
1.548286
1.741989
1.783909
1.801852
1.724882
1.617087
1.638209
1.714907
1.716268
1.761647
1.542485
1.533413
1.552563
1.657659
1.677277
1.605922
1.587555
1.698758
1.570550
1.609973
1.608717
1.562751
1.759859
1.810604
1.563622
1.670224
1.574837
1.521480
1.593675
1.530400
1.716361
1.776873
1.548556
1.551971
1.575536
1.588459
1.549035
1.737016
1.653638
1.527088
1.625072
1.688860
1.527523
1.491910
1.747781
1.531953
1.620660
1.557157
1.774683
1.618034
1.655257
1.796304
1.652388
1.778712
1.555846
1.814539
1.745542
1.700659
1.823845
1.688502
1.649827
1.887812
1.802125
1.653332
1.521829
1.687704
1.626292
1.561786
1.573699
1.663375
1.585752
1.907764
1.694807
1.641231
1.449977
1.655445
1.437062
1.824070
1.520513
1.683724
1.732262
1.702683
1.644397
1.688401
1.526951
1.647628
1.648910
1.605074
1.697924
1.560898
1.609418
1.784251
1.696988
1.592007
1.698561
1.632078
1.633827
1.626215
1.612030
1.718179
1.611667
1.579189
1.644221
1.561002
1.573642
1.814648
1.572097
1.719460
1.624333
1.699147
1.467444
1.523492
1.589998
1.645000
1.561580
1.611693
1.637731
1.642297
1.762534
1.732203
1.521547
1.656485
1.731467
1.558833
1.550715
1.524033
1.735245
1.646033
1.554771
1.676286
1.660189
1.777163
1.643395
1.563653
1.632781
1.699180
1.694910
1.630930
1.667943
1.596199
1.589456
1.622417
1.635319
1.514014
1.664973
1.544767
1.523498
1.620971
1.631792
1.669519
1.499878
1.606727
1.631388
1.796154
1.514651
1.691016
1.510566
1.666160
1.593734
1.718760
1.579846
1.607417
1.854973
1.513183
1.808349
1.563349
1.599494
1.658178
1.883359
1.694196
1.723012
1.614356
1.729857
1.514452
1.657218
1.565889
1.736928
1.703651
1.641874
1.639174
1.540110
1.710711
1.538525
1.506949
1.620269
1.729655
1.669491
1.634210
1.507904
1.636341
1.572188
1.554428
1.665464
1.798700
1.703745
1.597055
1.505098
1.627249
1.724096
1.693172
1.702928
1.556871
1.616992
1.769756
1.690310
1.708356
1.521422
1.738783
1.612971
1.516793
1.766647
1.665024
1.515557
1.817454
1.757837
1.638691
1.636906
1.555108
1.542369
1.566089
1.598071
1.797215
1.647805
1.615656
1.630985
1.814552
1.730064
1.524243
1.583469
1.633216
1.695459
1.605767
1.753110
1.644390
1.596729
1.599097
1.657335
1.650039
1.726300
1.660446
1.645051
1.559153
1.538214
1.782192
1.828983
1.609742
1.719328
1.626857
1.603261
1.517260
1.746346
1.577238
1.697151
1.666598
1.673634
1.576118
1.700214
1.536151
1.529097
1.536821
1.726263
1.742371
1.636434
1.683350
1.669489
1.641466
1.747266
1.574507
1.531669
1.706723
1.461389
1.754745
1.604030
1.529297
1.660263
1.678738
1.698448
1.752564
1.628686
1.635061
1.564365
1.679203
1.481508
1.577571
1.548731
1.759477
1.732174
1.574747
1.626937
1.778677
1.773267
1.868137
1.621550
1.655106
1.696213
1.582890
1.687511
1.540720
1.754338
1.551909
1.852910
1.624873
1.471867
1.684403
1.680798
1.691655
1.554378
1.835405
1.590804
1.661030
1.682105
1.645512
1.827791
1.583687
1.648779
1.693634
1.554737
1.754578
1.635157
1.491943
1.551204
1.708329
1.439402
1.567201
1.457942
1.530120
1.617808
1.797054
1.582054
1.585329
1.791546
1.472903
1.625254
1.739032
1.742450
1.542620
1.687774
1.474666
1.697577
1.723081
1.769923
1.643857
1.644424
1.742570
1.630215
1.648575
1.667064
1.653725
1.644952
1.719554
1.605399
1.456653
1.702973
1.650243
1.878667
1.545656
1.814822
1.657896
1.603449
1.725964
1.569144
1.575297
1.650276
1.560539
1.673446
1.782829
1.590189
1.646913
1.513009
1.547997
1.644313
1.636099
1.736425
1.661328
1.553688
1.503638
1.688999
1.648439
1.710438
1.518358
1.742716
1.711554
1.748957
1.696546
1.549204
1.781779
1.622070
1.546774
1.680514
1.625988
1.620116
1.651203
1.817927
1.474855
1.586269
1.904290
1.759809
1.730833
1.710782
1.513669
1.671415
1.558535
1.861696
1.462287
1.643471
1.548391
1.659950
1.605423
1.638437
1.652421
1.611411
1.913597
1.705490
1.723982
1.544494
1.820919
1.749410
1.800198
1.665736
1.672536
1.623377
1.655961
1.608844
1.575365
1.731962
1.737130
1.650549
1.658804
1.619245
1.575778
1.580425
1.587885
1.626584
1.634949
1.522617
1.582582
1.645743
1.681457
1.727159
1.752037
