1.559235
1.694611
1.676268
1.705605
1.595445
1.699163
1.597492
1.568235
1.673709
1.718476
1.554460
1.627595
1.747178
1.742882
1.616456
1.673311
1.604768
1.661051
1.648047
1.664435
1.712771
1.623756
1.618340
1.722226
1.798339
1.683798
1.569395
1.572337
1.683407
1.572922
1.535956
1.584096
1.644033
1.637659
1.546745
1.584514
1.620997
1.673957
1.735813
1.615408
1.736059
1.749091
1.700553
1.568813
1.700969
1.615554
1.589219
1.650946
1.551294
1.683487
1.665569
1.581344
1.552327
1.598925
1.688430
1.750850
1.617670
1.762745
1.546012
1.623765
1.612282
1.641124
1.661096
1.714574
1.696752
1.569411
1.644433
1.556806
1.654793
1.585039
1.683810
1.566445
1.700571
1.695999
1.630282
1.623031
1.747185
1.673173
1.529065
1.631119
1.735804
1.605796
1.620904
1.625222
1.614998
1.615689
1.671432
1.600053
1.765595
1.644080
1.625473
1.665885
1.539615
1.637252
1.591445
1.658504
1.619024
1.676762
1.709278
1.577346
1.696831
1.679423
1.713308
1.674799
1.622781
1.651196
1.591514
1.685142
1.579269
1.735362
1.617823
1.790841
1.580068
1.585378
1.677432
1.746215
1.576252
1.568068
1.624115
1.557402
1.679647
1.584515
1.634888
1.644165
1.692518
1.614723
1.621373
1.638601
1.653099
1.581408
1.759438
1.666181
1.632331
1.557340
1.667633
1.574141
1.509689
1.666670
1.520917
1.689175
1.762814
1.669269
1.615948
1.690486
1.564379
1.706264
1.682637
1.649879
1.654601
1.657953
1.786107
1.661879
1.682751
1.512048
1.705994
1.639568
1.616693
1.569582
1.637689
1.606871
1.668570
1.758157
1.596984
1.742891
1.574357
1.632752
1.567422
1.709824
1.633852
1.644939
1.567173
1.570512
1.717670
1.638469
1.630083
1.690842
1.767641
1.700711
1.768356
1.689328
1.517253
1.590210
1.644326
1.701678
1.728387
1.618149
1.600228
1.687490
1.567443
1.693203
1.610123
1.599112
1.581001
1.797445
1.663759
1.659311
1.616054
1.628802
1.606758
1.559179
1.586489
1.559016
1.777668
1.739851
1.578523
1.592821
1.635707
1.703279
1.634406
1.742830
1.718141
1.545931
1.581591
1.605416
1.714029
1.612377
1.645077
1.572662
1.631997
1.564797
1.667792
1.557040
1.634872
1.721830
1.654898
1.633660
1.639637
1.711343
1.569446
1.571141
1.714122
1.602403
1.683209
1.631667
1.736896
1.684266
1.764458
1.677037
1.548417
1.619213
1.692720
1.524731
1.614098
1.628591
1.607453
1.781589
1.677666
1.687374
1.546819
1.659721
1.642517
1.661512
1.562097
1.608222
1.599455
1.631024
1.600083
1.675499
1.827788
1.727419
1.684131
1.716719
1.722117
1.667005
1.637719
1.628192
1.684448
1.553741
1.611393
1.594252
1.750311
1.653655
1.576553
1.603937
1.764816
1.547565
1.672599
1.572378
1.553503
1.585583
1.713844
1.690669
1.600605
1.683396
1.651253
1.615315
1.594878
1.657193
1.666858
1.559149
1.722328
1.636462
1.610912
1.599209
1.526686
1.762132
1.558101
1.637594
1.620938
1.697647
1.716064
1.594409
1.605912
1.679524
1.677773
1.796136
1.681082
1.688251
1.695205
1.631684
1.771259
1.581353
1.690143
1.645300
1.546505
1.815576
1.622259
1.684384
1.562547
1.642390
1.620211
1.627721
1.639621
1.593212
1.655645
1.653680
1.724351
1.646220
1.568399
1.656151
1.706916
1.627262
1.725238
1.574245
1.643800
1.566256
1.578409
1.603531
1.680942
1.692803
1.528888
1.565390
1.608044
1.641156
1.523967
1.675938
1.512677
1.648933
1.663977
1.689714
1.629054
1.672313
1.671802
1.722886
1.574619
1.587398
1.671338
1.594254
1.658602
1.738545
1.688154
1.613048
1.779774
1.644161
1.666745
1.649895
1.717417
1.607218
1.600426
1.629911
1.638975
1.587540
1.688655
1.686347
1.766796
1.673860
1.681012
1.684404
1.607539
1.664819
1.650952
1.725168
1.626568
1.593376
1.588070
1.765073
1.672701
1.700629
1.612502
1.539610
1.714438
1.617175
1.802307
1.593565
1.628316
1.738876
1.572211
1.663354
1.669109
1.704799
1.686864
1.686109
1.689579
1.669611
1.602806
1.631862
1.652663
1.601799
1.627447
1.544015
1.720884
1.702514
1.635553
1.649698
1.583874
1.618976
1.606428
1.693287
1.689050
1.696949
1.596157
1.544685
1.773499
1.596204
1.717510
1.689529
1.647817
1.626706
1.620516
1.629139
1.650811
1.581708
1.654972
1.619527
1.691386
1.711524
1.678481
1.644518
1.709165
1.571754
1.608191
1.582121
1.525212
1.557417
1.698698
1.651852
1.654591
1.622714
1.605020
1.700868
1.828784
1.711377
1.670601
1.680858
1.627170
1.614803
1.711524
1.711416
1.699613
1.702820
1.656440
1.612491
1.701311
1.688070
1.707623
1.650279
1.600264
1.558212
1.591459
1.596329
1.693896
1.616700
1.698870
1.626315
1.744641
1.675458
1.577792
1.647519
1.784491
1.653150
1.755492
1.637766
1.607761
1.610466
1.619963
1.697930
1.654269
1.787789
1.760660
1.648842
1.529211
1.587497
1.661742
1.711606
1.603308
1.608865
1.610268
1.589788
1.644688
1.727340
1.606217
1.704436
1.682598
1.682764
1.738068
1.621524
1.598285
1.610553
1.601112
1.721546
1.619819
1.662313
1.652839
1.752861
1.707348
1.731705
1.679650
1.590187
1.666854
1.657402
1.795023
1.558020
1.686754
1.700168
1.634267
1.657881
1.661439
1.716488
1.591117
1.628453
1.660175
1.618310
1.636809
1.680008
1.691755
1.599741
1.511003
1.589349
1.756367
1.609218
1.658136
1.583167
1.685313
1.618001
1.681896
1.538248
1.590978
1.754742
1.708215
1.687926
1.823942
1.665375
1.528459
1.534772
1.581472
1.696465
1.621507
1.651476
1.687271
1.694176
1.607285
1.672560
1.640878
1.562543
1.696524
1.571788
1.613029
1.659304
1.732738
1.678106
1.632550
1.753887
1.647234
1.712771
1.667295
1.784412
1.698429
1.694863
1.458460
1.671566
1.607688
1.637037
1.599809
1.632747
1.748708
1.599927
1.624649
1.618258
1.706963
1.630747
1.631240
1.725858
1.744550
1.634475
1.601265
1.632855
1.611174
1.602499
1.666142
1.565241
1.640752
1.818239
1.632669
1.588850
1.668612
1.691037
1.668470
1.729452
1.654758
1.560819
1.569307
1.541451
1.682625
1.639481
1.589854
1.614080
1.571970
1.704735
1.527702
1.647740
1.693264
1.604414
1.684663
1.659187
1.681213
1.666747
1.635846
1.559618
1.662267
1.613778
1.654485
1.765649
1.700203
1.679309
1.618989
1.731781
1.711529
1.565573
1.834634
1.627593
1.658799
1.631109
1.654639
1.662795
1.501303
1.622494
1.632904
1.601614
1.636119
1.813608
1.631192
1.630649
1.589628
1.615477
1.615784
1.660893
1.773743
1.648803
1.746280
1.653979
1.606871
1.556544
1.695005
1.573252
1.682218
1.558793
1.636979
1.669234
1.655814
1.685877
1.696000
1.681212
1.608547
1.561706
1.609531
1.587398
1.719203
1.570693
1.640320
1.627714
1.518084
1.813023
1.660407
1.627848
1.598728
1.575815
1.528651
1.704284
1.669456
1.510127
1.517373
1.497632
1.609613
1.683179
1.612797
1.650695
1.682059
1.537834
1.582381
1.616186
1.636896
1.614299
1.672051
1.623812
1.646863
1.563760
1.620062
1.612427
1.645849
1.643062
1.666790
1.674234
1.628340
1.644975
1.692903
1.722506
1.735269
1.678281
1.664102
1.662670
1.639732
1.681907
1.630963
1.761550
1.794168
1.573770
1.625740
1.608600
1.715451
1.631561
1.652843
1.712690
1.696701
1.529558
1.816019
1.613443
1.661915
1.733372
1.598511
1.692238
1.605575
1.628037
1.591823
1.704100
1.612785
1.542828
1.715797
1.678382
1.638242
1.693346
1.640961
1.670254
1.682257
1.640766
1.651245
1.600273
1.654375
1.650127
1.616721
1.652243
1.714186
1.638943
1.649395
1.731990
1.527190
1.608886
1.729860
1.752330
1.714502
1.712942
1.658944
1.636471
1.630006
1.683177
1.623598
1.729113
1.623751
1.596231
1.628413
1.660944
1.592384
1.686601
1.588258
1.541042
1.665140
1.761243
1.621014
1.628050
1.656802
1.696345
1.498474
1.653798
1.596489
1.613425
1.563641
1.661057
1.534270
1.678369
1.620628
1.619080
1.708596
1.497124
1.620962
1.708806
1.806736
1.666740
1.646296
1.739239
1.671048
1.585347
1.639343
1.661642
1.752782
1.581284
1.749661
1.589734
1.572118
1.678964
1.567868
1.536139
1.548562
1.594077
1.558805
1.670041
1.494428
1.595944
1.730338
1.704130
1.666170
1.531191
1.598160
1.638764
1.578141
1.613296
1.548734
1.574843
1.681004
1.590671
1.662778
1.640437
1.702767
1.718397
1.685184
1.713308
1.673015
1.606781
1.658596
1.657755
1.707968
1.557651
1.549355
1.761719
1.548890
1.563373
1.698949
1.733497
1.553314
1.722597
1.514564
1.595199
1.683129
1.665176
1.734076
1.729398
1.613791
1.610787
1.655606
1.631498
1.803062
1.607696
1.595694
1.688396
1.621526
1.578618
1.655518
1.681407
1.629599
1.710234
1.605976
1.691839
1.586774
1.615861
1.748268
1.645252
1.694184
1.600592
1.651931
1.568143
1.534158
1.584084
1.580926
1.631422
1.708089
1.592346
1.588871
1.624153
1.584060
1.614700
1.702110
1.645351
1.661295
1.669943
1.618593
1.621151
1.676322
1.603526
1.622307
1.663660
1.677050
1.713726
1.736875
1.737027
1.691151
1.621018
1.755546
1.725436
1.715987
1.626592
1.722751
1.688807
1.629140
1.621601
1.614412
1.517253
1.609680
1.654873
1.537673
1.732959
1.781861
1.666704
1.658414
1.836777
1.714168
1.674838
1.601948
1.631714
1.713019
1.577188
1.632756
1.535959
1.642169
1.683087
1.587091
1.680397
1.569807
1.618698
1.638101
1.585025
1.675144
1.701182
1.565347
1.611967
1.637330
1.695782
1.629222
1.675818
1.655649
1.538098
1.619572
1.635693
1.587177
1.625248
1.717956
1.662269
1.656051
1.643376
1.596239
1.623891
1.760264
1.598066
1.631299
1.686514
1.643401
1.741084
1.711048
1.573538
1.560872
1.649757
1.614711
1.738293
1.614245
1.623991
1.638424
1.584394
1.721010
1.645663
1.611877
1.690740
1.631901
1.644923
1.660582
1.541465
1.595050
1.653299
1.712922
1.695077
1.544294
1.619643
1.609062
1.673939
