1.680187
1.566075
1.923677
1.360851
1.674612
1.545717
1.709595
1.631034
1.846224
1.612279
1.684388
1.655127
1.741834
1.625445
1.950337
1.693533
1.672452
1.709631
1.747103
1.547344
1.646545
1.410196
1.607916
1.598249
1.553583
1.583774
1.478502
1.659447
1.729772
1.412721
1.428589
1.530482
1.407664
1.466526
1.555636
1.400863
1.661410
1.460763
1.608268
1.660751
1.681303
1.377507
1.946291
1.741650
1.623157
1.622122
1.425701
1.331440
1.760255
1.640982
1.436461
1.466946
1.548281
1.691968
1.752985
1.471651
1.665965
1.405937
1.656241
1.748553
1.620425
1.585349
1.792933
1.398646
1.910246
1.541428
1.597090
1.818152
2.071137
1.464824
1.395433
1.631241
1.872027
1.636967
1.792779
1.848647
1.630964
1.416643
1.415886
1.693246
1.548872
1.675614
1.632553
1.316978
1.454081
1.605450
1.597247
1.637900
1.628506
1.571239
1.556227
1.562854
1.771168
1.638671
1.667129
1.634269
1.805461
2.004571
1.721094
1.364273
1.664699
1.598045
1.377836
1.766325
1.457879
1.449002
1.853373
1.603948
1.541635
1.594724
2.148467
1.456585
1.547678
1.670636
1.593761
1.395916
1.683336
1.438869
1.438971
1.462854
1.583352
1.563338
1.614315
1.497098
1.852789
1.499469
1.660843
1.240476
1.545894
1.540616
1.677412
1.399669
1.591617
1.472005
1.878413
1.625865
1.653590
1.572765
1.420501
1.214683
1.820543
1.707131
1.672151
1.441801
1.758375
1.781405
1.743727
1.567577
1.590757
1.367243
1.626896
1.559915
1.714761
1.487515
1.585052
1.630451
1.500822
1.618778
1.876773
1.609566
1.546524
1.630194
1.758852
1.850716
1.705586
1.530547
1.391981
1.721945
1.858350
1.754198
1.532510
1.369685
1.705447
1.228877
1.420246
1.548318
1.855036
1.448738
1.796626
1.516049
1.606658
1.590061
1.459156
1.873538
1.626358
1.695114
1.696726
1.613717
1.680076
1.568744
1.507710
1.495548
1.462595
1.494395
1.846094
1.662694
1.542999
1.762607
1.651893
1.741933
1.739380
1.652729
1.725939
1.638219
1.605376
2.005232
1.754656
1.462001
1.561711
1.481258
1.510850
1.845640
1.354072
1.572461
1.631010
1.719251
1.587690
1.805627
1.861458
1.757825
1.774265
1.630378
1.495259
1.826345
1.564503
1.644219
1.619456
1.734444
1.889509
1.342844
1.711721
1.595099
1.503226
1.646556
1.869363
1.737673
1.622374
1.679585
1.748772
1.432616
1.272146
1.546448
1.553983
1.858999
1.722519
1.428544
1.310079
1.563106
1.329721
1.739063
1.662571
1.391121
1.446910
1.519362
1.499822
1.827189
1.642764
1.793820
1.738952
1.361316
1.602780
1.370952
1.589860
1.458113
1.419721
1.318372
1.378659
1.617876
1.488168
1.621341
1.591787
1.654793
1.755987
1.581259
1.540105
1.480177
1.692994
1.521660
1.621041
1.664108
1.438883
1.531785
1.572010
1.556283
1.286520
1.433856
1.651513
1.556430
1.727323
1.335326
1.513482
1.746274
1.631868
1.459067
1.742164
1.484370
2.296163
1.500594
1.745953
1.601601
1.502433
1.769496
1.592538
1.807446
1.599027
1.587445
1.713492
1.414546
1.727027
1.507737
1.735631
1.822630
1.724092
1.498337
1.714576
1.585594
1.625660
1.671024
1.590153
1.732929
1.675250
2.126128
1.727785
1.637193
1.785469
1.520499
2.008382
1.501673
1.664349
1.852235
1.825615
1.568515
1.365927
1.662076
1.588029
1.375663
1.546195
1.566393
1.711710
1.608449
1.577866
1.646803
1.563206
1.629644
1.677217
1.538484
1.539363
1.590154
1.387506
1.670552
1.475347
1.564259
1.447333
1.832428
1.697816
1.784969
1.458751
1.410117
1.621586
1.791312
1.750504
1.549552
1.532295
1.479791
1.383224
1.459632
1.642666
1.456303
1.613469
1.870600
1.573620
1.652215
1.491789
1.703582
1.521662
1.398524
1.370681
1.569276
1.822011
1.444122
1.731802
1.778787
1.487792
1.627857
2.308033
1.675074
1.716504
1.690339
1.651023
1.296123
1.675924
1.416335
1.670199
1.906410
1.753536
1.696221
1.472630
1.505718
1.545433
1.405275
1.880004
1.743594
1.840886
1.564147
1.485260
1.537959
1.509412
1.612957
1.849778
1.681899
1.576214
1.479495
1.624342
1.612132
1.619652
1.509202
1.470541
1.328022
1.399242
1.631524
1.271827
1.587260
1.950372
1.556311
1.930647
1.734326
1.870406
1.597528
1.856468
1.317443
1.905751
1.844286
1.717117
1.440227
1.417593
1.781866
1.522157
1.913529
1.628928
1.590528
1.642181
1.240575
1.570365
1.334377
1.641471
1.676255
1.747355
2.060029
1.774728
1.369586
1.887315
1.534485
1.858005
1.573692
1.379296
1.636199
1.535800
1.803153
1.774011
1.512569
1.659166
1.947640
1.894071
1.523946
1.363193
1.810334
2.002661
1.743988
1.588189
1.669433
1.298188
1.421578
1.387039
1.444298
1.610376
1.926684
1.619751
1.575219
1.486927
1.613909
1.637662
1.525460
1.494145
1.699761
1.547748
1.532704
1.950889
1.614253
1.634787
1.608989
1.935437
1.345896
1.771079
1.577380
1.696091
1.625166
1.604648
1.610875
1.292540
1.353552
1.518603
1.639275
1.843462
1.747969
1.980818
1.901231
1.605938
1.779361
1.795143
1.563708
1.693093
1.823934
1.693616
1.735370
1.601758
1.550414
1.825163
1.550455
1.850524
1.818629
1.539812
1.455937
1.605319
1.807894
1.825333
1.562200
1.430519
1.562040
2.006140
1.533181
1.514957
1.501567
1.915407
1.477008
1.614673
1.642446
1.824913
1.666618
1.684177
1.558344
1.634253
1.525527
1.510015
1.673210
1.833951
2.008855
1.615836
1.685812
1.444097
2.188890
1.476367
1.884822
1.456859
1.983180
1.525934
1.388974
1.684685
1.730960
1.311884
1.619063
1.659122
1.820721
1.440226
2.075489
1.695608
2.059465
1.383663
1.772150
1.771832
1.544620
1.649530
1.474410
1.527170
1.508428
1.832764
1.658227
1.824772
1.490041
1.848499
1.830611
1.420290
1.582448
1.439175
1.506174
1.547344
1.696784
1.314976
1.641646
1.770218
1.768185
1.716653
1.571876
1.616007
1.551474
1.458525
1.681128
1.475458
1.512877
1.470439
1.768467
1.549513
1.834131
1.722894
1.949909
1.583866
1.726699
1.418909
1.510990
1.553347
1.631866
1.703681
1.587953
1.754734
1.484695
2.280896
1.515945
1.594780
1.601856
1.603380
1.711864
1.654588
1.555660
1.451741
1.740647
1.491794
1.625214
1.773151
1.578279
1.647687
1.641993
1.754485
1.626774
1.343511
1.695075
1.883092
1.628310
1.464543
1.387657
1.563862
1.608785
1.372645
1.542023
1.567887
1.560521
1.810288
1.715556
1.787992
1.558262
1.628652
1.358658
1.700788
1.421685
1.284752
1.779702
1.498815
1.559365
1.828097
1.663643
1.316432
1.958549
1.537118
1.438245
1.619490
1.393636
1.987457
1.896558
1.475638
1.424683
1.496518
1.599619
1.598186
1.769421
1.648640
1.514257
1.766521
1.564509
1.455345
1.623241
1.706073
1.987577
1.664776
1.760828
1.631423
1.785723
1.727561
1.421064
1.378474
1.295816
1.662011
1.543379
1.766317
1.417622
1.612952
1.500137
1.481803
1.917569
1.900247
1.615029
1.564415
1.644720
1.358284
1.451438
1.510397
1.599287
1.613835
2.024200
1.809554
1.517741
1.800748
1.467261
1.597931
1.711280
1.588888
1.606528
1.818326
1.575812
1.738463
1.494940
1.674279
1.752860
1.822464
1.600514
1.253135
1.634097
1.588398
1.772519
1.722432
1.894429
1.479711
1.606612
1.868759
1.558816
1.574721
1.788927
1.729370
1.524694
1.403825
1.636712
1.341668
1.579672
1.519153
1.408897
1.699894
1.657851
1.682088
1.640065
1.588149
1.468499
1.621879
1.572196
1.741135
1.496513
1.634660
1.914375
1.660059
1.404241
1.924589
1.507714
1.518182
1.561535
1.411195
1.757955
2.031571
1.384663
1.645183
1.888944
1.707345
1.739007
1.460561
1.680269
1.740769
1.510615
1.569454
1.430312
1.382056
1.571957
1.865381
1.672133
2.036004
1.508036
1.912007
1.760950
1.429375
1.553242
1.673490
1.711151
1.396128
1.758086
1.855775
1.615303
1.877718
1.840119
1.664390
1.584471
1.475922
1.511950
1.712550
1.795760
1.818803
1.612559
1.492360
1.586677
2.037268
1.852026
1.635804
1.535769
1.561748
1.833702
1.555653
1.693570
1.376488
1.353432
1.711364
1.630274
1.709213
1.551370
1.992155
1.658380
1.648219
1.778496
1.783149
1.731291
1.975624
1.932112
1.836117
1.702320
2.026690
1.754967
1.586675
1.759132
1.725640
1.629489
1.529478
1.506325
1.306926
1.883228
1.598519
1.505435
1.635165
1.682614
1.714038
1.585341
1.609391
1.759582
1.619317
1.733072
1.576634
1.466199
1.637349
1.273765
1.495862
1.515462
1.654455
1.605773
1.760696
1.402577
1.833563
1.717219
1.794852
1.572634
1.997954
1.559132
2.029973
1.532278
1.695355
1.410907
1.855768
1.401183
1.678949
1.724851
1.551810
2.067005
1.712707
1.445904
1.580825
1.835389
1.493600
2.016033
1.682893
1.610648
1.584945
1.634412
1.479017
1.925956
1.431551
1.758042
1.825970
1.697833
1.553860
1.476529
1.703951
1.726577
1.437155
1.585972
1.508126
1.656404
1.931142
1.478824
2.113942
1.416981
1.400103
1.664206
1.586506
1.835943
1.567519
1.759669
1.542004
1.535206
1.433637
1.779691
2.067213
1.325422
1.894411
1.438435
1.557089
1.933917
1.407878
1.736806
1.786499
1.722935
1.878285
1.427506
1.701083
1.762982
1.781568
1.633566
1.424679
1.626990
1.896590
1.549712
1.866106
1.432049
1.459866
1.696450
1.397993
1.586409
1.586158
1.387432
1.653542
1.714219
1.416614
1.928879
1.645100
1.626951
1.637397
1.359743
1.669427
1.606501
1.623965
2.085976
1.527602
1.533565
1.931533
1.548470
1.628898
1.597520
1.521696
1.701029
1.539696
1.884670
1.738831
1.669149
1.728206
1.824325
1.751250
1.697360
1.580895
1.770172
1.657441
1.542043
1.674712
1.732059
1.447891
1.729401
1.549796
1.757032
1.376807
1.767011
1.329439
1.854490
1.515570
1.512821
1.502089
1.963139
1.773852
1.740400
1.594740
1.684719
1.410550
1.385224
1.668565
1.522331
1.556323
1.798409
1.445706
1.670716
1.456352
1.472972
1.376528
1.805454
