1.708013
1.405967
1.544754
1.582628
1.640080
1.685480
1.582166
1.889786
1.764070
1.875612
1.599903
1.668238
1.639826
1.605013
1.561255
1.774857
1.407986
1.515835
1.582886
1.637768
1.687156
1.638586
1.698519
1.557214
1.752335
1.556245
1.831033
1.696065
1.539679
1.408754
1.557784
1.665925
1.666817
1.628564
1.798196
1.453703
1.863410
1.472077
1.914716
1.850132
1.663149
1.487703
1.606276
1.639125
1.630301
1.604998
1.603290
1.392488
1.850941
1.524600
1.717430
1.629162
1.443679
1.823916
1.620340
1.593035
1.574219
1.591291
1.440957
1.536878
1.600638
1.679162
1.626664
1.523393
1.634181
1.622167
1.393090
1.681381
1.654898
1.502345
1.468359
1.678588
1.733329
1.648634
1.664085
1.659152
1.521212
1.877331
1.678157
1.840920
1.930868
2.209357
1.536011
1.591117
1.629102
1.438199
1.652049
1.551904
1.626786
1.733454
1.614504
1.623274
1.600010
1.774244
1.519065
1.871639
1.733092
1.726496
1.928813
1.692033
1.772725
1.721571
1.760685
1.542163
1.469431
1.554056
1.603657
1.873617
1.589611
1.807427
1.546963
1.726576
1.521152
1.931118
1.428390
1.639015
1.942811
1.681534
1.750489
1.372556
1.547734
1.612388
1.700616
1.626892
1.734399
1.621296
1.767799
1.760066
1.558423
1.412928
1.634113
1.512513
1.610233
1.681059
1.733678
1.630483
1.630486
1.549881
1.627274
1.660765
1.486386
1.530262
1.610672
1.715672
1.674817
1.535015
1.852192
1.577105
1.715494
1.647689
1.600874
1.702816
1.547880
1.896770
1.762552
1.720566
1.734936
1.542250
1.529867
1.767168
1.733817
1.839784
1.682281
1.770008
1.691381
1.560607
1.494909
1.767305
1.592220
1.623850
1.555372
1.593406
1.408088
1.504628
1.551875
1.586509
1.680854
1.769018
1.661759
1.820319
1.639423
1.627747
1.522940
1.890354
1.572392
1.707215
1.565869
1.476642
1.703701
1.524979
1.635240
1.569385
1.653867
1.786797
1.542304
1.364337
1.675088
1.741520
1.590734
1.837725
1.697760
1.581720
1.675521
1.595284
1.488555
1.596922
1.695444
1.574645
1.715812
1.788676
1.610890
1.922738
1.696052
1.564056
1.728725
1.821132
1.619033
1.634808
1.716007
1.517515
1.747106
1.773663
1.745552
1.713593
1.692414
1.756423
1.539183
1.489569
1.931765
1.943647
1.661552
1.651535
1.595123
1.524863
1.568822
1.476845
1.533877
1.622903
1.708979
1.538093
1.471154
1.666104
1.680547
1.736419
1.668787
1.691876
1.790010
1.437132
1.579343
1.653696
1.656927
1.685899
1.726494
1.614755
1.691520
1.771973
1.557915
1.686620
1.479847
1.950410
1.904385
1.643422
1.621002
1.688920
1.697979
1.562567
1.801939
1.584916
1.542433
1.551257
1.630610
1.767679
1.804858
1.547677
1.563202
1.378961
1.768349
1.499066
1.888390
1.827094
1.811639
1.744670
1.546547
1.532390
1.682421
1.723938
1.574360
1.658539
1.551206
1.851309
1.608742
1.666332
1.560136
1.837151
1.850765
1.462230
1.618628
1.507286
1.580136
1.912594
1.656793
1.567612
1.706642
1.850307
1.664653
1.562767
1.906095
1.652000
1.704516
1.743166
1.627480
1.588650
1.698788
1.569120
1.462910
1.488993
1.630585
1.525372
1.606149
1.524624
1.647669
1.727436
1.610089
1.599942
1.542336
1.514318
1.669897
1.834035
1.614409
1.447278
1.762049
1.596465
1.535700
1.883071
1.785441
1.645076
1.682663
1.471591
1.430013
1.894428
1.485314
1.512813
1.699505
1.685929
1.671326
1.711797
1.683395
1.574121
1.457651
1.581293
1.703448
1.759002
1.635983
1.810267
1.570936
1.999554
1.566819
1.746607
1.585288
1.668971
1.517907
1.760336
1.737390
1.683286
1.511383
1.626544
1.500875
1.880042
1.496754
1.651880
1.705240
1.612534
1.505401
1.585592
1.828252
1.662930
1.521881
1.348258
1.596542
1.565707
1.778475
1.691688
1.663016
1.619294
1.600535
1.648518
1.583891
1.580318
1.591296
1.636979
1.679719
1.749411
1.636493
1.991112
1.681934
1.717713
1.523094
1.634694
1.487391
1.777282
1.863206
1.621592
1.658422
1.359459
1.729003
1.732180
1.855969
1.469535
1.635481
1.846340
1.764456
1.732378
1.772581
1.782052
1.388500
1.526299
1.486173
1.841337
1.896238
1.875488
1.787323
1.516508
1.439227
1.555156
1.645556
1.509135
1.676558
1.558590
1.673531
1.646959
1.566441
1.900300
1.786526
1.723479
1.517019
1.631886
1.875908
1.694144
1.785044
1.585374
1.690398
1.670881
1.618421
1.679600
1.704761
1.813064
1.874347
1.499607
1.497053
1.865976
1.618971
1.414099
1.828592
1.344583
1.628239
1.683339
1.687259
1.511515
1.656980
1.641438
1.518096
1.770173
1.700461
1.509594
1.518527
1.498203
1.538335
1.495288
1.763293
1.549713
1.543698
1.459789
1.708700
1.681641
1.503668
1.535258
1.616600
1.707648
1.663596
1.795971
1.699152
1.792359
1.474819
1.732811
1.748865
1.664835
1.633799
1.634068
1.634325
1.617323
1.578447
1.531726
1.452524
1.511384
1.537185
1.567159
1.483173
1.560788
1.675307
1.906825
1.485552
1.687303
1.564117
1.561014
1.727996
1.689688
1.712464
1.750996
1.642555
1.785597
1.649143
1.379318
1.433471
1.449859
1.704942
1.761723
1.696453
1.700305
1.684716
1.575257
1.657230
1.656301
1.775964
1.716324
1.571602
1.560259
1.552328
1.585469
1.532656
1.654803
1.620860
1.523072
1.645205
1.603450
1.744183
1.514504
1.546417
1.677585
1.743515
1.610314
1.544919
1.480783
1.646629
1.515328
1.603244
1.594388
1.460081
1.719321
1.652005
1.565349
1.761220
1.583395
1.527590
1.541028
1.579528
1.703046
1.562690
1.512552
1.621631
1.727049
1.560333
1.338364
1.767095
2.050005
1.669544
1.500502
1.753659
1.464055
1.618584
1.815893
1.543346
1.530034
1.601070
1.521283
1.677574
1.755778
1.606307
1.523465
1.639514
1.827603
1.615077
1.487415
1.739412
1.626015
1.513431
1.662687
1.709979
1.531889
1.630910
1.554254
1.755007
1.587334
1.726839
1.556939
1.816806
1.521908
1.607690
1.775944
1.914901
1.739308
1.497518
1.545184
1.641142
1.787077
1.673620
1.572227
1.594371
1.771410
1.697588
1.525663
1.671230
1.590643
1.591405
1.824399
1.556188
1.552194
1.476049
1.887888
1.761077
1.568783
1.596410
1.425615
1.599843
1.649903
1.430454
1.646991
1.616991
1.424921
1.511605
1.451389
1.598781
1.683529
1.659524
1.715507
1.424479
1.546243
1.896239
1.877486
1.588904
1.721491
1.618461
1.835545
1.457590
1.558476
1.556645
1.824838
1.593836
1.608592
1.641287
1.573108
1.543440
1.523929
1.788795
1.680280
1.903005
1.662782
1.531958
1.393300
1.631916
1.708828
1.705122
1.496329
1.472054
1.691675
1.794500
1.809300
1.617992
1.676157
1.736217
1.867495
1.711113
1.552747
1.670726
1.511424
1.597277
1.768296
1.631628
1.733635
1.751653
1.686522
1.663491
1.609481
1.567444
1.472927
1.507628
1.548889
1.507718
1.543351
1.434877
1.608009
1.617228
1.566492
1.569336
1.746660
1.663471
1.454694
1.666243
1.734398
1.649449
1.483184
1.897519
1.768619
1.600169
1.623984
1.634664
1.979653
1.690342
1.649613
1.659334
1.660510
2.069080
1.658793
1.724026
1.697457
1.824052
1.850931
1.816603
1.650983
1.619381
1.546529
1.746948
1.553126
1.631050
1.634141
1.853125
1.700344
1.486377
1.777158
1.598491
1.438376
1.793149
1.629841
1.586862
1.489142
1.518019
1.383117
1.794319
1.829620
1.783031
1.507887
1.690109
1.854755
1.737447
1.645269
1.445451
1.637407
1.598923
1.343737
1.719911
1.706104
1.852528
1.698137
1.724635
1.512799
1.889674
1.549344
1.732146
1.583511
1.860758
1.656386
1.432621
1.645044
1.604215
1.586096
1.562956
1.796342
1.615889
1.568659
1.753436
1.393570
1.651044
1.582339
1.546606
1.649764
1.679060
1.776973
1.609045
1.652327
1.783106
1.626418
1.556776
1.642436
1.580771
1.659219
1.554296
1.631063
1.615616
1.565883
1.744529
1.713244
1.464361
1.700989
1.616607
1.554872
1.483236
1.691792
1.673964
1.555089
1.494881
1.511246
1.582380
1.622676
1.660517
1.666977
1.637563
1.713577
1.605209
1.585878
1.538263
1.747901
1.684725
1.699607
1.619028
1.630685
1.575855
1.837059
1.644448
1.656340
1.752235
1.489789
1.616032
1.585550
1.557021
1.526178
1.576394
1.619604
1.613142
1.694236
1.699173
1.562355
1.551610
1.649432
1.796104
1.597550
1.553619
1.617575
1.570793
1.573215
1.623513
1.804136
1.673603
1.737631
1.700392
1.660788
1.641557
1.522980
1.580052
1.801812
1.637054
1.606931
1.443735
1.663112
1.770231
1.631857
1.652437
1.825305
1.523567
1.598650
1.704324
1.536771
1.704175
1.622529
1.573094
1.481575
1.507965
1.726982
1.616680
1.542053
1.660845
2.041395
1.665598
1.811286
1.663791
1.651283
1.705608
1.553643
1.696077
1.365706
1.686292
1.785933
1.728551
1.468638
1.717181
1.594102
1.695335
1.668480
1.580379
1.518479
1.394465
1.705591
1.543555
1.431696
1.569266
1.580090
1.736116
1.603912
1.645672
1.483963
1.685787
1.707516
1.643329
1.524523
1.585498
1.456618
1.605761
1.688088
1.587819
1.495331
1.790767
1.802858
1.524146
1.651475
1.676775
1.346734
1.687926
1.793999
1.545512
1.434827
1.661719
1.676928
1.517263
1.518381
1.707183
1.547148
1.692846
1.487184
1.582695
1.572293
1.755600
1.477449
1.649693
1.651676
1.722592
1.603619
1.659625
1.587800
1.807197
1.694930
1.509037
1.879766
1.642252
1.809389
1.553201
1.561049
1.893051
1.841827
1.690062
1.786721
1.626038
1.827156
1.449410
1.855054
1.651735
1.808482
1.759406
1.527311
1.585235
1.632867
1.782386
1.596172
1.484334
1.835468
1.629559
1.681104
1.604748
1.631665
1.645975
1.372824
1.507918
1.613308
1.751103
1.639622
1.550640
1.496478
1.671979
1.799742
1.641180
1.772303
1.790250
1.605994
1.596397
1.531783
1.875331
1.598352
1.870227
1.547843
1.840883
1.618985
1.599881
1.639102
1.711623
1.873398
1.439590
1.656125
1.581940
1.576880
1.438574
1.699901
1.840421
1.589164
