10.823059
12.619713
9.143376
9.243201
4.037219
7.189468
8.516280
6.867144
8.644094
7.404633
8.021899
7.687179
8.708525
6.534786
15.011647
9.648052
12.018857
10.642411
8.257086
14.535762
9.115312
6.579915
9.684905
9.071269
5.824174
4.145189
14.070880
9.362535
8.261064
7.272755
5.566595
9.529260
8.369354
11.332063
10.534209
12.212495
5.774433
4.369928
5.399221
13.224556
8.678077
12.071677
13.485846
10.491656
5.449875
5.846015
9.287447
15.046171
10.784494
7.077103
3.814164
7.563331
7.161296
7.316084
8.865858
7.506586
13.844713
8.342430
10.783867
12.259555
5.725669
8.382869
9.930909
14.074587
13.292042
4.918752
8.230339
7.374614
8.162766
5.763595
3.694947
19.765657
12.173279
10.902517
5.143262
4.913825
4.462772
8.537544
13.143551
7.370143
10.169090
8.714222
6.163617
6.896328
8.986362
8.336543
9.175995
6.835554
3.853204
5.034457
8.044558
7.932666
13.599716
4.440015
4.799856
7.048125
11.187538
16.321902
13.902251
8.549074
10.949451
6.605029
8.356852
7.811922
8.978961
10.078253
11.267736
5.330213
13.702989
15.153515
5.734799
8.843741
10.320140
4.887272
8.162779
9.357839
8.307576
9.339420
11.220457
14.442845
9.853958
7.903234
6.788360
15.909224
4.344746
7.903437
7.815862
7.656575
7.513483
11.616698
9.660419
7.447181
13.133275
7.912530
7.797275
12.375835
7.214006
9.829634
10.137101
14.538251
10.441720
8.742661
7.475433
6.475100
6.970849
10.574154
8.643939
12.909522
5.076396
3.998679
6.431368
4.282434
12.677576
11.835410
8.303038
10.909284
6.315845
9.588556
9.725932
6.549921
8.141303
7.608883
9.513504
6.088590
5.482138
6.247985
14.516881
8.079274
5.899662
13.665778
7.131625
8.200387
13.575189
10.396390
7.033651
13.302384
5.549732
9.252161
10.046561
5.685649
15.091548
9.093656
6.148019
8.934519
10.981990
6.264386
7.942654
7.756023
11.213951
11.218193
11.450630
7.564231
4.192584
16.706367
9.908150
12.129375
5.765961
6.877058
4.143845
5.539061
5.379925
5.448979
4.787601
8.668534
4.859408
8.946552
8.645763
5.204316
8.643874
6.278716
7.143737
6.792992
7.387996
11.602054
10.966353
14.402815
10.094977
7.263799
6.723254
5.535729
7.001353
10.457049
8.589888
10.351532
11.154660
8.542873
7.261723
8.905176
14.491723
7.228259
9.102795
8.607301
7.412943
12.132124
8.094830
5.437804
4.637179
9.178238
11.755462
8.155486
9.141971
7.652184
7.623353
6.119062
9.160028
22.176924
12.414207
6.888220
7.369540
9.940545
7.434139
7.624458
12.267739
5.406908
8.303623
8.699198
10.257787
7.046557
7.570437
9.853053
3.841591
7.062626
6.301350
9.323547
8.334785
10.131067
5.627360
9.777910
6.688811
13.107069
3.651545
15.991063
8.038529
14.164831
5.712417
15.810926
6.086144
9.013539
6.378388
6.569612
8.245082
8.330381
5.847428
5.822889
11.460338
7.074106
6.758270
4.581369
12.471302
4.680817
12.513708
14.129202
7.682849
9.889644
4.815152
6.433170
4.618207
8.184437
5.270960
5.480668
6.710174
10.215949
8.965660
9.692495
6.929292
10.170020
5.967429
9.744463
7.628661
6.462910
5.332579
5.325748
15.015700
7.296904
6.160903
6.835896
5.911807
8.216071
6.397383
5.834741
7.292933
7.597160
19.249455
5.808894
5.718813
8.387114
9.926335
8.842985
7.804524
8.234169
7.837440
9.653856
6.859242
8.945218
11.185535
6.885744
6.436610
6.727758
12.873003
10.405724
13.550026
16.283342
6.181113
10.371723
12.466860
5.272981
11.078644
8.416770
9.620338
9.247207
7.004079
6.951701
5.262805
10.111545
5.231639
13.481194
23.017315
7.650623
10.627381
5.615554
14.229379
5.083871
9.034665
7.985584
12.830669
10.032894
7.639833
13.825457
7.059750
5.683965
8.159976
16.623218
7.142662
10.404820
7.738173
9.580101
5.685688
6.288474
10.731877
10.873865
7.279411
9.131224
7.743380
8.652144
9.280989
6.198181
8.249880
7.087769
9.739692
6.461149
11.477756
8.149134
6.157274
10.399586
4.887173
8.393720
5.804547
5.490728
7.814811
5.077901
6.315786
6.966787
6.844652
15.693376
8.598912
11.633916
7.723244
4.307583
9.047284
6.590790
3.740977
8.890945
4.442011
9.354011
6.570697
14.603002
5.073486
6.632997
5.059632
14.791277
5.329013
10.952255
8.821237
10.193756
9.468763
9.496197
16.304181
6.355526
7.443304
5.168305
10.973690
4.959493
5.809789
9.430756
4.505721
12.011405
5.717540
4.869000
5.698093
9.389728
8.058866
10.679890
5.044970
6.011078
5.439880
4.230971
7.356582
6.078878
7.408920
4.467869
10.770798
13.084819
5.885415
6.859548
11.743821
4.677770
8.437290
7.057480
10.724662
11.911959
6.981500
9.985236
6.804424
13.527870
12.753913
3.594037
10.582952
4.884102
12.709560
6.045379
5.092257
11.837739
6.975663
4.743372
8.688363
7.335948
4.430427
9.150500
10.877016
6.920821
6.970530
7.074514
15.925031
10.956553
6.443824
9.620980
6.100694
7.118573
3.583782
9.228856
5.407181
8.707858
9.277464
9.695331
17.169863
5.866627
8.612016
6.820164
7.031510
9.930444
10.153139
8.601570
9.442689
18.668640
13.248659
8.518351
5.879129
6.635162
12.241365
8.326051
9.103487
5.327212
7.940811
5.659928
11.423316
7.309041
5.064656
10.868369
12.646368
6.976380
6.065323
4.807041
11.264063
9.317812
6.952646
6.755010
7.945670
12.962046
9.662271
4.370283
10.870654
9.955837
6.499211
13.698351
10.861525
12.273987
7.126133
7.288529
6.729263
8.451763
16.042709
5.801843
6.812961
4.661241
9.936445
10.094474
10.792719
10.339926
4.347829
3.041519
7.059556
6.964138
6.811971
9.168850
11.855517
11.162449
7.772775
8.601064
7.289074
4.742388
10.703989
8.672445
5.327299
7.812825
6.197036
7.932228
6.050597
14.871700
5.314932
5.302850
8.908461
9.157918
8.272565
12.927551
10.643414
9.649300
8.782925
5.410157
10.059747
6.311124
5.292578
11.237087
8.083413
9.339123
11.383632
4.261656
19.899744
11.624559
10.836553
9.514888
7.431954
7.049461
5.561867
11.487980
4.058226
10.643441
5.425743
10.375279
13.862453
11.524903
7.410728
7.071689
10.975018
4.627524
6.264618
15.130243
4.010500
9.434757
10.689753
15.522895
7.132744
10.069756
6.506269
5.890303
7.013905
9.132741
14.254765
6.589780
5.549027
12.692943
6.234574
8.014240
12.814375
11.912771
3.663212
12.474381
5.863010
6.945883
10.851271
11.878237
8.977906
7.012200
5.399669
6.888203
17.748726
14.259391
6.473947
5.100600
7.230093
9.967441
8.427622
9.238542
12.406777
5.757633
8.331059
11.108437
13.167403
7.250217
8.025028
7.964222
13.034056
9.437105
8.353078
4.691817
9.863474
8.579987
5.509150
12.102637
5.017550
6.662190
7.348349
7.419617
5.528038
6.573056
13.857783
7.296845
4.476814
7.274751
7.016245
6.568519
6.915729
5.416681
6.398248
10.134324
6.994731
8.709039
6.848979
7.918962
10.115614
12.019838
13.318995
9.613167
8.411813
8.764511
5.982371
8.289383
7.285066
4.742341
11.541548
11.996928
8.192779
13.908653
12.627033
4.344812
11.687439
11.629266
7.113868
15.369745
5.173857
13.169697
9.626850
9.577409
10.916681
5.168639
10.715291
5.425234
11.153254
9.999396
7.560212
6.488208
5.393320
9.924802
12.021878
9.219675
6.285158
11.690009
4.529819
6.917830
5.613258
4.636536
8.816245
7.663670
9.464745
7.944386
7.929173
15.947956
10.445216
8.325491
8.842590
7.715496
4.909169
9.048530
6.244199
7.342393
12.715036
7.647104
16.442603
8.761048
11.905211
6.092634
7.981372
8.731226
5.197230
7.058535
7.532268
10.693202
8.135224
8.025826
5.675661
4.481888
8.554020
4.108811
5.055790
10.673985
8.140920
8.778291
4.077647
9.917842
3.375509
4.606320
7.377182
7.289919
8.072463
5.467684
5.402280
4.864465
5.024926
10.820028
16.414653
9.038982
5.531704
8.492732
8.782679
6.247592
6.667740
5.894155
5.587074
7.079446
17.153912
9.891447
10.851155
9.000626
8.294062
6.430152
8.123254
9.329433
4.504830
7.308811
15.922754
6.270214
5.230467
6.416332
6.639698
7.046835
9.708392
7.299077
12.687182
10.745202
6.148774
8.356477
9.185929
18.876965
11.076938
10.342564
9.672807
11.240988
14.149318
5.587389
10.764055
9.496054
8.727421
8.716701
9.945668
6.363408
14.275550
4.913984
9.126940
10.119482
8.975287
11.960102
7.759575
6.339723
6.846190
6.932452
6.648578
10.402424
9.145357
3.871003
13.413329
6.260247
6.610297
7.278441
21.199800
16.542581
7.270222
17.433380
11.145710
9.443467
7.441717
6.386836
10.480696
15.125007
11.556576
4.887987
7.579374
5.483514
7.523647
6.601119
11.190689
6.179062
8.472818
13.638428
15.140633
7.903287
12.586320
7.971605
12.903363
9.757502
8.158344
13.284125
9.006790
9.714006
6.580462
5.863885
6.204830
8.358517
8.338052
6.813729
11.026938
8.375284
7.220466
7.301491
6.138365
8.289226
8.754583
7.314623
13.463268
7.403565
7.080226
10.769263
7.270606
10.303561
7.297063
6.294428
16.178558
7.199463
6.554139
5.005658
6.953470
5.405821
10.124137
10.034347
12.327236
14.007548
7.894216
11.882113
5.386382
16.094705
7.217194
13.566831
11.065155
6.474118
6.074624
6.610148
7.244990
6.479670
10.723923
7.473870
10.011617
6.227117
13.954730
9.172597
5.652455
9.648040
6.853803
12.006600
9.809178
5.904055
14.072654
3.908501
5.094301
4.932702
9.510459
15.445096
10.823224
10.382433
6.987202
14.130247
7.921052
8.338790
6.083884
7.240177
9.530235
6.385731
5.494098
5.663094
5.881490
7.087552
8.243075
8.126809
13.815809
6.507928
5.809585
11.535210
6.793863
8.099746
4.598747
6.180975
4.877885
6.974052
7.914482
9.827440
12.069463
7.171005
11.745525
10.076856
10.447052
8.150325
15.148655
8.499560
5.619753
8.712598
8.858435
9.629813
5.163746
8.342822
6.683853
6.311898
14.408225
7.495433
4.860018
8.769562
3.667263
9.802420
12.177751
7.708988
10.263401
7.390646
16.280693
16.243607
6.026718
6.074858
8.757103
9.093058
9.077803
5.925742
6.061786
6.006080
8.910445
5.407070
5.936247
6.456788
6.399833
11.102683
4.765134
5.162794
11.659589
9.968651
8.964684
5.060824
