18.787088
21.702540
20.022833
17.897672
20.200686
18.279063
20.699406
19.128949
16.573431
17.953285
20.008952
17.407968
19.395299
17.284606
18.387804
20.439614
19.270257
19.538896
24.730067
17.214009
18.222100
18.535067
14.944558
17.250655
25.158763
15.694354
21.083730
18.503184
18.423191
19.797544
19.039239
17.003344
19.836755
18.775454
21.866144
21.401371
21.723341
19.095256
16.799252
17.083767
17.629695
22.155636
16.144788
16.838547
18.131064
18.425318
18.924193
16.663995
21.410604
18.946884
16.608019
20.197821
19.178789
17.233484
19.805253
15.894842
16.674288
18.017604
18.037006
18.098443
21.422566
15.804633
20.432923
17.552229
15.034201
18.445492
19.326496
19.028457
20.774409
19.440629
18.156350
20.145628
21.088038
21.741866
18.464222
17.747763
21.213233
16.209919
20.046932
19.075236
24.259102
17.578494
20.338368
20.901377
18.598951
19.828194
19.811299
18.927133
17.860497
18.585694
21.413668
24.174970
20.148155
23.414290
16.784686
19.369114
20.767320
20.175228
22.506715
21.910368
21.736136
21.812235
17.412518
18.192693
19.467943
15.682302
17.103515
18.131787
20.224327
16.223858
15.240531
17.101804
20.478398
18.325117
15.825788
23.521751
23.198122
19.484450
17.265573
22.154236
20.783890
18.811034
20.388452
14.803035
18.147169
18.559710
19.248276
18.584760
29.185354
24.404346
15.436386
23.598445
20.209701
18.013234
18.058911
17.040540
17.354565
20.523982
17.242880
17.547838
24.786549
17.733324
20.715583
21.160748
17.903117
17.502606
19.002695
20.045918
26.839765
19.702436
19.328024
22.328547
18.468813
19.495716
20.141534
19.627935
20.958306
20.821836
18.689917
16.591010
19.370118
19.282706
21.958937
20.272070
18.383050
23.910214
18.699277
21.060872
17.304925
18.676509
20.620890
18.309937
18.096003
18.672433
19.148409
17.642244
16.499596
20.774848
17.540999
19.289907
19.153586
17.117742
16.332172
17.078386
19.468109
19.640170
21.393865
18.114600
20.903686
16.344298
20.768691
17.643313
18.533041
26.475928
14.955969
18.921186
19.336669
21.741253
19.066275
20.050898
23.036718
20.541394
22.597312
14.095915
18.209150
21.199833
21.877779
18.605445
16.913275
18.730795
20.076279
21.275029
20.534367
14.799462
18.345178
15.567410
19.159575
22.691738
17.732710
16.825852
23.841946
18.373044
23.549641
19.442151
22.367710
18.888514
19.915463
19.275501
19.713543
17.148090
20.362764
22.736725
19.637013
17.300044
23.131709
22.301932
19.594222
19.017660
19.373797
17.906072
16.397838
24.521321
21.166093
18.065190
17.820341
18.603332
20.098813
19.940202
17.972363
19.056338
21.086992
23.470747
20.192283
19.071060
18.652545
17.089780
18.743551
20.850230
28.971379
15.806740
17.190895
15.164144
17.781157
21.040992
17.559701
16.674217
17.016617
19.554065
19.360328
21.781443
15.361132
19.882107
18.572934
19.823776
19.117013
18.459617
17.077174
19.561871
19.735501
19.148366
18.644915
20.081393
19.704540
18.546108
15.818957
17.944183
18.027996
18.604358
20.289204
27.126130
19.787594
20.815925
21.999462
19.815513
15.631797
16.424845
21.318286
23.481979
17.326669
16.416114
20.432071
20.639875
17.884142
20.821722
20.079952
18.291670
22.729414
21.437171
14.550544
16.019745
22.634473
21.783868
21.314551
20.499815
19.414451
20.565323
20.987123
18.558624
18.854189
21.909709
20.650656
19.231752
22.810944
20.825631
17.539684
20.309696
14.514979
19.060913
16.615663
19.088724
19.464814
21.324078
16.784137
15.473278
18.068780
17.615339
16.711782
20.844497
16.566019
20.333385
21.476684
18.979304
20.647888
17.095056
20.037425
21.851897
16.851067
22.102442
19.462903
20.455894
16.648132
16.617838
20.401674
16.870419
18.769173
17.514377
18.923689
18.616934
18.696687
21.124552
17.545426
18.325186
21.634175
18.942466
20.832250
20.753192
18.035087
19.072874
20.290569
17.010762
22.415506
22.282046
18.810989
21.497147
17.320072
17.730102
15.785773
20.628495
18.754763
18.121988
18.563148
16.187459
21.809220
18.164793
23.287679
18.735103
20.384557
18.264298
21.347869
22.865044
17.906767
17.426141
20.123061
17.458685
17.434975
22.152461
18.347184
17.979508
17.797972
25.866545
19.258673
21.188537
18.758755
17.161215
18.581783
19.917641
16.250119
18.522580
16.211487
17.699884
19.572430
18.872214
17.251155
18.764571
16.370651
17.185038
17.833510
19.005376
21.501056
15.815014
18.214517
22.229615
17.912854
19.042030
17.548899
18.272465
19.641471
18.284934
20.461785
18.405237
17.729496
14.812849
18.009580
25.649404
19.664942
17.615425
19.773231
18.243019
18.237047
17.201197
16.882163
16.220614
18.945545
25.380232
19.484077
21.213054
18.226717
17.466693
18.252034
20.545407
15.910743
15.784021
17.624549
18.293413
20.693313
18.128158
19.714559
17.831236
17.716470
18.533221
19.354356
18.631985
17.613633
22.418498
17.721052
18.401769
15.982922
18.745959
23.148815
20.640661
26.849038
20.496689
18.244257
17.148689
15.715174
18.378650
18.273477
16.224354
17.440767
17.496634
18.005336
15.089581
18.380119
17.761671
17.732719
19.040879
21.490312
23.397399
20.627933
20.175165
17.829923
17.600414
15.985691
15.822101
16.250445
15.235764
21.164619
16.838574
17.889327
20.166802
16.810001
16.046836
21.137205
17.925278
17.939213
21.794163
19.350946
14.777999
17.181454
18.270703
17.904479
20.981312
18.633375
17.269331
17.998215
22.757402
19.856338
22.033239
16.773851
17.928297
19.040376
18.254695
20.391279
19.369127
16.284646
16.346237
18.287800
19.818339
21.586328
17.550867
23.343716
20.238903
24.771987
20.587706
21.047597
17.525659
20.277786
17.016480
16.890851
19.470652
24.875196
15.873175
17.134323
16.886808
19.467204
19.781121
20.125137
22.899108
19.624628
18.219669
17.090104
22.582327
20.675895
16.073039
19.527539
16.963666
19.258341
20.842825
18.073371
19.643994
19.457911
18.461218
16.660733
16.751933
20.883180
22.054929
25.873064
19.748293
18.922995
18.386444
17.331937
18.387885
16.680695
19.545005
17.943808
21.449405
18.842195
19.043197
18.449111
16.564905
17.354452
18.103277
22.306025
17.143577
16.009236
16.069528
16.794910
17.060842
17.510012
20.280916
17.614979
20.368215
18.878940
18.251393
20.314355
21.241464
22.858104
20.478475
19.470154
17.805784
20.562892
22.813939
16.268004
17.237366
17.159712
21.144851
18.299138
20.671468
18.329634
15.729042
17.605554
18.022494
19.656739
18.654906
22.395215
23.469968
18.201536
18.981853
16.017763
20.296350
21.165013
18.665795
16.638791
19.504674
20.520308
21.826457
19.345316
20.645164
22.025397
23.791503
18.171495
19.782456
19.011382
21.890979
17.761106
21.281699
19.338949
17.587510
21.096304
20.046189
17.520355
17.505759
25.993477
16.191225
21.384108
21.680223
20.628066
17.390156
18.989557
16.792153
22.221401
17.694983
19.953279
20.794259
18.784793
24.976225
18.566009
17.387190
21.948648
21.906812
17.029140
15.912053
21.751474
18.158584
19.243150
22.263060
15.720783
19.180540
19.291622
19.462218
21.456448
19.258558
19.332434
18.894334
18.470824
20.400731
20.320816
18.455333
19.434748
20.345672
22.663539
20.114373
19.592442
17.962706
15.022856
20.632436
21.993528
21.470401
16.577265
17.841589
24.853171
22.134345
17.309507
21.056060
18.345101
15.979545
21.108676
16.957477
14.967432
19.602904
26.073705
16.576006
19.343612
19.669471
18.925479
18.840585
21.901447
18.564933
19.448523
16.538408
19.434208
17.117629
16.818724
15.419327
16.444968
15.777685
16.033528
17.421942
18.571392
20.450808
18.624070
19.767435
25.129878
21.226017
17.393394
19.603845
36.608693
19.931514
19.102401
18.584854
25.697717
19.419561
20.427427
20.058677
19.917034
19.987376
20.658182
19.626880
19.894876
24.511357
19.532940
19.239716
20.469854
18.327287
18.657168
16.903190
19.064261
19.476233
17.438069
24.840432
15.915012
20.524909
21.074831
18.798744
18.570527
26.546671
20.055248
19.379476
18.315638
19.289217
20.704240
20.796755
21.720918
16.539741
17.296009
18.003654
15.728135
24.858903
18.855177
20.090146
18.443521
18.879956
20.673429
20.654035
20.732846
20.576488
20.558232
19.060051
23.050693
17.585730
19.300452
18.385054
20.406976
19.327016
16.174007
21.136050
21.790499
22.552385
23.128010
16.136346
18.467470
18.272650
19.301478
18.985987
19.258774
22.960522
18.541962
19.233188
19.635313
19.817869
17.224955
16.495447
19.042369
16.748008
16.424097
19.336053
19.590493
17.510919
23.383837
16.291820
17.597273
17.343741
17.996201
14.992487
23.485072
20.473536
18.908063
22.482913
21.549456
17.562506
19.240029
18.592178
19.421921
20.988412
16.200375
18.734332
19.401033
17.834059
23.033085
21.280784
25.148112
22.092234
21.157472
19.961291
18.510797
16.746474
18.676699
20.890624
17.874544
23.408726
20.213428
17.656842
19.572955
17.695962
21.430869
16.075864
16.831888
16.276731
17.354242
20.082514
18.255777
20.181489
15.168243
25.743122
20.814301
24.746955
17.256894
26.339315
20.137476
17.024891
21.154709
17.284823
20.457832
22.463648
17.550068
21.672604
18.789552
20.405865
17.886598
19.324004
20.473866
18.750661
20.673400
18.235264
19.349459
19.859230
18.645588
16.174670
20.196291
20.599116
19.465320
20.262680
22.184822
19.027554
19.854391
18.831933
18.794215
21.073895
19.622770
21.483596
20.768469
21.024524
21.796598
19.948548
21.426976
20.684556
15.229421
17.921885
20.728487
21.050707
16.254115
17.012563
18.995433
17.809457
15.556615
18.253540
17.408586
17.557145
23.011222
24.407140
17.567349
16.350193
21.149234
19.572890
15.987859
16.842947
18.100597
15.609563
17.662009
21.621819
16.609251
21.770990
16.857488
16.713844
16.367360
18.299036
15.979361
16.505052
18.760138
18.624655
17.978301
17.748228
18.132781
20.063752
17.531129
18.760407
17.919734
20.502183
19.208745
18.929189
19.155823
16.592852
18.385180
19.069342
20.485121
16.846306
19.529629
22.956336
19.540086
19.236012
16.829824
18.825143
18.088556
20.926962
20.745551
21.275297
25.044231
18.043610
17.039724
21.517592
16.447925
18.678068
22.656964
19.370272
14.765788
20.840948
18.791753
21.211856
24.279808
19.161483
18.403957
15.307441
17.116085
14.916762
19.529575
18.279072
17.829196
18.937006
20.124434
18.848689
19.566055
16.427095
19.279558
18.282840
15.058162
17.799537
23.991708
19.235676
18.267727
22.429825
21.096772
22.656903
18.125643
18.681469
16.765982
20.499570
20.928216
20.926965
19.966114
18.956797
