24.650125
14.679233
20.234923
16.584535
16.396881
17.961355
19.514967
33.076589
14.382002
12.778552
13.142617
18.131446
25.562699
17.836211
22.615133
13.674206
17.906704
23.844700
20.869207
18.717694
17.823201
18.363767
24.803944
15.721478
16.647192
13.409852
16.908721
22.163004
20.308239
14.586854
11.508474
13.344009
25.639886
12.919797
28.084570
18.031015
20.923537
14.855833
14.278389
19.351728
10.263083
25.310926
11.954023
18.603780
16.319607
11.556853
14.214656
31.843788
13.869270
15.422188
12.135513
20.975055
14.177129
12.001003
14.137775
18.262269
23.277087
13.958093
17.861158
15.316361
14.154726
14.905013
11.154423
18.073957
17.592520
14.108953
13.873043
12.209777
17.482708
21.793390
13.152697
19.411539
11.769469
16.946813
26.727812
17.815927
15.989637
26.364256
14.608602
13.243573
12.717797
13.335180
15.107977
16.258767
17.809137
14.595118
19.417100
15.140485
13.999974
12.077464
33.610650
20.952993
26.029946
24.178977
28.022644
19.394908
14.339475
22.585612
16.572151
14.472265
16.490005
22.496784
13.623303
24.852934
22.370913
15.527630
14.682389
17.511862
15.949949
27.246240
16.663934
22.700633
15.303796
14.847888
13.885941
14.679120
15.589113
13.123072
24.409391
17.900231
19.128148
15.293695
10.005196
15.133654
17.238239
18.618379
18.157892
14.833119
17.784102
13.870054
20.115304
19.399145
27.928761
14.936147
11.742943
18.595546
19.065138
18.350659
18.218642
22.013684
12.981209
19.142754
12.124005
16.425077
18.266462
17.664537
16.709013
16.517778
13.096279
20.199924
17.202710
14.449647
13.107456
13.485061
15.496765
14.229845
17.693933
25.106779
16.476353
14.611444
18.014083
15.829582
19.522259
18.915963
15.059703
10.544129
13.479298
29.521200
12.120403
18.319920
12.492558
17.069551
22.872223
12.594034
17.736782
13.133002
31.243907
13.129847
15.936379
24.161242
16.855419
16.010050
23.182682
19.355887
13.230053
20.647835
10.146508
23.887838
15.548242
13.620144
10.155669
28.020228
11.764565
17.452879
21.666178
24.031779
13.000509
17.817965
11.019014
19.491325
12.049985
16.621756
22.640012
18.445233
18.944859
12.824001
13.009533
13.086258
11.152076
16.397811
16.806707
20.578695
19.955964
19.081046
15.751770
11.246080
18.337414
14.634132
32.594777
13.381918
14.335074
14.582711
13.241676
12.717500
26.078971
13.021414
14.984713
23.220456
22.734905
20.077701
18.346240
21.674503
12.907909
19.351401
17.241619
21.047654
15.716798
19.670049
15.539420
15.536387
11.375155
31.090381
11.625170
21.705546
15.544037
19.803386
16.008291
20.246158
13.498978
14.019791
16.245689
16.741665
14.991131
13.080565
14.220577
16.544495
18.456006
16.478406
29.117088
16.184163
16.818301
22.645342
12.440682
15.140197
17.488747
16.309882
17.877120
12.613001
13.815882
15.420908
11.444166
15.170650
17.686059
16.822626
14.890187
17.353033
19.800607
15.591531
13.504531
28.153115
16.631392
17.159883
13.605131
15.368722
23.401326
15.329267
22.773908
22.873739
13.157129
14.792500
11.322573
11.332711
22.951278
15.523059
18.929731
12.266074
18.746705
16.127638
13.373873
13.016760
17.263668
18.078902
20.022223
13.512690
16.530320
13.502455
15.452410
15.289980
15.765624
27.567319
17.226990
15.201413
10.993813
15.796492
13.201036
19.781164
16.836960
14.949291
14.282898
12.409256
12.163831
17.616909
20.658721
11.188602
15.408290
19.271116
24.147707
14.444275
14.817350
14.436647
15.882543
20.529252
17.656407
16.541932
22.469080
14.524129
27.429526
13.931259
13.580906
12.187388
14.840492
19.588041
17.877016
17.226910
34.092761
15.399516
14.157674
11.234978
19.417981
20.895294
12.122597
16.985691
14.903759
22.665814
13.555905
17.667468
20.220200
20.658233
13.444214
24.017509
15.643709
14.863049
15.687817
14.275500
20.950846
16.873399
17.592119
28.641967
14.171586
23.352798
14.623743
19.049676
12.414275
13.232649
16.307269
11.784451
11.247166
15.801002
17.341117
11.438629
21.291965
22.314918
19.405565
18.652612
20.571469
24.472400
18.770224
21.341847
17.622239
16.927822
14.193145
13.555244
15.991378
24.686005
17.130357
24.682996
13.788978
22.708778
12.828927
17.527525
16.675115
14.456259
24.735418
17.110220
22.301345
12.987287
24.880534
13.091029
17.193164
18.691526
12.485349
14.602106
12.758287
34.168662
17.376418
15.151083
17.049893
13.917113
18.855048
12.151184
10.792031
16.552167
19.949986
13.534879
22.948084
12.179428
21.940116
17.008841
16.841180
23.630460
19.123372
13.840582
17.409151
18.868279
18.459513
16.733036
19.168078
14.599270
19.413633
15.492626
13.580896
13.480520
18.818522
13.384586
27.025362
15.498183
16.173801
17.124491
23.037242
15.572524
15.223102
18.302123
17.750436
14.434266
14.036985
15.081886
16.958441
14.559232
14.455664
15.298818
14.487684
14.132336
21.437024
14.205202
13.902793
21.682750
12.308411
21.796779
18.205329
17.526255
20.223560
14.709955
27.846962
19.011079
12.294001
15.051585
18.775080
18.891910
15.545512
16.169924
14.057808
16.053603
16.794874
14.916371
15.878214
14.013484
19.339173
21.894025
21.997807
15.907313
15.163025
15.668737
11.765479
17.765532
19.177990
14.400275
17.094153
11.784825
23.318608
16.538369
18.467485
12.141921
14.862716
17.628766
16.737563
24.636738
23.317141
11.316194
13.088970
23.774255
23.417422
13.571521
11.926776
17.411596
14.281169
14.683458
17.882691
15.690855
15.070719
15.240143
11.846361
16.328537
21.484122
17.168150
11.934079
15.678055
18.787744
20.249238
21.890139
12.776376
17.452838
16.152300
19.335859
14.403475
23.328232
22.792265
22.055478
21.234011
17.636377
15.196105
21.297133
18.423712
28.693908
21.483790
14.080336
17.917438
19.025360
19.762464
22.125779
14.557654
16.474119
20.547447
24.042339
10.293378
20.560499
13.612830
21.821977
14.164574
23.365568
16.651723
11.905459
17.655679
16.433694
17.078675
20.545679
12.886404
18.897560
14.861937
13.624397
13.842247
19.850992
14.239142
29.157570
18.487566
17.770376
13.073887
20.058580
11.993379
15.295843
17.479541
18.569887
13.033907
15.610692
21.102028
24.971498
16.884746
17.006962
16.717294
14.761794
15.291315
11.772020
13.583402
16.776366
18.104167
16.029320
35.782195
12.401234
16.959702
14.943019
16.002822
18.833583
11.388355
22.647622
15.703258
13.771907
14.052409
13.144457
17.159897
13.695644
12.965686
13.450208
23.287398
28.078007
20.537588
15.008503
11.671057
25.017352
17.632370
20.072170
14.102967
13.905179
14.475713
26.977115
17.190867
12.917634
14.650549
16.933569
17.816651
19.534501
16.330139
23.337910
20.134450
29.445490
26.294909
26.337230
20.849538
15.478467
15.880639
32.583616
19.769152
15.437249
20.434299
17.065039
19.541360
28.592453
22.218737
14.770553
21.529392
15.332887
13.334340
13.862599
16.145163
18.653625
13.314466
13.779593
16.768473
11.920972
12.007647
15.441292
17.110021
20.380431
16.115806
16.675206
16.434849
15.929845
16.661453
21.463313
23.582860
24.577056
16.529348
13.053199
12.695320
17.355749
20.082569
14.392969
17.744518
16.059497
11.363182
16.513142
20.173374
28.415632
16.491369
13.624117
17.207539
16.511194
16.453799
14.013479
18.319455
19.740011
12.565822
15.921835
11.916161
15.064879
21.581581
16.319955
23.226139
14.884481
11.651169
15.775532
13.018830
17.079544
23.099711
32.514264
26.095895
15.999984
15.293792
20.201691
13.439939
13.545327
17.150212
18.219856
15.753405
19.289419
14.810478
17.027941
16.029106
15.063918
11.984354
18.116607
10.775640
14.005892
22.649166
12.828586
15.330562
11.670219
12.869643
13.633606
17.979540
16.594591
19.034490
18.131701
15.848205
14.771159
13.742316
31.461228
13.290284
13.365783
17.840131
10.646062
15.983273
18.197443
18.915751
16.890393
20.600701
21.001045
18.438711
21.526087
16.639170
14.379575
13.862241
17.157050
28.527511
23.157974
17.201616
15.916780
20.279052
15.834361
16.109712
15.554901
17.486135
17.734891
16.634094
13.119001
16.302766
18.099816
25.382485
25.921628
13.658352
16.010779
17.352169
22.162775
15.915290
14.245993
14.791666
16.313425
16.518818
17.117974
24.136317
27.123885
23.479280
15.619628
15.010291
16.249073
19.544117
17.315473
15.855240
16.148103
20.823704
18.054621
15.038480
15.415515
10.538541
21.142337
12.619399
23.612902
16.684032
27.780111
14.678681
17.233799
11.939890
16.728053
19.238962
24.357433
19.422774
15.259835
14.447510
20.398240
18.520391
15.818819
28.823358
13.685962
20.321458
14.344784
19.473766
21.804684
17.559333
11.643525
13.797574
13.291931
15.851484
16.835281
26.133028
13.564527
13.432960
14.474999
21.962403
19.079395
17.813273
15.302119
23.238021
15.489878
12.461260
18.276791
19.180222
15.026420
16.060849
16.736826
32.812162
13.738447
16.615056
14.633068
15.485141
19.967389
28.271588
16.327774
14.101149
32.863943
11.826430
24.994635
19.953962
18.347212
14.226902
14.819119
28.695919
24.228326
13.426479
16.270739
14.920159
19.728069
13.196445
11.849335
17.413483
11.400337
24.044102
13.386816
22.707759
16.339919
17.210832
21.537895
18.964031
13.662543
21.560939
17.498180
16.694945
11.331626
14.615276
16.338441
21.616015
12.821280
16.793293
15.592844
17.739989
14.198289
13.889597
14.920684
21.752161
18.022237
11.556331
10.497513
15.788787
21.109726
16.057852
13.711779
19.167754
25.868702
24.872821
21.326510
14.643483
17.920246
25.551198
15.473923
14.961333
20.910379
13.113440
18.039062
15.301307
13.993953
15.351782
17.490869
20.675468
13.397599
18.226776
30.547759
15.668109
17.789881
15.570099
21.409498
10.939615
13.000055
13.277263
18.594176
18.575496
21.474573
19.885923
12.313807
14.008380
18.724416
17.192259
16.860823
20.533451
13.097010
20.992319
14.438585
10.906767
15.695810
13.504671
14.297028
13.698918
12.925827
19.637043
17.330053
12.979090
13.596841
13.240292
12.642881
19.871569
13.707176
16.561459
20.424571
14.443947
19.375291
20.700668
14.275287
16.881648
28.077829
19.580235
16.781090
19.379593
20.694857
19.330926
17.657781
14.382119
11.892591
17.065579
15.984665
17.791601
20.929332
11.726837
21.044756
21.668134
15.912428
13.521301
11.932161
18.761497
29.942008
13.329440
19.402471
14.841441
15.943565
20.448772
23.438131
21.832460
14.338857
18.336092
16.480456
22.488973
11.806795
12.716381
16.546668
15.563798
15.170326
17.909621
17.458215
18.643963
13.334430
23.316242
16.799075
14.252503
15.627226
25.841450
