12.819892
15.339018
10.178037
8.578185
4.984387
7.986362
8.886941
16.544031
9.114432
11.617228
8.887319
11.864940
8.536894
14.838938
12.087783
12.803302
13.007717
10.329388
12.797487
11.349670
17.463145
7.475506
11.957094
9.125973
18.636727
8.390239
8.713664
8.627881
8.313603
10.796252
13.016784
17.455620
11.657925
11.383042
9.928623
8.493919
10.100150
9.154146
10.158701
11.042178
8.275291
14.019073
5.752048
8.721376
9.186501
13.551097
7.487187
9.157132
15.593220
14.911532
15.097018
10.615645
10.866149
8.719300
12.153867
7.388888
12.403223
8.711764
8.849652
17.100313
15.598741
17.475217
11.387187
7.704323
10.485212
7.562922
9.955872
10.406954
6.191727
9.980302
11.521112
11.150410
7.895495
10.235508
9.083608
7.612104
7.179493
12.273181
13.137773
11.420922
10.083479
10.676903
9.387030
8.055769
7.688157
10.276800
10.796835
9.784947
13.608570
10.624414
10.997032
7.934224
8.947243
9.473943
14.189541
9.736170
8.885111
19.668957
18.657013
7.884688
11.777920
7.410557
6.108482
17.085105
9.260764
12.535668
9.356249
10.870769
10.994873
8.605293
6.204523
9.054976
9.295227
17.062957
10.202040
7.425200
15.301432
8.866930
17.000414
10.598223
16.766420
11.029682
12.181738
11.680099
7.406641
13.352604
9.155559
7.426537
14.104933
6.738809
8.420934
4.884426
11.903368
12.494464
11.370399
10.918046
6.209407
12.937997
10.863967
10.223870
15.956726
7.722751
9.123239
11.632737
6.867518
12.294998
5.751965
14.979967
8.055591
8.630096
17.543374
6.441627
10.847133
7.621039
15.306831
8.542235
11.604459
13.201422
8.681992
9.716664
11.057162
14.574689
14.826585
8.143063
9.051134
7.939816
5.519485
6.687189
11.468611
9.310711
7.922827
12.830690
11.312180
17.554552
16.904349
15.134446
8.917636
19.325417
11.669676
16.992779
12.458427
8.822610
8.031546
20.780239
10.088528
7.159415
9.344996
15.713055
17.081611
9.887208
7.968536
6.701678
13.072334
8.479412
9.412869
7.468638
11.016441
11.596965
9.269233
9.356243
7.387518
9.355665
8.940311
11.757977
17.852549
6.650771
5.796185
16.445863
8.485351
11.574514
5.909439
14.467439
8.822065
20.058698
8.262085
9.153776
8.845976
9.373411
8.203278
11.487892
19.063495
12.675007
10.227008
7.583157
11.580508
11.293967
13.603367
10.785705
17.220225
6.771316
6.422404
9.597772
11.217013
8.106225
7.224744
9.818713
12.142960
9.169808
7.826499
8.537945
10.192028
7.917079
11.153577
22.582794
11.655053
18.894880
8.558829
22.116213
5.422639
10.385078
7.741709
7.533903
13.019728
11.543608
18.579734
11.116626
10.878987
5.457094
9.372633
11.565681
10.558898
13.257541
14.913193
8.059496
6.883418
14.303666
9.012095
11.326412
10.033782
14.758022
7.842979
18.849855
10.157466
6.322304
6.346114
14.419327
6.817413
11.068401
14.332139
11.192436
13.389308
5.420822
11.584811
16.117304
10.456227
11.829509
13.171918
16.390809
14.492132
22.053863
12.794038
7.208242
11.024742
18.318113
8.193140
7.055567
12.285028
13.207338
11.444933
6.629230
7.687271
14.191680
8.786739
9.248914
6.591015
6.585785
15.277007
14.554934
8.618897
10.232356
18.079794
9.366890
16.980848
15.194319
13.716657
11.563829
13.218795
12.948064
7.841419
20.913706
6.021772
14.923330
7.677417
12.802476
12.883418
12.809807
14.614311
11.324094
13.535217
9.721233
7.882309
16.122844
13.011231
10.319409
14.955797
9.254202
8.658429
7.210001
10.828716
11.979900
6.097371
11.493762
19.690235
4.558111
12.573455
6.162364
10.208972
10.742175
8.802597
7.851527
8.283166
12.943252
6.773927
9.123088
11.583768
12.609749
7.310447
6.124839
7.804795
8.781360
9.039698
7.267223
6.108198
17.522007
8.413796
11.905402
13.127752
11.369417
8.602157
7.210013
10.228841
14.147876
6.680956
7.065818
7.661698
8.696247
7.005014
10.202155
8.852471
9.452640
9.308526
7.465319
7.721589
8.905246
5.583455
8.075500
12.287399
7.575292
15.217661
6.554447
8.687350
15.903224
10.613748
15.038993
17.305761
5.376172
9.461108
11.388815
9.392846
14.727236
8.260483
8.475562
19.843362
14.275348
10.112974
8.006466
6.881870
8.591074
8.680168
10.859039
9.884979
14.870243
9.691279
6.171371
11.703760
14.543600
6.347952
12.848230
7.630178
20.140717
12.400178
17.080867
7.168441
8.620115
17.074695
8.657636
8.031067
11.845718
17.144595
10.967901
8.065849
16.166093
10.509615
8.245069
9.860086
13.233545
6.719256
8.684674
10.566276
16.347054
13.375135
7.462351
13.198657
12.449341
13.166959
11.709655
9.806268
5.031221
13.483939
13.185381
10.240910
15.245949
14.168465
5.441094
7.922464
10.566441
15.572628
6.933963
6.273717
19.484060
12.671998
10.941362
6.907187
16.075949
17.870934
10.794574
10.722496
9.190121
6.390979
11.836763
10.415962
10.425833
14.355261
10.332558
7.723821
7.140183
11.212268
9.051945
10.342782
12.488436
11.753593
10.924601
10.717124
14.693803
13.061506
8.362070
12.255791
8.614768
7.957429
10.950460
16.498349
6.481030
10.000028
15.931434
10.983541
6.425262
7.728256
12.089136
5.079421
7.850829
6.031600
8.566707
14.934107
8.999656
8.370588
9.679439
10.269134
9.783633
12.026364
15.185953
8.058658
11.483603
10.632516
11.901233
13.826450
7.395932
9.352179
9.962505
11.506844
11.309671
14.094673
8.683434
12.080154
7.657066
9.224854
12.960369
12.285782
12.347751
16.831357
9.187202
9.246334
10.092156
12.048106
9.565298
12.633892
7.998991
8.399902
8.506518
20.203910
13.489597
7.079018
15.994205
5.965202
7.493093
9.014173
8.914765
7.313649
6.754473
5.783566
8.297982
21.995264
7.186105
14.083120
8.572648
11.483280
9.529046
8.571943
11.907064
13.213267
9.412742
10.623239
10.041831
15.353294
6.317027
9.172683
5.967479
8.772908
13.776892
14.190419
14.163628
11.522769
8.124521
13.867254
6.291955
9.377622
5.789820
14.767380
18.367038
7.283801
11.041225
13.060427
6.707413
11.557108
9.210760
7.170053
17.544831
6.088721
8.332919
8.814548
8.677935
12.883789
13.137433
9.938355
15.591980
16.017204
5.807497
16.434898
17.032035
10.012837
17.146928
9.056594
8.728308
10.180267
11.746909
11.711668
13.743577
8.037995
8.702848
7.766781
9.009649
10.829895
8.907969
7.679001
8.270349
8.461313
4.546281
6.061073
12.751937
7.070436
19.047006
12.349583
10.179412
7.717389
8.091160
8.938936
10.441571
8.820277
10.256715
18.676079
15.470309
11.703522
15.207961
7.616084
7.576699
12.116917
15.034548
7.244109
15.431555
12.710612
11.494835
6.247272
16.887625
11.915756
8.572148
7.919346
14.287789
20.342474
7.437952
9.579396
12.748526
8.363337
7.806209
11.873548
6.471205
15.275157
11.156874
7.539497
7.656190
14.548238
10.917723
11.225739
9.259060
13.309353
8.286174
14.887389
7.830493
15.843408
9.987273
14.155450
9.317176
8.380266
9.024772
9.191279
9.235447
14.373859
8.857665
5.026930
9.685665
9.541656
11.674003
17.155123
9.520684
6.823234
12.685276
11.042173
8.189820
9.815679
13.386889
8.477476
14.061297
7.726096
13.022116
6.140254
9.527248
9.064607
10.624658
15.090779
11.101759
6.744150
9.476062
9.350933
22.759511
14.322183
19.134529
19.006503
7.779258
9.440365
12.454039
8.321428
8.642524
8.801972
8.731333
14.952015
19.863685
9.361588
4.135900
14.072371
12.330119
7.281411
7.757833
7.495329
16.633016
10.392769
17.019782
9.252236
20.144016
11.706301
7.169672
11.294922
20.713790
14.073156
12.407972
8.393728
15.722957
10.263221
9.369038
9.392153
8.577673
13.946406
16.775469
9.575888
18.941627
11.859965
11.478674
9.206181
18.995697
17.320993
13.122503
16.006727
9.156816
9.359392
15.949588
8.412666
10.311800
7.723433
6.473769
6.584441
11.891980
6.934488
10.299039
17.017766
10.815316
9.613673
13.746108
10.504336
14.984978
8.987812
9.654403
5.897799
19.075917
7.686680
8.112150
10.547535
7.686882
14.098218
10.611503
9.493391
6.609917
6.208663
7.345446
9.844442
18.145553
8.993292
7.671116
14.984880
14.581081
10.775891
17.662371
13.444302
15.174180
8.563375
9.625093
11.989309
12.395497
7.295773
11.445073
11.215068
9.787027
12.918907
13.966469
9.245697
14.691605
11.213154
9.801601
10.535761
9.772517
15.083592
7.121410
17.451950
7.043799
9.316182
7.051555
9.758190
6.957334
12.138620
15.289240
8.738191
6.521180
11.625791
6.000474
5.518762
7.024529
12.117994
14.446639
24.309416
8.700412
10.355203
8.404968
12.087504
7.876657
8.482879
8.192816
6.703917
6.938687
9.587562
9.076367
7.329215
4.933379
8.873087
9.369021
5.835050
8.325907
16.114599
12.864959
7.077062
12.211605
6.977390
14.199493
6.817613
8.199192
11.943302
15.102218
10.913037
9.801999
13.031182
12.162987
9.687393
9.301886
7.715994
13.452688
12.516742
13.146949
8.357622
10.387074
7.423805
12.031359
11.209983
8.033981
12.646733
14.288081
17.129004
8.430427
9.498685
7.926648
10.660088
11.096226
7.741345
7.517465
11.445776
11.213044
7.894863
10.560824
12.592526
12.144119
9.559472
8.803285
12.525497
7.662839
9.295216
9.285927
9.945308
8.193394
9.743783
10.444785
5.918846
7.725538
6.146339
6.074294
12.815000
14.381471
13.104022
10.909507
11.399672
13.789253
7.017302
15.818465
12.181345
8.303908
9.697922
15.232067
10.151015
18.807190
12.170490
9.258504
11.934486
20.405275
7.646289
8.794650
11.756178
8.083765
10.485094
11.043794
10.356929
5.577642
8.517698
6.567201
8.220848
6.330082
8.642182
8.030310
11.819478
9.565865
12.263465
11.284805
15.686031
11.961888
10.955202
10.117153
6.132689
13.970756
10.609042
16.172177
17.005229
13.623686
9.886986
5.828529
11.279433
11.584596
9.909079
15.938501
8.944712
7.621107
9.498469
14.574857
10.358376
6.612555
10.473113
13.370931
14.041553
10.002139
14.739136
9.896357
11.432079
9.130217
6.359224
15.779942
9.896082
8.102656
12.230821
7.787033
11.883602
6.550491
11.699449
13.840602
12.164155
6.242870
10.764677
14.790209
11.244526
12.080159
8.497842
16.774388
12.575004
11.761046
12.013031
14.205288
8.450002
10.751752
12.392282
19.976570
12.048818
13.694866
11.700489
5.560255
13.378328
7.025520
12.165290
10.379981
12.798252
10.242246
