19.022972
22.596638
15.221902
23.074501
14.327842
20.295606
15.504831
17.626901
12.606917
20.062633
19.226199
30.130224
15.820252
17.786309
17.095036
14.084934
19.486031
20.494850
24.904107
18.020997
16.274945
14.755347
14.597223
15.570157
15.359183
17.268297
22.248048
20.477070
12.199545
16.726224
17.332237
14.457687
12.624267
12.332413
15.719922
16.488414
14.303645
18.100986
15.161931
17.392630
13.233977
16.891169
25.095204
18.143795
31.228215
18.162119
26.046238
18.271748
13.895923
15.495369
16.836394
24.514873
18.378229
15.666908
12.702777
22.704700
15.069695
20.174309
19.964159
20.031316
16.953925
15.592285
16.284860
14.695970
14.510808
22.694957
19.544017
15.714539
28.182042
16.877773
15.307378
20.455331
21.766554
21.342652
16.797733
25.057586
17.452522
18.143602
21.060240
17.313641
18.687415
19.870533
17.279922
25.502973
16.569570
18.241731
15.688980
15.567300
23.298328
19.834417
22.051642
19.121539
14.661110
21.107736
20.580081
20.789865
21.858757
24.791081
19.905800
18.322086
14.827482
13.162223
17.152014
20.405373
13.085860
17.697817
14.291990
22.949391
14.726415
14.942183
21.115316
15.715009
26.002608
20.041522
18.981717
15.604227
15.748189
13.827789
14.800866
17.972983
15.424661
19.512923
14.505062
14.224348
19.474358
14.708263
18.771233
13.580313
22.761200
21.229430
23.518947
12.505070
14.587649
13.481009
14.716528
18.466177
14.649374
21.454912
15.558430
15.622518
27.080129
15.424989
34.082112
27.376376
26.043608
13.497401
12.532917
14.601461
14.261337
16.233306
18.931747
13.138798
17.343197
20.019812
19.533652
19.972615
18.617694
14.047062
19.274659
15.932135
17.970761
13.873121
23.652409
22.896911
17.073524
15.197032
19.256242
21.895948
19.552682
18.653859
16.046679
15.311857
26.902264
20.343588
15.037811
18.748944
16.821974
18.964523
16.051709
28.178045
20.088699
15.616433
13.395987
16.740308
23.556024
15.548667
14.957113
14.448159
16.607686
20.050779
18.777089
18.602833
19.888289
23.927424
23.668198
16.339966
18.419296
17.274777
18.217097
16.114805
21.095754
16.941800
18.329849
19.120332
22.189273
18.452497
20.331603
25.450542
22.220843
16.274265
19.323620
14.725509
22.009005
16.218227
28.931912
20.031350
16.305373
16.113050
37.662853
17.747187
14.511804
17.219018
15.361798
15.844942
20.602527
16.712196
13.404517
20.238927
20.115721
20.041199
15.566667
19.087905
17.587848
16.479686
13.671450
13.076669
20.999442
16.060536
17.135439
17.980841
19.191221
17.888977
15.587926
23.516815
12.843826
15.278600
15.492358
21.722966
13.492457
20.118127
17.288250
24.599790
13.220168
13.369943
18.913369
22.000386
16.229414
13.337013
16.301678
14.626946
18.603550
15.452563
20.807376
19.439183
17.653005
16.683614
20.473156
13.764103
18.246771
19.248025
24.038996
17.611455
14.696816
18.719472
21.868950
18.051070
20.218372
16.077168
15.315040
21.097831
21.509295
20.006391
19.222605
15.309004
20.468784
18.145054
19.971879
17.682873
14.014596
15.899912
22.297438
18.961891
24.155411
20.318349
17.726753
17.824648
17.113027
24.138126
15.765581
13.370594
21.124416
15.518341
18.660819
15.416569
18.013853
18.394839
21.730577
27.953785
22.138543
14.412547
19.015160
17.981958
18.129240
22.740167
21.513483
23.691949
17.583285
27.519655
19.635401
21.027497
19.503467
16.146804
17.813904
17.781790
15.762205
14.644099
14.552210
21.125002
26.848191
21.505557
21.995624
14.494732
15.183777
27.870937
17.018371
20.074893
30.762728
16.761416
18.871449
20.991726
22.891038
17.329373
19.758726
18.315343
13.621894
20.310705
23.637469
13.416728
14.200758
17.202984
16.078054
17.775205
19.430141
21.213545
14.493109
16.890298
24.832948
23.160757
15.029138
21.349382
15.349950
18.469113
23.650117
17.815276
23.511650
16.455699
19.735320
23.137806
28.789151
15.599602
23.279768
16.375340
19.871063
20.925140
21.301077
17.818357
14.978574
17.724166
17.764316
23.813518
19.044672
17.793496
22.834448
25.160312
19.217861
16.855971
16.794962
17.034666
15.219524
20.021921
26.300883
15.697939
16.331036
14.603526
25.031322
21.484311
19.011396
15.712091
13.905365
19.033980
16.262156
27.910443
22.868455
22.487449
29.289195
10.894319
15.783486
22.092527
18.033575
19.787165
16.393223
18.814634
15.137181
15.261901
18.735303
14.697135
25.221867
17.047621
21.136811
20.526447
21.554310
17.309284
15.418269
24.720803
17.847648
22.597219
20.180560
19.215916
19.819629
20.662931
17.428001
25.796214
17.489291
15.084957
30.588934
15.358010
15.028118
13.291381
19.651961
13.261163
12.492040
18.610370
19.008918
20.436125
12.589731
15.552622
14.076198
20.269495
19.362095
18.682243
17.175960
13.906868
17.889539
17.946364
15.781860
15.905019
19.806961
20.648146
15.697259
16.459449
26.116135
14.250760
14.761288
13.909205
24.413409
16.916882
18.011116
13.634483
16.273855
19.033475
30.411791
13.798046
17.702653
14.412248
15.971748
12.361825
17.312151
15.914268
24.039286
23.079798
17.791941
17.950073
16.395430
18.344948
18.542570
20.430754
11.604343
19.563353
19.793411
16.592748
30.584211
16.493753
23.601593
16.102437
13.950027
14.181314
15.976980
17.328163
16.890964
13.193760
17.078279
18.008350
18.551731
14.565621
17.057925
19.416842
15.854151
13.811303
21.216074
14.916631
16.531229
14.028151
17.246927
13.807252
32.042879
20.524479
19.640478
13.327370
21.891494
29.292392
13.656108
14.533364
14.921788
19.929253
19.038629
20.120118
18.514526
18.882989
21.171416
23.470464
24.061648
17.402865
23.774105
22.602556
20.893514
19.230341
17.599160
14.222435
16.466529
16.121966
17.018700
14.590905
12.450292
20.639461
14.552994
14.444961
15.133408
15.389237
19.996477
14.639072
18.806108
18.766013
17.915408
14.386596
14.445368
14.884374
14.408038
26.238462
13.296103
20.629918
13.534694
21.664685
22.664561
19.242568
16.691444
22.655873
17.436955
17.006347
16.792491
26.878834
17.448631
15.530754
14.718731
17.750398
18.339759
19.964666
17.131525
13.706490
14.902772
13.247995
15.320951
18.442885
17.227704
14.828848
21.786396
12.709029
18.435146
15.154211
13.785150
14.037477
11.369105
15.741637
21.551849
29.305918
20.129807
20.493471
16.784721
15.042462
26.663209
16.820092
18.280767
17.661992
19.968295
23.916898
14.638504
15.564872
15.269116
14.831013
14.647431
22.348802
16.346468
12.635370
18.126739
16.281066
14.726867
13.615422
18.469610
13.199042
20.813830
20.248895
19.727775
16.292243
19.069466
17.633657
18.328463
18.160957
15.485668
15.482369
15.022840
15.946175
26.092317
17.706664
16.758677
16.029859
25.474172
12.963654
15.141049
18.935168
18.104787
15.638479
16.401360
19.454355
19.796995
17.581174
26.859289
12.949151
13.364785
16.659929
22.272817
17.502698
14.134560
15.069302
15.239338
11.933419
17.356835
18.538619
11.524856
15.384306
17.555111
12.130257
14.040407
16.514727
11.311984
17.422078
16.272818
26.295199
17.891257
23.421751
20.120067
18.926736
26.373639
28.479340
20.331644
14.001560
14.811546
16.214922
21.126976
15.431424
15.696612
16.775970
16.574248
16.262628
19.428216
17.184115
17.788511
15.826696
12.852996
20.373832
16.826550
18.899066
26.859868
18.383977
16.323309
15.070466
20.370508
21.962737
15.672990
20.470939
16.338654
18.719023
14.405226
14.253177
17.734708
16.131842
16.917361
15.990870
14.441033
14.400723
17.912311
20.276814
17.540686
19.864469
24.688036
18.019288
20.747624
19.580828
15.558127
13.608300
13.718895
14.466810
18.651617
14.635623
15.724695
18.245072
17.307632
17.910330
12.922667
14.515050
14.269751
17.638940
20.455412
25.871650
15.331138
15.219773
15.808040
20.554649
15.700676
13.649143
23.369250
16.795242
13.307455
19.767880
21.393555
16.951476
18.881617
16.245813
18.155014
14.679148
13.071211
19.011212
12.929304
19.300645
16.094387
23.770753
16.356748
14.988559
19.931884
18.482043
13.493145
19.377015
17.269181
18.427759
20.723993
15.779878
24.254774
25.063495
27.626851
17.578252
17.104780
13.673842
20.778168
24.535225
16.428505
31.000685
18.546273
19.688541
15.884383
16.280390
16.479973
20.943250
21.212225
28.668764
16.278656
20.848641
12.402809
25.410853
14.909383
19.473978
14.950758
15.014153
20.851618
24.200842
16.502401
17.499745
17.142220
28.082404
19.686131
19.499053
19.005011
14.708552
20.951818
13.748188
14.456661
23.176337
13.058511
16.378837
12.111197
25.352741
17.753926
16.749520
17.014509
18.274155
17.602382
17.773591
13.434958
17.494012
14.505286
17.359394
18.745434
16.903958
16.181513
17.882539
19.431279
19.332592
19.011477
13.524155
19.220340
13.387445
25.127221
15.418204
13.204746
22.587064
13.752569
19.370047
16.037895
16.016485
17.775566
15.402805
27.619203
16.789207
17.471447
17.556146
14.124017
17.393374
13.321161
26.127469
19.027382
14.224166
20.841188
15.450850
17.614970
15.739680
14.499427
17.423841
12.108325
16.647184
17.139592
23.783931
17.749383
17.594381
15.054425
12.458306
16.994095
20.787451
17.918898
15.200038
16.437646
13.897257
24.424439
17.911000
16.201970
19.602212
13.988647
12.629982
20.779573
16.111524
15.459424
19.355330
16.935177
17.924504
16.466524
18.104057
15.760568
17.743280
19.706378
20.135627
13.184968
15.431757
16.710374
22.402360
12.715823
24.073411
24.573828
13.783224
18.180464
14.746291
24.459493
24.525319
22.610933
17.795134
16.913896
27.179237
16.057446
14.433798
19.909201
17.679890
23.815073
16.829352
23.330472
18.588675
16.161676
31.592726
14.637391
18.222525
15.226204
18.613328
21.543034
16.382548
14.219519
18.141695
13.547683
20.310121
16.708103
22.315712
33.740180
22.167657
22.113187
12.400613
23.585304
15.696250
15.969153
13.641389
13.317726
15.241327
17.288665
21.862930
15.422193
40.454489
24.055340
21.413762
17.251803
26.349183
18.522640
17.299246
20.638972
19.553843
22.371824
23.129623
18.896082
18.281840
18.575606
16.479944
12.758397
13.702480
19.811589
15.465547
16.081419
18.777197
14.717827
14.855122
17.029943
16.894339
15.356493
22.069600
17.187661
19.627103
15.189859
11.041829
20.216440
13.268607
16.111654
20.458602
19.877602
17.161416
14.348677
14.556553
15.782025
21.884214
19.574755
16.683138
16.503937
24.417334
12.204978
26.469042
16.983030
17.186610
17.710550
13.508311
19.831253
17.852842
22.667557
23.328037
17.124355
14.837148
18.279062
15.921560
20.602801
18.877458
15.050776
18.264639
