21.671657
11.116909
9.107481
17.143498
8.940214
16.498577
14.090672
12.535180
10.858579
16.412398
15.236739
16.424348
11.429214
15.308033
11.193406
14.620234
11.816187
15.466592
10.703584
9.648303
9.575679
16.675942
8.399898
10.104730
11.172623
19.512938
10.848481
14.020136
9.126678
12.177732
23.435932
13.136858
13.011509
14.769880
11.031559
23.718914
13.814116
8.088537
5.609854
14.426587
12.760481
14.189369
8.548604
8.836354
23.815889
10.442161
9.126384
8.516479
15.140594
10.352998
20.921288
12.294826
10.220569
17.733926
11.682753
20.734025
14.753988
12.715646
10.090370
10.413034
9.942750
14.315162
20.672040
20.758171
12.379575
11.360132
11.075228
7.218234
12.637678
18.176146
14.559903
10.226728
9.139707
12.063890
12.683295
10.602658
12.642573
10.806020
13.438746
15.533455
16.988160
10.089541
20.994376
18.037683
13.380590
10.510616
6.523515
17.627711
10.267809
10.099344
15.494573
21.537077
14.912410
9.512294
14.096264
11.117461
17.410269
20.285785
10.669837
11.816300
9.342411
9.172121
9.597604
10.185657
16.482145
11.805500
13.643688
6.291263
14.215738
17.858189
10.753549
16.160874
18.617727
14.087268
9.308851
14.381466
22.869684
9.088201
11.695279
18.676206
9.402371
9.067625
18.410861
9.027574
10.508827
12.938586
17.495037
11.508388
14.069732
15.433955
12.559124
8.101288
10.862267
12.360320
22.220047
13.302980
15.681444
9.340522
9.409359
12.434742
10.256183
17.519254
14.251686
36.281833
11.669187
13.156640
15.957340
14.878948
10.735395
8.634351
23.810037
15.550131
11.063594
12.437393
14.042144
8.702379
10.094494
15.088645
9.005623
9.276115
8.788246
8.590230
14.787162
16.333815
13.666257
7.563306
14.210982
9.845184
14.187330
15.997736
8.366936
13.924709
14.333753
9.874059
10.136043
22.565670
10.505544
11.289739
12.286611
11.003205
11.848614
15.778229
13.490067
11.000827
7.832615
7.088983
13.079413
18.625183
12.893626
8.605999
10.207941
12.404822
14.752257
10.304226
19.890100
9.804423
8.856135
10.637064
10.891104
13.833827
12.107606
7.876700
11.130629
17.877231
13.202137
12.897870
14.723708
16.276281
12.687873
11.883513
11.781911
12.494918
11.601959
9.810428
8.881601
14.618382
11.201773
12.196865
19.112158
13.217818
11.428830
15.767169
10.158973
9.305308
6.889453
22.007855
10.351302
17.026706
9.304368
8.519548
12.061392
10.160826
12.688059
9.583205
12.278908
12.833432
19.440624
11.925553
17.734349
11.245969
9.668381
10.241971
15.027963
16.396017
8.420613
20.890250
11.135606
15.320361
16.109701
10.890806
7.210110
18.098586
29.855364
15.411368
7.260910
13.110756
9.371643
12.671214
9.649057
14.293048
13.469921
9.610333
7.106768
8.269659
8.432603
17.511067
13.554111
15.185553
10.142667
14.111847
13.810898
13.572539
16.745434
10.048763
8.504064
10.055501
8.675487
14.318169
13.680644
10.872429
22.258786
16.221282
9.389261
9.408868
12.203195
9.912354
13.692036
12.830270
13.019101
20.259764
8.213315
11.305009
20.334942
10.224693
17.107742
12.878103
10.389132
19.577173
23.328465
23.014351
11.771206
8.054677
17.711675
16.079530
8.151137
9.867481
7.896207
14.397468
18.479813
24.055233
11.620530
11.301270
10.952624
14.922320
8.447050
11.815040
11.855714
15.857672
10.529026
9.729885
11.756388
16.959544
14.178649
12.634401
8.529473
10.132176
11.162704
12.791878
10.328000
14.437046
11.524620
18.994807
16.527321
9.153324
16.816676
15.228085
13.121156
12.419469
19.248990
11.411737
10.036633
12.902371
13.641839
16.084181
19.985812
12.198391
10.664198
9.362482
13.699395
8.343931
14.161438
7.601480
9.581153
11.133506
14.651198
8.666313
7.886192
15.309926
14.035418
22.373954
18.906578
12.339850
8.414392
9.991788
9.564999
12.589980
11.917866
12.943313
14.929620
13.473588
10.418876
11.421074
17.591558
10.578075
10.831488
19.551845
22.086759
14.154746
9.751722
20.866703
9.654263
11.458221
9.808567
10.783061
14.662580
15.767974
9.374059
6.794249
18.720630
24.294946
9.057211
10.776460
16.863010
7.400556
20.910963
9.373627
12.613973
10.918826
18.538954
15.684968
16.616264
10.561071
12.156931
14.434053
13.068419
11.523033
16.775707
9.989277
27.547919
12.461651
14.471474
12.494029
10.333226
11.273257
8.452657
7.350122
20.938831
11.591880
12.098505
15.798859
15.524706
9.703918
14.202850
20.468332
11.540282
13.143031
13.697774
17.275352
9.879366
10.486316
14.502966
15.065874
13.301809
6.920603
15.419259
12.659354
28.731296
8.790212
8.164997
12.021886
9.105989
10.252571
7.085698
16.596560
22.940434
20.919255
12.718888
9.776661
9.496148
8.047071
19.010822
17.964541
12.333538
13.006882
19.334988
16.368655
10.052843
7.809726
10.278216
20.192794
13.223457
13.540655
11.660867
9.202327
11.053498
11.407709
13.503287
20.227630
10.355975
18.616238
14.309430
9.113133
12.936129
9.261328
7.697548
14.073790
15.276847
10.602942
12.434427
16.535713
9.752379
10.781457
10.765519
13.307905
17.939181
10.797388
10.773824
14.387878
16.896163
6.826460
10.542485
17.267032
15.302320
13.557098
7.736331
20.377451
13.046744
22.645194
14.622789
11.634823
17.968670
15.486240
14.238604
22.986911
13.473557
32.955515
16.181904
14.129221
17.036460
11.435667
8.213380
13.898220
16.481789
15.620683
17.089263
12.501868
7.730296
12.747754
12.825139
11.141496
8.681269
20.955109
12.201431
11.568932
9.964011
18.503695
17.661359
13.737380
44.547035
16.310410
10.775143
10.335593
14.598161
9.014841
11.405127
7.633042
10.617905
8.886336
11.276037
10.765740
9.329353
24.932179
15.548551
6.984663
18.395176
13.956047
8.434730
6.842024
16.272395
9.851290
12.423482
12.807223
16.970417
16.768430
18.336905
17.054984
20.114470
11.268724
12.570873
13.895907
10.306705
18.574261
17.385731
12.419754
10.627998
9.811300
9.455124
16.013899
9.980919
12.958573
26.100493
21.475049
10.138104
18.394246
16.288827
12.072679
12.124650
10.441211
21.938891
11.333699
12.734306
13.873050
12.187681
13.221867
11.418985
14.493415
10.667767
12.176465
16.641739
9.665489
13.677868
12.329943
9.864871
12.211277
7.802961
11.625894
18.017742
18.741061
19.900250
12.338586
8.689012
11.676527
19.031026
20.459496
13.931861
8.707255
10.449843
8.571633
11.178050
17.943575
12.906305
13.873141
13.950827
13.422419
12.546266
17.151261
11.350042
13.361879
17.120088
25.910778
17.721185
18.999799
14.121814
11.718079
14.663357
16.440450
11.360818
9.418915
17.219587
13.354995
13.163831
14.573455
10.895549
21.175463
9.262323
9.774477
7.496694
23.685047
18.733192
13.428035
18.926230
9.907975
16.257630
10.213170
12.480573
9.417953
7.884432
12.969992
16.473125
13.634664
11.352469
8.682978
10.379764
18.676653
20.182328
12.317459
9.783541
19.716174
12.960232
9.960073
11.205078
16.627803
7.508878
8.508443
9.299653
15.595774
18.445798
20.353572
13.535720
14.840959
10.648755
8.974050
12.658957
12.102689
11.560549
12.898666
18.168633
10.116656
9.914290
11.870887
8.405345
6.709513
9.087129
10.543982
20.392495
12.504913
12.478816
12.648116
11.774818
8.121633
10.822136
9.419039
9.807289
11.382970
13.682211
9.873756
18.830603
10.963864
9.905158
10.686656
8.433998
18.588727
13.531295
12.720254
11.557993
12.596555
8.891581
10.562436
8.714391
21.527557
9.144293
13.982510
5.971158
13.937982
13.194325
12.838787
6.384146
11.335230
8.748097
8.156405
19.217136
6.006918
16.275286
12.895487
12.189997
8.944356
10.417965
13.282065
9.042132
11.222059
12.721652
14.776232
9.074281
10.663858
16.217942
12.722730
8.584374
8.545883
9.158965
17.664954
8.545055
13.545313
8.372407
11.912551
10.368580
11.433961
12.425299
14.011849
13.411181
6.857559
9.319198
11.351977
9.283915
16.967835
11.219304
11.766663
10.323424
7.398246
14.949237
7.317935
12.541060
13.247567
11.691296
17.931373
11.816113
11.971178
14.506900
20.041612
10.737902
13.201328
10.987870
12.936878
16.110185
12.344503
16.203067
14.703174
29.909771
13.463093
14.117912
15.706471
18.478139
8.935865
12.419170
8.773544
15.581105
14.354089
10.194307
20.485506
17.979560
14.614308
19.265483
13.777690
7.385511
10.417870
16.385626
15.054934
12.993021
10.320422
17.994571
6.939635
17.303459
11.223399
11.742453
16.927539
11.380166
13.664073
8.656928
16.599297
13.985038
8.917769
13.543424
12.679156
24.668723
13.053104
12.704919
14.487287
19.470528
12.003289
13.806263
12.637581
22.373694
6.607086
17.390015
16.474877
11.169823
13.240884
13.027296
10.291702
12.801969
15.556051
9.260096
6.708593
11.316701
13.420162
10.943612
11.173171
13.532989
13.422937
16.476334
12.618251
10.545306
10.733042
19.766516
11.439886
12.681288
10.947560
13.092194
9.786727
9.847838
14.179700
6.093838
11.305987
7.844874
13.968649
10.353682
9.269302
11.539178
22.757775
14.958216
9.898386
11.964158
19.396799
14.584196
11.331334
12.849514
11.251556
15.666924
9.325204
12.380877
10.881447
15.459004
11.738341
14.072114
12.026381
17.383014
11.720365
15.596041
30.684993
15.028249
15.049795
7.606701
11.218749
20.344510
10.509060
18.078731
12.577111
8.965094
11.923004
13.459244
20.169537
12.011118
11.327908
14.136576
17.212983
9.546245
10.440312
11.306193
24.728343
11.153697
15.436214
14.986618
16.029552
14.395481
12.598936
10.377788
10.781346
26.474611
9.282514
7.506340
9.942927
10.693107
11.324338
12.336891
11.453077
13.039585
13.321375
10.181617
13.238684
9.234616
17.495357
8.607499
12.424790
6.389796
9.133538
8.641906
11.224606
16.406265
9.733404
12.891233
12.445530
8.245328
10.018303
13.997836
17.887108
11.215745
11.395768
8.564974
16.164673
10.852488
14.125159
12.258187
15.020479
13.226572
17.088329
9.610894
23.766713
16.548884
8.491557
9.578513
11.850994
14.163190
10.585612
9.838431
9.519945
26.111491
11.127204
14.171139
9.570450
9.362060
9.842331
11.153952
14.614461
13.104482
16.817579
14.226650
10.880109
11.561376
10.953411
9.934818
15.524493
15.289717
17.202796
10.311481
8.169844
10.200904
13.652461
9.531813
10.627764
29.519168
13.368559
18.217968
15.559642
7.617492
11.569363
15.088139
10.703607
13.215606
7.594825
12.025228
17.214622
7.433293
18.430253
14.852168
9.200963
6.516982
16.770133
13.827499
11.976147
15.215380
7.238263
