20.493368
19.754361
15.826578
23.307572
19.892175
17.214461
15.664066
18.004948
20.765098
18.833554
17.307521
15.250948
18.338202
17.000605
15.411005
18.941528
15.099618
16.131740
18.709110
18.963300
18.399176
22.219966
26.621187
15.356089
18.826567
20.826477
19.818787
22.714731
22.485639
20.332825
17.466855
23.910616
23.564444
23.906598
21.076355
19.761402
18.349656
19.690287
20.921036
17.058892
15.799863
20.096104
15.907152
12.839557
14.377814
20.444417
15.335087
15.772487
17.811753
16.335248
16.924811
17.434945
19.508097
19.797814
18.727141
22.699166
19.745089
15.613081
23.895731
19.572593
16.313280
16.049533
15.997925
16.964452
17.186230
17.824573
18.068092
18.067606
14.029957
16.525278
17.104992
23.221083
22.692745
15.097017
14.318665
20.929292
19.524954
20.410375
20.199531
22.424741
16.262364
21.995050
23.325200
16.969618
17.434379
14.204013
19.264750
16.230282
21.350142
17.849976
22.895160
27.357269
17.241783
19.387687
14.476349
22.389114
19.671956
15.957662
27.566753
20.543192
19.294225
19.761384
19.133847
22.728256
24.505699
15.712126
17.920200
17.944216
21.181744
19.364500
14.493138
15.660668
31.515012
20.388161
14.475561
16.672084
17.967068
16.274920
17.010442
17.315559
27.387130
18.635771
18.350617
18.829540
22.186487
15.365077
20.322679
19.756477
21.631117
15.881105
13.774796
18.403456
23.786356
27.466856
18.541626
19.225552
18.289470
26.320300
15.676132
19.200557
17.917342
19.304551
17.724646
20.993110
12.827384
20.166125
27.988419
21.405749
18.931119
14.915687
18.904604
16.809885
20.939873
19.428308
27.427222
16.933413
18.273501
25.161030
20.055712
18.494462
25.776616
22.915182
17.783520
15.038594
18.987510
18.412259
19.170755
19.947067
18.412108
17.058816
22.302751
19.979488
14.229041
20.126076
18.101136
24.192555
17.171342
19.726466
17.234359
14.177373
15.191274
14.156758
20.094367
20.168759
18.028035
19.582739
19.561989
15.053082
15.976756
20.875410
17.467998
19.491233
19.476078
14.488199
18.243321
21.310862
22.401101
16.696261
18.290043
19.945078
16.629035
18.746602
17.999650
14.843622
15.458616
13.236557
18.510379
16.325656
19.205160
19.041592
23.433678
23.893566
17.489438
24.485958
22.273730
15.963637
17.648529
20.702811
16.352583
19.340708
15.490500
15.910511
18.828200
18.932151
17.890551
19.192680
17.674403
16.713014
28.383438
18.565880
17.053486
17.728231
18.861718
20.168251
15.376342
18.134016
14.764551
22.060932
27.526489
22.548263
27.088013
20.992095
21.827866
19.091206
19.776094
16.606906
20.496155
16.089396
17.727995
16.154216
18.532105
21.161881
18.130729
14.011190
19.132220
19.041064
16.845990
27.656809
16.628394
23.116517
16.035691
18.259975
19.362962
23.243510
23.260502
21.624161
21.466383
14.585641
14.689902
21.036570
16.255265
23.425843
16.060626
15.200637
16.383843
20.778846
21.184368
17.438632
18.033277
15.406022
18.206737
26.622103
25.997581
17.522185
19.749746
17.325703
23.515693
18.815491
19.204673
16.152342
18.556043
25.069557
22.358891
18.865357
18.569161
20.408110
32.500843
16.291403
19.159275
19.598921
16.954022
24.906427
25.021354
21.411988
16.082048
19.244409
17.644916
25.348521
17.194791
15.997492
17.716009
16.874789
22.422446
14.891975
20.255388
15.427588
14.354131
18.512017
18.078172
20.621514
28.029588
19.203705
16.266302
16.492411
20.768815
17.599226
17.858764
19.886086
15.464526
17.643582
25.213492
18.826441
22.035911
18.228634
15.718520
28.050423
15.339386
17.783163
14.150022
17.206092
16.922462
16.136269
20.092729
17.076388
16.927580
20.221502
18.904203
22.563185
17.296889
17.533516
19.443912
16.620752
22.591188
18.671543
22.685806
18.141098
18.278706
18.884023
19.134282
19.171289
16.228473
16.823400
17.472303
13.378989
19.330523
18.357352
19.776588
17.045741
14.246060
18.155761
18.145938
18.225259
24.028277
19.494758
14.852975
18.952566
15.955769
24.315735
19.591983
15.396796
16.732023
17.943839
16.961988
21.065799
16.462154
21.673469
20.079167
16.554667
22.823934
22.579056
14.842930
19.170482
15.472120
21.629447
19.321923
21.148893
18.598206
23.913944
20.314692
22.352119
25.319462
17.310407
16.904660
20.134413
18.896791
19.216312
18.028385
17.942393
16.516246
20.261947
17.104377
17.420054
23.719872
17.692698
20.519881
15.725226
19.167255
21.432335
13.769225
18.727610
22.190533
19.335213
17.097736
17.888919
18.645069
14.865912
17.262889
18.263670
18.829265
19.361372
16.110396
21.627309
29.236097
18.173847
21.248812
18.522688
12.934660
17.189110
17.472510
20.625126
19.637528
15.843492
17.229049
19.933600
19.955748
25.897701
15.166695
21.203723
16.590486
19.044245
16.211137
29.015267
20.199708
19.729660
20.413701
15.054462
18.670006
14.618054
18.791947
15.329045
18.462586
17.222402
26.230371
16.003558
18.211709
22.066611
20.229821
16.125540
16.258475
20.446063
19.759327
31.888845
20.294083
21.814576
16.811206
39.430483
19.647513
16.041889
16.617555
14.613341
15.680122
16.752733
19.643226
17.164062
25.045349
13.725140
14.912221
19.865558
22.228751
20.013948
19.650782
22.590514
17.085451
17.034419
17.894652
17.191059
23.365763
16.550799
24.178526
19.927815
20.685186
19.790556
17.423214
14.081959
18.359329
12.087401
18.492795
21.728458
17.004959
16.569645
22.339763
15.047313
23.117126
16.113999
16.449320
16.093550
24.888359
26.083043
15.395870
18.309729
18.665847
18.495502
13.706279
20.880146
14.904369
20.593147
16.760689
22.777455
16.536209
16.022633
17.541767
17.396356
17.448320
15.073875
17.873245
15.529885
21.563343
21.662271
17.166027
16.815790
20.912692
19.342551
26.341428
23.183244
15.001888
15.966570
15.790398
18.109466
15.826867
18.900459
23.876717
18.499257
17.038232
26.736391
16.135673
14.300480
22.007270
29.537795
18.641781
18.857176
19.379909
21.130229
22.220967
17.703775
17.395208
24.063458
19.109691
15.271261
18.127159
15.971510
15.368280
19.042706
19.313457
16.259306
16.129039
23.885912
17.432605
24.505048
18.971922
22.631999
32.159166
13.996393
16.628250
19.549129
17.119464
21.274633
24.384880
18.642526
18.127612
14.415428
18.930456
15.671928
20.530200
24.962313
24.259302
14.748299
16.601519
21.234984
15.465761
24.982289
22.606046
15.708860
20.067703
15.885841
17.762760
14.813223
19.215183
22.038872
20.548110
17.344460
19.621374
17.605823
22.494508
16.911936
20.480333
22.374797
17.145703
14.962901
16.091652
15.459232
21.660316
17.983687
18.387810
14.700700
22.623475
17.287501
15.123260
27.079790
16.807010
20.376653
19.510285
17.576163
18.856317
24.929218
19.184601
22.061267
28.929190
16.606005
26.989198
16.303578
20.385573
15.873102
20.103043
14.101584
20.845580
26.003524
26.119941
17.506861
17.664235
17.347694
20.205485
18.698696
17.555107
20.584130
16.305509
20.054428
17.563910
17.308300
15.852071
17.140024
20.580143
17.149319
18.258115
19.333876
14.267161
18.335566
16.518089
16.429921
17.562636
18.516999
21.689396
23.545626
18.784169
20.701416
26.623574
16.735936
16.048432
19.163473
19.554452
14.281683
14.877021
20.086221
16.601732
16.876241
17.459777
17.213689
17.378648
20.370214
21.736515
16.237619
20.474888
23.901894
19.459806
14.948396
20.625454
13.743891
16.159119
15.072608
18.103550
25.959533
14.376503
14.024865
19.948060
19.281137
18.640981
20.312763
16.390112
16.479599
19.634273
15.805048
20.164748
19.053685
22.069628
24.202927
19.034232
19.163247
17.367631
14.497362
17.748197
18.658206
18.113059
16.162171
16.078468
18.408808
21.484244
23.007351
15.935367
19.536403
26.195164
16.102425
15.439990
17.120314
22.986652
17.183774
19.456990
19.131111
17.645862
16.994997
17.710209
17.822587
20.618797
16.175908
15.745588
15.973582
19.035288
15.602870
15.495837
15.217105
19.413404
19.569393
22.698563
19.915828
14.919576
19.182569
26.013086
20.515274
17.297493
17.008608
16.919473
15.764798
21.022300
17.353308
17.056888
15.959917
22.771430
18.610226
18.075049
15.854795
18.210103
19.015951
17.290383
15.893178
14.881272
25.959746
19.932947
17.572702
20.198191
15.130352
20.500041
16.158955
16.475750
19.940412
17.985755
19.051083
19.408406
18.488234
18.510321
19.605003
16.405243
16.880236
16.285715
17.408503
18.760566
16.062501
16.316555
15.796262
18.540642
21.828827
29.578296
18.577386
18.543399
14.371839
23.127411
16.014699
18.909428
17.523092
19.446816
20.191593
16.955396
19.488282
19.279446
15.724041
20.503840
19.406141
16.483182
19.308858
17.683060
16.554107
21.710979
15.598892
19.317978
15.780146
19.473024
23.547295
21.683600
19.632608
19.500780
21.479626
24.250661
17.959791
22.089166
19.870893
20.332121
24.828098
21.664234
19.157284
18.879003
22.116194
17.977632
16.041070
19.413214
20.252160
22.685460
18.639815
17.698404
19.290901
20.390890
15.255970
15.781563
17.444950
21.566551
22.398134
18.361140
17.499775
16.527350
21.362733
19.240385
25.457359
14.738620
13.728216
20.011730
21.959136
16.866622
19.413602
14.015899
18.894436
21.642808
17.477340
17.144654
17.237052
21.428984
18.611775
19.810984
16.975190
18.360600
17.661866
18.137364
18.435415
19.795883
15.543990
17.583641
18.225342
15.399437
19.062341
20.573749
15.955189
21.061863
23.058503
20.623196
23.175016
19.996937
16.554623
18.741055
22.869273
21.220740
19.330067
15.747508
16.369875
22.253807
13.908315
18.652987
15.598548
16.213063
20.417541
15.784256
18.661518
17.980966
15.141351
24.534962
15.110147
16.609914
20.450465
16.110464
21.652472
17.793439
14.649708
22.951775
17.092499
17.783979
21.717912
28.998722
16.281099
13.790019
19.256856
17.768689
19.401538
18.521243
19.647354
17.647762
23.382851
19.087719
21.752613
22.677076
19.170915
13.452351
23.597631
16.827399
20.621903
18.987914
17.121104
22.201919
17.037132
19.368598
17.094869
20.710896
18.810848
16.087020
22.456347
14.456364
18.986843
19.929775
24.097242
21.600228
20.181255
20.306544
15.204226
14.297238
25.198313
15.860732
17.200027
18.163368
21.149968
16.089533
16.669859
13.672683
19.765655
19.451273
26.894850
14.916434
16.547032
14.286538
23.769023
20.129932
16.146364
20.114030
20.068215
18.910102
24.563212
21.707540
16.483099
17.104353
22.972549
15.074042
16.665447
22.025995
20.444758
20.358649
20.240982
26.254400
17.284998
18.444905
21.077652
19.532121
15.774408
17.603476
17.691036
19.250371
20.149728
18.499648
19.593756
