26.593409
12.387798
13.193109
15.976920
15.568898
25.499234
12.966184
13.171363
19.209631
13.626550
9.658989
10.878606
21.531073
20.418699
10.853196
22.642590
12.519723
15.949852
12.991579
7.144399
12.760085
20.201015
18.838358
18.380718
18.215676
20.687345
11.123995
12.388248
11.908876
15.381799
15.537390
16.298885
12.922325
13.811170
21.363586
31.215550
16.227952
13.917865
20.840637
13.004699
18.976796
14.377616
11.211976
15.185754
21.686198
14.519290
29.867602
13.162903
12.339025
9.316692
12.764548
13.082611
17.750344
11.595925
18.460497
20.784877
16.636506
9.404594
18.222635
10.135864
9.506403
19.783947
14.209393
17.677129
12.013903
12.678745
16.072842
11.923585
18.382970
15.775215
9.576295
14.717084
13.980693
13.769024
15.278348
16.538306
14.140189
10.535433
13.403483
28.487794
12.191883
12.834700
9.547002
13.183791
10.981543
12.901194
21.267616
15.100682
19.997872
14.885004
22.223517
26.052449
12.666771
12.403518
23.264335
13.660443
18.060590
11.924117
9.852747
13.656811
10.039206
11.861103
13.092803
10.145039
21.628779
16.946426
15.847649
12.438417
14.663188
20.737548
13.359826
13.204059
14.358348
18.714906
12.901493
22.618241
17.815393
13.875537
11.093132
12.572865
13.029183
14.689728
13.918166
11.405470
11.477763
24.409559
23.738032
12.318599
11.659069
10.916182
9.798005
12.462504
9.818325
18.626080
12.624676
14.422142
12.127340
12.977707
12.157424
11.072751
11.943944
13.360974
13.671828
13.726757
14.694296
10.527402
17.470663
20.778431
17.092577
31.120373
9.999484
24.799829
11.720957
17.130066
14.911098
20.878395
11.478280
12.143114
10.428507
10.436002
22.070657
13.893799
11.125502
17.890543
19.759513
10.187463
18.295010
11.820667
16.893804
10.963374
12.189680
16.380408
19.903547
10.209406
13.034001
16.359959
18.041742
8.631675
21.354442
16.091911
36.100000
9.644449
16.305082
18.203213
16.742648
14.304755
14.157092
14.454405
15.733612
11.678505
14.652038
13.180827
16.241771
13.689422
14.627076
15.736622
17.120304
9.771370
15.390171
10.723100
11.018897
17.088516
24.168728
36.303460
14.326086
12.364409
15.791991
9.748397
18.150076
15.698273
12.500858
12.227194
12.840501
17.904105
22.602870
33.830635
17.910523
11.953483
17.202090
9.996876
21.778132
15.703431
15.202575
18.414575
16.418870
12.314264
24.284901
21.558222
19.029839
14.399920
12.303938
16.671590
13.086045
10.695951
11.481838
11.532803
18.003213
16.269325
13.041651
14.145230
14.372141
9.528613
20.572835
13.394279
11.267218
9.967286
16.897955
13.821929
24.859590
20.388347
21.033832
24.607302
10.910313
14.654047
17.954639
12.473520
18.390803
17.046240
12.787685
18.963595
25.758287
25.658317
10.721090
12.044645
14.147066
13.460073
11.690309
9.563227
11.004308
13.633107
13.260330
23.993272
13.325229
16.357937
13.400306
16.522291
10.643114
18.054399
20.195689
29.384407
10.710865
14.885948
28.176998
16.820974
20.353964
8.714752
13.934980
15.405219
14.505984
10.002912
18.873862
17.240739
16.274371
12.067896
15.513418
9.747697
11.620340
11.029237
15.273272
17.543949
13.754568
18.827154
14.930528
10.170769
16.727112
9.973188
13.837066
23.003467
24.406900
17.178690
12.005113
27.568535
21.330401
13.051105
15.230616
16.391028
20.855191
10.818071
14.624055
16.422113
11.567628
12.475789
13.526502
11.318563
17.058951
16.862779
11.496556
21.364329
15.559961
16.287190
11.744295
14.875724
18.476005
9.817232
13.273785
25.756785
11.324575
20.276036
17.805575
14.181263
14.276404
10.117663
15.957189
19.389445
12.457178
10.150114
14.844385
11.101436
21.069646
16.975170
12.942405
13.892882
13.103714
11.609290
10.558423
13.272079
13.222265
9.107718
12.990440
12.906977
13.702409
16.278157
18.783798
23.839221
20.078026
10.596935
9.279728
9.137257
12.360011
15.997395
9.766776
11.306225
11.070362
16.732134
14.692821
11.945973
14.019977
10.621880
12.034193
10.268992
13.300106
14.497525
18.935510
20.653830
12.850142
24.124789
9.961347
19.878653
16.277348
23.136089
20.347463
13.648983
12.800613
12.072322
19.239472
14.809752
15.982378
9.428758
13.967739
14.363933
16.091578
13.996158
12.689519
15.774795
10.820236
33.939830
21.742566
10.669988
15.621537
13.742345
9.916118
12.100179
17.918824
11.994002
15.545301
11.542175
11.417839
9.834133
19.635435
20.995876
12.725455
19.126789
10.933181
12.993279
9.891009
15.139939
14.415250
14.840204
14.511329
16.168441
9.423742
12.790571
16.741292
16.463397
13.960609
9.210938
21.495084
8.980332
28.098615
14.457102
39.103730
13.483617
17.306792
15.575118
8.544036
19.220547
16.938185
13.721100
19.110509
9.266782
10.061388
16.761875
17.764290
14.264366
11.889221
10.961767
11.669687
8.777304
23.515241
16.335869
13.618052
10.600590
15.067592
16.197351
15.769476
20.134822
13.323422
9.721263
11.722606
12.249888
16.630949
8.313096
12.402219
24.038239
15.541082
26.004155
17.306262
10.392374
11.378012
18.339168
12.635518
16.633889
13.057441
21.458288
8.131787
12.375742
14.951903
13.762484
14.064478
16.529070
21.636781
8.947237
15.200039
11.666920
14.163118
12.003497
11.316569
13.166881
12.175506
11.835998
16.284291
11.451272
15.629787
29.319916
21.363544
21.593403
13.117258
10.706147
11.028278
12.312985
13.211822
10.046546
16.628663
12.328261
9.312036
11.699979
13.988321
10.288145
10.577661
15.056903
12.592227
12.756622
14.881778
14.871885
24.452575
9.760271
11.815274
20.885952
12.505804
11.818227
19.377973
11.809460
13.960338
16.225321
18.776825
13.587869
24.391527
15.002495
17.133328
12.573252
24.581501
13.787961
16.541597
23.045229
14.372515
13.977620
18.412763
22.003894
23.254099
10.016266
13.612290
22.202157
13.708479
9.492602
17.289567
20.407304
11.699932
13.500489
15.680899
18.714216
13.622739
17.404008
16.262948
9.846192
13.311332
13.659828
19.261724
14.534254
25.875026
21.471105
18.437637
18.653111
18.648445
14.025919
18.002618
19.386373
12.382831
15.658487
11.947257
15.083339
12.798503
18.614950
13.755549
12.890713
17.308219
18.611930
12.670878
26.324428
11.071800
15.068646
10.380412
18.224056
11.966253
11.718850
9.903164
15.098805
16.901302
11.963923
16.350036
10.285924
13.752964
11.609865
25.675662
12.050662
13.151614
16.107974
11.847934
11.103470
17.751207
15.041489
18.992660
12.546481
13.080003
12.281052
23.681596
15.734316
9.335073
18.090224
15.221462
18.916460
12.378522
14.219575
16.532472
24.005599
16.246506
15.046632
14.693033
17.023504
10.875408
11.241053
13.478822
11.470270
20.319040
23.375583
16.724305
19.162272
11.099893
20.904256
17.706012
10.432569
11.562997
23.442188
17.953778
17.147236
18.019818
10.879083
9.479997
13.280810
21.435952
10.684503
14.243035
15.841655
13.674620
17.475866
15.751508
15.554444
16.458547
9.824385
17.390200
10.190806
11.987356
28.437270
15.312630
13.467139
19.764087
17.143524
11.036510
22.854964
17.438415
20.120576
11.852989
16.400093
11.333239
13.315706
13.062560
12.338509
8.529945
14.498089
11.588785
12.250191
12.650451
10.819367
30.862798
11.922285
11.297560
21.028206
9.877903
17.735993
14.649024
15.627385
15.232812
22.564433
11.153709
12.104027
12.421474
12.613711
27.049463
13.120531
15.362328
9.111636
12.160118
15.633647
23.931540
13.849385
18.885529
13.782903
13.579950
14.384273
13.435580
15.988259
19.915945
17.873926
15.380838
10.202881
13.912859
13.236140
18.440902
20.117253
10.821385
14.997991
14.608097
14.565528
27.775092
17.258215
15.754937
22.073949
13.237786
20.949150
13.896269
21.315092
15.319380
16.059508
9.968787
13.763937
11.351439
12.674062
13.517081
11.195137
13.217178
15.724697
21.361624
14.475534
28.933732
15.085697
18.058421
12.485736
14.318440
14.012140
9.587207
11.234317
18.323537
17.809003
17.815843
10.173218
11.139317
13.598136
15.720679
11.802597
10.820274
10.592750
20.193387
11.814792
15.556184
20.299667
15.631322
16.282899
13.234994
21.677103
9.325991
14.877501
15.262861
13.544844
16.196698
16.677573
16.207062
17.448802
13.697586
9.544579
17.360677
21.635494
14.430852
10.202214
13.323976
12.913926
17.226670
18.061789
16.865230
16.873143
16.131819
16.907441
13.521068
15.325900
9.494340
18.981786
14.122756
16.999742
22.180443
18.297729
14.600210
12.028269
13.089046
12.686020
16.795198
16.033510
16.060048
14.697764
11.013251
11.457718
17.278727
17.350028
16.177443
21.401152
14.291334
12.890649
17.986100
19.146449
20.531024
9.865367
15.894673
13.005944
21.971732
27.555037
8.184066
11.645459
11.512718
18.174792
10.277845
10.679336
10.544165
23.876179
15.062792
10.574858
19.233627
20.467674
11.906703
15.214599
23.657082
16.894214
12.483062
30.335241
15.697315
15.216867
12.517400
11.024288
14.338849
22.364308
11.305693
10.902917
14.544224
10.438086
16.319253
15.945164
14.122336
14.194131
9.193575
13.190462
26.201723
19.560751
20.744841
15.690216
13.333075
19.553015
13.224910
15.529366
11.180963
14.039605
14.548815
11.273968
13.679675
25.504872
15.186393
11.545051
17.345938
21.947362
12.806436
11.038749
14.589564
28.371721
14.181486
12.337329
15.483795
12.895684
8.100223
24.855267
11.125838
15.588506
14.815577
9.650267
16.934973
18.379830
11.928679
10.691026
12.615617
12.608580
16.029538
16.018924
14.277480
15.666757
18.713123
14.403074
23.090340
16.513727
22.403037
13.802190
9.351974
11.897756
27.135106
16.096376
11.177290
16.309453
12.957771
15.555018
13.197212
10.443816
11.873800
11.879093
11.604283
13.765485
15.644320
10.663651
13.749449
14.157077
11.505885
8.731372
18.359086
12.948219
20.246766
14.006108
9.523599
18.708313
17.851923
12.011222
8.355010
11.945149
17.144214
14.133226
9.450028
15.798467
14.127172
9.182026
13.979391
35.547576
11.463918
13.290885
13.405184
12.465170
12.859969
24.919713
9.920715
15.011277
11.169596
21.245179
12.387357
22.877955
27.288473
9.021569
14.794153
16.567481
12.394806
18.574800
17.320864
11.400203
13.972255
21.260088
18.782286
13.200741
17.259182
13.739655
18.435063
12.978235
19.054777
20.682082
16.370058
10.483375
10.919709
10.180933
10.857469
20.841178
14.726031
15.935354
14.917968
19.244563
13.880050
12.428231
17.634821
12.924072
8.039017
12.577550
13.751200
10.208094
12.923279
17.351417
15.245293
12.798877
15.236197
22.012174
16.297007
14.143674
17.266184
17.274892
