2.201154
1.161551
1.453731
1.271539
1.484605
1.358976
1.750915
1.641466
1.483954
1.264813
1.567329
1.576944
1.079676
1.304899
1.469818
1.399001
1.405513
1.877508
1.130212
1.269030
1.711633
1.330845
1.192377
1.468587
1.426320
1.424209
1.535461
1.522654
1.687198
1.337397
1.461468
1.386125
1.604902
1.805390
2.082441
1.240441
1.321658
1.331403
2.327406
1.429478
1.747957
1.625412
1.515438
1.545039
1.624747
1.692252
2.555305
2.404728
1.181608
1.815387
1.272748
2.092231
1.645346
1.421031
1.454081
1.353024
1.600492
2.480916
1.650612
1.570023
1.543072
1.588086
1.458145
1.444122
1.645235
1.707397
1.951141
1.728143
1.499085
1.404455
1.463004
1.890573
1.738905
1.413013
1.377173
1.666505
1.379844
1.909440
1.037154
1.635442
1.621175
1.469800
1.332175
1.684351
1.507368
1.382851
1.398785
1.254504
1.120744
1.996444
1.366696
1.372222
1.233221
2.326674
1.872194
1.537886
1.494761
1.353903
1.661964
1.804045
1.713248
1.342373
1.501606
2.101523
1.261371
1.399161
1.756533
1.560129
1.293351
1.310041
2.296138
1.150568
1.817393
1.910218
1.407642
1.420562
1.522251
1.588975
1.480636
1.353299
1.456894
1.894449
1.399337
2.032879
1.722700
1.488628
1.376214
1.721819
1.253212
1.302689
1.162784
1.715387
1.556313
1.552524
1.658851
3.358666
1.257473
1.222279
1.181443
1.266655
1.108615
1.664445
1.149423
1.499877
2.108198
1.595006
1.885445
1.527159
1.260547
2.521545
1.781866
1.904026
2.062201
1.626364
1.988329
1.884327
1.190936
1.158732
1.621126
2.230325
1.371460
1.320066
1.341638
1.364838
1.601877
1.334909
1.261412
2.216618
1.568703
1.604963
2.131757
1.778050
1.433775
1.514246
1.322250
1.645694
1.841626
1.648998
1.865784
1.356050
1.385403
1.763452
1.933050
1.318547
1.651917
1.834731
1.620769
1.685474
1.213080
1.320939
2.173290
1.519799
1.231472
1.723058
1.229723
1.825945
1.522868
1.680702
1.557099
1.146503
1.237378
1.430080
2.048205
1.464104
1.432748
1.510400
2.252887
1.419652
1.997555
1.373065
1.270540
1.886622
2.220345
1.392033
2.138836
1.482449
1.745625
1.264686
1.690552
1.360013
1.542997
2.200770
1.369321
1.540446
1.356681
1.262195
1.303048
1.090870
1.291816
2.106448
1.809035
1.794860
1.716839
1.738345
1.258605
1.348161
1.209350
1.657624
2.045474
1.691351
1.110582
1.529419
1.372992
1.405273
1.924143
1.163728
1.451927
1.462545
1.818698
1.704140
1.252993
1.470514
1.358845
1.334412
1.767043
1.632925
1.565010
1.325393
1.494551
1.497594
1.526811
1.258597
1.326638
2.105077
1.637477
1.744876
1.152368
2.159247
1.763648
1.891121
2.111142
2.161507
1.703518
1.216537
1.487368
1.159421
1.275773
1.282159
1.194015
1.803531
1.520211
1.486678
1.447740
2.356276
1.573617
1.319030
2.022184
1.552066
2.068184
1.794698
1.216389
2.241187
1.490679
1.672968
1.629785
1.304086
1.498648
2.003684
1.550424
1.525880
1.385737
2.312540
1.194121
1.985340
1.673111
1.660668
1.219953
1.227209
1.456262
1.233400
1.574445
1.377291
1.418431
2.015121
1.514300
1.181107
1.709703
1.996063
1.174009
1.404474
1.172109
1.421560
1.361434
2.097012
1.418296
1.361069
1.609919
1.206531
1.320745
1.501989
1.652907
1.585172
1.383452
1.726261
1.205463
1.833588
1.494237
1.606334
1.368159
1.161056
1.453035
1.867339
1.368064
1.205633
1.699846
1.406550
2.032770
1.731068
1.973567
1.489479
2.682912
1.240907
1.551809
1.394245
1.727530
1.706314
1.394132
1.369249
1.174372
1.316294
1.288988
1.718118
1.289581
2.060498
1.396315
1.396074
1.625427
1.782049
1.294055
1.696283
1.487144
1.650018
1.416075
1.597182
1.626021
1.199485
1.618145
1.424181
1.641369
1.467875
2.026478
1.447222
1.520295
1.511905
1.942340
2.054950
1.832113
1.848228
1.542931
1.709652
2.281610
1.327400
1.374056
1.260851
1.421801
1.155542
2.382291
1.182274
1.314469
1.805206
1.867883
1.316061
1.431451
1.425271
0.985321
1.568548
1.595628
1.832207
1.244830
1.104960
1.518887
1.967673
1.380334
1.270353
1.171954
1.811601
1.631123
1.365843
1.442940
2.347033
1.816645
1.497958
1.343745
1.613652
1.598892
1.733745
1.332163
1.759873
1.271699
2.089683
1.501327
1.302405
2.080727
1.595460
1.405487
1.357403
1.878196
1.157725
1.780366
1.482689
1.283301
1.585646
1.560754
2.176140
1.438381
1.262697
1.420903
2.339867
1.110590
1.951297
1.578472
1.449732
1.433205
1.183859
1.253523
1.387741
1.274643
1.171125
1.367933
1.676174
1.295639
1.426054
1.580949
1.677464
1.554133
1.711578
1.471771
1.049998
1.689978
1.783090
1.454945
1.385925
1.559846
1.470202
1.874365
1.632525
1.740034
1.313064
1.591825
1.413857
1.538403
1.135142
1.346468
2.029883
2.003804
1.646691
1.268266
1.315985
1.612263
1.461916
1.676080
1.315646
1.580171
1.975334
1.572200
1.276251
1.555232
1.556032
1.453597
1.353470
1.767693
1.318782
1.358097
1.230842
1.215032
1.724541
1.527709
1.764822
1.588235
1.352273
1.673631
1.257376
1.538870
1.271272
1.368330
1.553142
1.579597
2.190164
1.351744
1.360760
1.469117
2.491851
1.395480
1.618088
1.323320
1.589719
1.511965
1.299197
1.775797
1.193002
1.575086
1.704495
1.449566
2.200055
1.607283
1.550625
1.524033
1.689520
1.824331
1.603110
1.684857
1.886325
1.661357
1.426700
1.767504
1.811447
1.703465
1.314776
1.544586
1.985824
2.022037
1.265687
1.138463
1.748807
1.304884
1.473009
1.411944
1.176395
1.560087
1.387226
1.922140
1.523792
1.346553
1.284626
1.290105
1.585000
1.599405
1.411968
1.611433
1.613356
2.158720
1.471152
1.398701
2.285018
1.544813
1.427575
1.620030
1.327341
1.851104
1.406291
1.140621
1.251002
2.141037
1.584024
1.297162
1.165881
1.199206
1.679237
1.562253
1.966600
1.517514
1.290341
1.670087
1.480060
1.383704
1.394350
1.586586
1.749599
1.640371
1.162543
2.162545
1.811778
1.718731
1.500090
2.230724
1.036630
1.451908
2.439777
2.189397
1.261041
1.081945
1.433064
1.989947
1.567991
1.709700
1.582825
1.463838
1.640376
1.613206
1.169058
1.507732
1.214398
1.904696
1.514142
1.403215
1.832362
2.141148
1.356349
2.148194
2.201818
2.435994
1.271248
1.117977
1.213789
1.520615
1.119912
1.506234
1.937443
1.308271
1.605241
1.628319
1.781087
1.600244
1.807891
2.123956
1.488467
1.918419
2.217272
1.432154
1.850436
1.788039
1.724215
1.614455
1.516716
1.827205
2.193176
2.234902
1.142918
1.417523
2.038408
1.698006
1.057018
1.659285
1.455457
1.600080
1.400533
1.772247
2.070322
1.409295
2.024084
1.544780
2.145483
1.337498
1.231320
2.079025
1.425452
1.430238
1.299893
1.333052
1.259281
1.374467
1.325108
1.495039
1.456965
1.291136
1.282700
1.690194
1.704100
1.739804
1.492403
1.100700
1.876971
1.182987
1.407718
1.509694
1.365718
2.212241
1.166048
1.137591
1.331331
1.404624
1.515237
1.194676
1.592135
1.749344
1.532835
1.863160
1.279575
1.744031
1.732593
1.358845
1.440041
1.673674
1.787457
1.678343
1.854987
1.407345
1.932737
1.409888
1.508792
1.302165
1.216211
1.594216
1.502928
2.173452
1.703440
1.459744
2.190137
1.393929
1.323174
1.204435
1.609468
1.568696
1.594684
1.306794
1.589470
1.745814
1.213461
1.470443
1.292359
1.359070
1.891565
1.150643
2.340848
2.207117
1.626479
1.251819
1.711222
1.735699
1.238083
1.380199
1.441685
1.547678
1.636192
1.345377
1.456900
1.631185
1.821194
1.714627
1.179941
1.988998
1.473862
1.370843
1.319677
1.984128
2.017286
1.391833
1.786108
1.818064
2.361261
1.634796
1.696003
1.899129
1.653615
1.580363
1.763427
1.459935
1.633867
1.392320
1.672864
2.856896
1.082192
1.560171
1.423325
1.934847
2.015412
1.611698
1.903463
1.870765
2.211458
1.634763
1.274705
1.571024
1.276540
1.674434
1.501409
1.551359
1.911147
1.298500
1.933012
1.744963
2.678593
1.377814
2.235893
1.855074
1.948539
1.766537
1.249942
1.236649
1.573424
2.354777
1.338246
2.948223
1.798539
1.329323
1.322978
1.894031
1.273286
1.803253
1.700060
1.286378
1.609956
1.616033
1.443881
1.501393
1.259240
1.779603
1.434575
1.451219
1.490835
1.156523
1.734737
1.431060
1.432709
1.752469
1.235495
1.356230
1.413025
1.316316
1.438306
1.641755
1.072499
1.710596
1.256737
1.269697
1.771386
1.331811
1.300109
1.692717
2.382825
1.346985
1.576168
1.646289
1.688770
1.460293
1.584375
1.823013
1.536735
1.782143
1.760111
1.608245
1.546809
1.461441
1.910141
1.591058
1.730180
1.932385
1.951301
2.086967
1.784734
1.952637
1.721036
1.650938
1.234212
1.204391
1.627616
1.354799
1.922195
1.240609
1.496082
1.392392
1.913494
3.009435
2.304337
1.913385
1.568514
1.759787
1.459082
1.786772
1.506839
1.160946
1.562186
1.105995
1.577006
1.112881
1.270924
1.546189
1.544920
2.283836
1.582360
1.982768
1.631948
1.705041
1.575204
1.006734
1.412506
1.508947
1.614976
1.297114
2.005147
1.371339
1.272526
1.866417
2.155194
1.788288
1.830635
2.023337
2.431017
1.165040
1.546391
1.599868
1.375998
1.607649
2.127237
1.351383
1.904298
2.368748
1.507123
1.766017
1.357653
1.334554
1.501126
1.470228
1.456713
1.162452
2.590305
2.850538
1.686971
1.519127
2.184564
2.340828
1.591861
1.578112
1.411295
1.363560
1.512079
1.315048
1.601494
1.428195
1.459335
1.098046
1.407091
1.457459
1.459800
1.207212
1.424081
1.699245
1.513250
1.839113
1.842549
1.940350
1.388806
1.875362
2.054704
1.251218
1.350825
1.619959
1.730182
1.531204
1.604566
1.712535
1.754185
1.745319
1.114616
1.585718
1.296536
1.351461
1.412309
1.417820
1.220210
1.381319
1.578497
1.474556
1.210180
1.957999
1.834227
1.739128
1.424084
1.067901
1.621580
1.418594
1.351918
1.571990
1.321446
1.423280
1.945407
1.704208
1.436954
1.943468
1.247613
