1.584362
1.620472
1.706294
1.674389
1.760435
1.586797
1.733157
1.529984
1.607871
1.575627
1.633935
1.571956
1.753009
1.672457
1.773436
1.624246
1.763626
1.537116
1.762816
1.634216
1.517565
1.576234
1.660690
1.679379
1.756652
1.753985
1.771080
1.643576
1.546312
1.554472
1.616871
1.704848
1.587986
1.745698
1.506249
1.553148
1.727952
1.622722
1.508730
1.828140
1.814466
1.565144
1.683446
1.645894
1.561471
1.557588
1.764690
1.587249
1.775585
1.775263
1.889359
1.683558
1.607435
1.754067
1.843765
1.614460
1.714053
1.538449
1.715934
1.564372
1.587063
1.487483
1.526742
1.928549
1.475648
1.557262
1.685800
1.685014
1.629807
1.561675
1.532006
1.660790
1.699249
1.733384
1.766132
1.497567
1.733078
1.718674
1.860941
1.610862
1.763924
1.679906
1.750303
1.619002
1.657206
1.719629
1.478785
1.659243
1.800857
1.633694
1.565725
1.651564
1.664258
1.487203
1.758642
1.561891
1.643593
1.620584
1.665299
1.695747
1.715794
1.637076
1.614040
1.489404
1.715356
1.755637
1.626004
1.829672
1.660703
1.649415
1.852202
1.805636
1.687658
1.632482
1.986670
1.668977
1.530876
1.637600
1.654759
1.671099
1.651029
1.792096
1.669754
1.605299
1.631499
1.733211
1.654114
1.741531
1.716470
1.702489
1.722006
1.574692
1.606775
1.630318
1.678444
1.593943
1.782547
1.549990
1.561581
1.699780
1.850365
1.587107
1.567045
1.706132
1.569171
1.568513
1.727305
1.700967
1.531155
1.673236
1.591235
1.657799
1.612937
1.685611
1.767135
1.651658
1.802929
1.515045
1.638898
1.646920
1.802919
1.569817
1.519248
1.579225
1.782184
1.565576
1.588484
1.550557
1.725879
1.547808
1.623997
1.582513
1.721715
1.804290
1.587519
1.699870
1.690525
1.623744
1.686918
1.555049
1.736726
1.659362
1.649696
1.681720
1.575496
1.603613
1.576577
1.669913
1.585457
1.759779
1.735381
1.744021
1.587835
1.488394
1.682227
1.627900
1.680212
1.644598
1.581325
1.621736
1.618323
1.515367
1.747326
1.846588
1.622281
1.693538
1.702695
1.523693
1.702762
1.554559
1.634488
1.453370
1.607629
1.621071
1.689696
1.640048
1.747198
1.549141
1.777851
1.777028
1.570720
1.557341
1.645123
1.750366
1.613373
1.703929
1.615195
1.584925
1.629366
1.724786
1.591174
1.665043
1.565373
1.603214
1.667578
1.528265
1.663036
1.635392
1.620537
1.673498
1.766813
1.666215
1.678582
1.581833
1.593408
1.562604
1.580235
1.672004
1.600487
1.604353
1.611341
1.498246
1.699508
1.527225
1.696915
1.558676
1.493854
1.600966
1.664314
1.720748
1.668495
1.685854
1.615097
1.664315
1.496934
1.609871
1.614107
1.724669
1.758880
1.708738
1.485917
1.641046
1.649013
1.643642
1.609611
1.684904
1.607581
1.592445
1.673055
1.654612
1.555071
1.776715
1.635756
1.826491
1.724129
1.507451
1.753846
1.794025
1.629781
1.583119
1.651663
1.549784
1.559953
1.645656
1.683524
1.581819
1.563334
1.616074
1.685541
1.703113
1.629212
1.802865
1.768849
1.623358
1.544094
1.752434
1.599994
1.592397
1.799180
1.753131
1.559094
1.535339
1.597477
1.514166
1.614011
1.492359
1.660002
1.745107
1.791632
1.519736
1.620109
1.550937
1.719354
1.708133
1.810392
1.588925
1.805360
1.647149
1.527317
1.593360
1.547165
1.754856
1.657381
1.598612
1.778303
1.760933
1.562734
1.718924
1.618839
1.553161
1.694859
1.728155
1.548929
1.421973
1.690801
1.529744
1.612068
1.637823
1.660043
1.614837
1.721952
1.506810
1.806669
1.674952
1.778984
1.814171
1.704745
1.887104
1.625893
1.791549
1.648259
1.576166
1.635005
1.480264
1.476306
1.512127
1.531315
1.630459
1.843670
1.779156
1.699020
1.639709
1.588118
1.551994
1.768518
1.822230
1.737962
1.696359
1.740501
1.742009
1.581393
1.532036
1.718474
1.785707
1.553754
1.688048
1.748401
1.780017
1.719839
1.710147
1.634615
1.613864
1.706773
1.524590
1.469343
1.638084
1.654406
1.558214
1.641394
1.538496
1.577488
1.554690
1.551320
1.540896
1.677361
1.678721
1.857118
1.769976
1.629550
1.613740
1.594802
1.623215
1.601387
1.603170
1.690739
1.465939
1.588262
1.618799
1.598440
1.832318
1.704751
1.597411
1.640608
1.508741
1.810749
1.643714
1.774015
1.689026
1.684545
1.660071
1.692131
1.604044
1.705412
1.716826
1.666318
1.516600
1.650074
1.482766
1.693137
1.678907
1.645838
1.740921
1.667461
1.629829
1.657570
1.382141
1.581316
1.793667
1.625192
1.723042
1.580879
1.638313
1.670570
1.530288
1.870879
1.805138
1.573587
1.734163
1.655035
1.609500
1.666394
1.691656
1.673671
1.553479
1.629308
1.580835
1.746148
1.700537
1.618664
1.748524
1.632575
1.589604
1.750885
1.750987
1.530334
1.702513
1.596544
1.650618
1.739124
1.564904
1.737773
1.568569
1.596799
1.528861
1.815510
1.605226
1.591209
1.752549
1.710637
1.614347
1.613087
1.735447
1.695513
1.545262
1.642664
1.709733
1.720693
1.562862
1.717916
1.571702
1.493541
1.685467
1.498245
1.684392
1.557760
1.614813
1.601520
1.563189
1.519857
1.740236
1.594175
1.560094
1.521331
1.441019
1.653076
1.723665
1.795352
1.786349
1.863833
1.634694
1.660409
1.696258
1.705140
1.650835
1.734804
1.824145
1.707510
1.687055
1.602304
1.658274
1.727877
1.842916
1.715567
1.571864
1.463403
1.617754
1.701863
1.532111
1.557662
1.633152
1.778575
1.780353
1.690779
1.709881
1.588818
1.566289
1.586766
1.509678
1.631548
1.869024
1.646451
1.661739
1.866125
1.705465
1.669296
1.598133
1.648402
1.542474
1.692639
1.565950
1.602805
1.667475
1.493220
1.689533
1.625241
1.648787
1.629080
1.692956
1.582971
1.747208
1.626738
1.544315
1.561246
1.593590
1.679008
1.608299
1.721602
1.684543
1.670926
1.578108
1.715560
1.587586
1.645586
1.700650
1.469824
1.545690
1.619363
1.633528
1.517772
1.576366
1.661135
1.797156
1.715426
1.654336
1.575655
1.601980
1.569896
1.630524
1.655119
1.461933
1.607855
1.715287
1.544126
1.563968
1.777865
1.588206
1.618501
1.614813
1.705289
1.767558
1.821732
1.628322
1.523588
1.632533
1.718465
1.701419
1.622630
1.676909
1.822491
1.695855
1.713473
1.914728
1.757960
1.511509
1.641850
1.766700
1.647238
1.602351
1.569200
1.554338
1.728079
1.726538
1.710234
1.659439
1.679403
1.754345
1.634526
1.575530
1.542136
1.664139
1.713506
1.600079
1.589110
1.642572
1.726826
1.695838
1.763442
1.547977
1.650777
1.527953
1.610761
1.838836
1.657895
1.766923
1.518995
1.599977
1.671640
1.578682
1.652023
1.598269
1.603205
1.699260
1.573177
1.729970
1.774975
1.599979
1.732532
1.541920
1.607343
1.649384
1.479687
1.536959
1.580444
1.753521
1.527433
1.648013
1.529165
1.711662
1.648566
1.691762
1.574926
1.655137
1.606024
1.605479
1.654152
1.773806
1.514295
1.606709
1.468031
1.653681
1.654696
1.753039
1.449625
1.658157
1.555396
1.722261
1.669963
1.742005
1.630084
1.620926
1.700388
1.677684
1.638858
1.574578
1.581701
1.586572
1.657365
1.715309
1.551383
1.600618
1.509339
1.529777
1.602963
1.693120
1.791831
1.636586
1.788984
1.657636
1.600681
1.518407
1.586525
1.877887
1.609390
1.436503
1.640722
1.765841
1.683231
1.692344
1.777031
1.683522
1.693566
1.630450
1.647264
1.668438
1.591213
1.623217
1.757366
1.592459
1.693236
1.560584
1.751353
1.732591
1.519685
1.577763
1.730592
1.689784
1.694197
1.559530
1.611097
1.858319
1.480711
1.749898
1.766768
1.755518
1.813305
1.583117
1.604231
1.705816
1.684705
1.588371
1.616523
1.714495
1.690613
1.657320
1.635338
1.622458
1.697505
1.673209
1.542258
1.581840
1.609758
1.609600
1.701129
1.794457
1.608747
1.769175
1.646031
1.674370
1.594453
1.632207
1.578138
1.658512
1.541664
1.518687
1.704600
1.788163
1.565438
1.535892
1.667997
1.545944
1.655017
1.676598
1.730589
1.660574
1.601806
1.650097
1.705044
1.702109
1.779696
1.716493
1.539808
1.604090
1.737568
1.698592
1.828644
1.638881
1.729341
1.603523
1.608091
1.567972
1.644181
1.468568
1.547532
1.723517
1.614324
1.703559
1.681764
1.535752
1.602419
1.532708
1.715641
1.762171
1.742849
1.646711
1.647589
1.650524
1.802344
1.759433
1.698517
1.636112
1.559292
1.655466
1.552586
1.876100
1.880202
1.689591
1.693312
1.812123
1.694124
1.695680
1.665659
1.504423
1.646946
1.558887
1.627837
1.786184
1.713209
1.661510
1.587961
1.763696
1.667305
1.720159
1.644883
1.600631
1.635314
1.680965
1.566894
1.514728
1.908378
1.575277
1.679062
1.678087
1.525016
1.593545
1.834989
1.657568
1.567578
1.681006
1.640938
1.627304
1.704140
1.730310
1.762936
1.736848
1.690234
1.823933
1.684821
1.780328
1.558592
1.632261
1.638039
1.607871
1.542489
1.583191
1.403204
1.594492
1.570736
1.706469
1.533747
1.608917
1.622533
1.621796
1.543582
1.620730
1.598188
1.655270
1.785944
1.510744
1.587519
1.628665
1.886274
1.660444
1.631252
1.629011
1.672254
1.659797
1.681814
1.770872
1.596035
1.820281
1.601959
1.662109
1.869562
1.732845
1.490715
1.638088
1.715438
1.671301
1.572424
1.584932
1.522737
1.600959
1.543678
1.773476
1.705634
1.726941
1.715400
1.594485
1.517175
1.874440
1.563606
1.631443
1.616569
1.667775
1.478298
1.785558
1.748756
1.554188
1.580713
1.742315
1.704464
1.579240
1.738668
1.805683
1.582636
1.559812
1.562258
1.528372
1.599133
1.556431
1.634313
1.765078
1.606683
1.610163
1.720230
1.679487
1.772473
1.734946
1.643155
1.777636
1.608894
1.698107
1.713094
1.538008
1.668578
1.532536
1.619982
1.709993
1.597102
1.502554
1.592388
1.778097
1.772490
1.613983
1.632897
1.922065
1.625418
1.659982
1.511876
1.720830
1.556895
1.747203
1.568485
1.666235
1.628401
1.601256
1.730261
1.645797
1.755011
1.558526
1.599831
1.656449
1.620980
1.735061
1.572843
1.626486
1.788251
1.711851
1.852564
1.665253
