1.791843
1.644017
1.579640
1.627556
1.709878
1.395784
1.281075
1.477993
1.437051
1.303774
1.455633
1.346615
1.690950
1.757217
1.651663
1.674927
1.862496
1.741898
1.692137
1.490785
1.555835
1.397756
1.593154
1.883101
1.670979
1.381507
1.393115
1.383398
1.864466
1.903200
1.710353
1.804776
1.619308
1.626556
1.750635
1.789424
1.773366
1.432233
1.709036
1.684781
1.762395
1.511864
1.341407
1.499730
1.459503
1.902687
1.430863
2.166422
2.071873
1.502804
1.645392
1.856268
1.549756
2.001480
1.295247
2.030299
1.682405
1.967906
1.416190
1.537673
1.716760
1.763668
1.500803
1.521936
1.606040
1.100454
1.713163
1.652305
1.145609
1.709713
1.249863
1.475963
1.638913
1.737690
1.742760
1.633504
1.894777
1.761538
1.374838
1.767121
1.463403
1.233772
1.409596
1.649049
1.912973
1.710114
1.408445
1.464193
1.798157
1.406453
1.779933
1.405476
1.560839
1.568188
1.563354
1.741431
1.705774
1.359701
1.940406
1.246973
1.944184
1.554990
1.952879
1.771144
1.451945
2.382531
2.076373
1.218996
1.466957
2.314636
1.365521
1.524879
1.794222
1.480005
1.698854
1.752462
1.426245
1.488019
1.426245
1.367399
1.739855
1.415041
2.519540
1.420833
1.332009
2.148218
1.590629
1.680439
1.534705
1.407538
1.385422
1.392304
1.767939
2.186107
1.819104
1.604926
1.185313
1.176052
1.760466
1.327888
1.648748
1.837490
1.439360
1.385313
1.475927
1.455116
1.827252
1.591132
1.310495
2.052969
1.648397
1.417470
1.721175
1.228292
1.804255
1.608305
1.960310
1.437063
1.624889
2.282058
1.419119
1.336328
1.452527
1.529989
1.891379
1.238523
1.576985
1.329210
1.712706
1.630159
1.300799
1.612504
2.151011
1.604351
1.293776
1.582592
1.560147
1.349246
1.209250
1.683120
1.694515
1.510446
1.645454
1.819278
1.514008
1.410241
1.538119
1.443745
1.491279
1.752978
2.195335
1.844224
1.934589
1.488505
1.397048
1.333863
1.383623
2.025789
1.601023
1.516555
1.743395
1.486955
1.589158
2.438200
1.400760
1.405695
1.093381
1.800499
1.569236
1.853083
1.792352
1.634621
1.353107
1.576180
1.544554
1.868206
1.505769
1.486379
1.508768
1.534890
1.427339
1.667173
1.929694
1.274098
1.363703
1.521105
1.930929
1.489687
1.684259
1.096558
1.485084
1.639207
1.244156
1.897585
1.355357
1.807466
1.577372
1.357247
1.958646
1.608949
1.494118
1.771276
1.726173
1.597233
1.579581
1.656680
1.773064
1.424676
1.462366
1.349931
1.564147
1.531917
1.575353
1.414380
1.310085
1.714274
1.542089
1.735167
1.314540
1.636453
1.444005
1.561344
1.526795
2.395661
1.830978
1.736428
1.839756
1.450693
1.651963
1.834176
1.255368
1.429065
1.293010
1.467561
1.505812
1.503434
1.950269
1.685565
1.520049
1.407739
1.689446
1.667087
1.877189
1.909998
1.533171
1.911632
1.273394
1.709415
1.487618
1.475281
1.432649
1.649616
1.446298
1.528515
1.470246
2.281357
1.718946
1.837441
2.032668
1.310302
1.999126
1.355389
2.007907
1.599151
1.495522
1.787908
1.532504
2.432873
1.723841
1.904199
1.985512
1.551752
1.260447
1.596062
1.459346
1.689901
1.478268
2.177246
1.779966
1.626103
1.622830
1.619646
1.736407
1.377219
1.398181
1.678167
1.732818
1.430346
1.630390
1.814401
1.525855
1.927136
1.552317
1.344079
1.428284
1.347023
1.799131
1.649881
1.459576
1.419878
1.663127
1.415466
1.238475
2.009955
1.413680
1.625368
1.315095
1.619274
1.384110
1.635464
1.559608
1.424648
1.417330
2.290394
1.478258
1.320293
2.127071
2.435828
2.728614
1.576397
1.562002
1.614046
1.807621
1.506825
1.705136
1.963590
1.874630
1.677593
1.812760
1.438169
1.469137
1.286787
1.802079
1.921527
1.653357
1.362110
1.261429
1.662303
1.468345
1.914309
1.928681
1.725286
1.431583
1.499110
1.778811
1.624269
1.416160
1.679477
1.831875
1.582264
2.178439
1.559578
1.801919
1.634143
1.961498
1.530713
1.755102
2.104469
1.511465
1.336134
1.895584
2.082454
1.261361
1.714650
1.700908
1.670990
1.696238
1.758039
1.759274
1.504338
1.648473
1.982487
1.875783
1.512878
1.226440
1.537830
1.363801
1.578989
1.781925
1.890979
1.734788
1.521351
1.676808
1.417707
1.676358
1.739840
1.329834
1.535101
2.307020
1.570366
1.415001
1.231237
1.432157
1.800384
1.725285
1.227257
1.496446
1.549182
1.880251
1.665086
1.628798
1.627349
1.757449
2.035632
1.775477
1.558260
1.500785
1.306075
1.513467
1.654119
1.304349
2.083589
1.652904
1.637905
1.436806
1.602568
1.903900
1.496406
1.776771
1.394287
1.884067
1.409171
1.662969
1.812902
2.284284
1.448186
1.408838
1.632513
1.304793
1.688751
1.529397
1.681680
1.627923
2.180228
1.592614
1.706457
1.434919
1.378298
1.320926
1.781467
1.502732
1.461060
1.628149
1.438756
1.517432
1.929556
1.836054
1.599403
1.318835
1.577996
1.441006
1.135692
2.008380
1.721270
1.543859
1.449921
1.368740
1.743795
1.862509
1.319960
1.892708
1.465683
1.557339
1.738573
1.764977
1.597920
1.524025
1.297737
1.417257
1.481035
1.295382
1.523530
1.476971
1.684528
2.132611
1.352746
1.465341
1.604143
1.450070
1.562738
1.657537
1.724842
1.665022
1.291514
1.222959
1.313857
1.620674
1.222424
1.948423
2.195876
1.473052
1.667136
1.774661
1.549296
1.567291
1.250858
1.356564
1.710674
1.521661
1.623511
1.432147
1.520800
1.386695
1.853825
1.791318
1.360878
1.664548
1.910923
1.691375
2.056844
1.309007
1.284147
1.469670
1.149156
1.891491
1.503936
1.360501
1.538093
1.357663
1.518060
1.690716
1.710522
1.820683
1.342567
1.461383
1.447465
1.624350
1.277471
2.010632
2.360900
2.445350
1.452662
1.509266
1.450889
1.858066
1.651187
1.784400
1.722077
1.847170
1.288128
1.777292
2.005527
1.282950
1.552156
1.745612
1.412891
1.633177
1.614607
1.370155
1.414732
2.247568
1.629619
1.639743
1.785875
1.873241
1.766276
1.944335
1.809191
1.721540
1.437899
1.771989
1.610922
1.664365
1.451124
1.672985
1.537527
1.705155
1.498770
1.523115
1.840830
1.538275
1.710188
1.984491
1.927040
1.769034
1.970754
1.751754
1.290133
1.764472
1.955261
1.554907
1.331845
1.689602
1.479975
1.816275
1.442160
1.695834
1.977124
2.054585
1.849240
1.733342
1.315369
1.658524
1.771983
1.436673
1.872264
1.619866
1.882591
1.618571
1.601392
1.649571
1.677317
2.365358
1.377202
1.428227
1.555933
1.503761
1.698442
1.334015
1.552948
1.904008
1.497267
1.625416
1.525993
1.334127
1.376185
1.289056
1.831682
1.729243
1.320575
1.684071
1.890030
1.897754
1.644454
1.429780
1.556820
1.797838
1.535746
1.797866
1.608078
1.551667
2.106580
1.370634
1.864097
1.490074
1.657571
1.625195
1.557062
1.441146
1.441769
1.685121
1.530382
1.456661
1.585454
1.537109
1.740692
2.182213
1.546442
1.377817
1.667186
1.290939
2.116304
1.779414
1.584228
1.860121
1.534579
1.438789
1.832006
1.393658
1.550613
1.674231
1.532893
2.007453
1.469335
2.276180
1.649743
1.498179
1.806526
1.359500
2.336342
1.287044
1.607551
1.376187
1.435138
1.566894
1.510040
1.656228
1.857199
1.320235
1.281124
1.600184
1.873936
1.560296
1.628225
1.493736
1.749690
1.616463
1.535695
1.464785
1.398795
1.310648
1.647628
1.348792
1.308200
1.328410
1.695235
1.225841
1.824762
1.770623
1.400451
1.271303
1.847771
1.676902
2.001905
1.405306
1.931300
1.490467
1.458751
2.213630
1.704710
1.500106
1.698849
1.837881
1.313154
1.865070
1.873128
1.597455
1.671456
1.513379
1.517724
1.195471
1.705247
1.817860
1.196925
1.289125
1.639364
1.360316
1.668926
2.543082
1.960423
1.369782
1.804545
1.433523
1.427939
1.956984
1.714356
1.568408
1.706341
1.514835
1.552112
1.974062
1.638587
1.886639
1.416392
1.727155
1.773743
1.486538
1.402286
1.547853
1.265773
1.816497
1.993050
1.533166
1.512003
1.599178
1.257324
2.097095
1.939371
1.343153
1.609083
1.575721
1.989561
1.453367
1.299351
1.747723
1.360030
1.246008
1.512667
1.855337
1.344971
1.565718
1.582091
1.808967
1.480595
1.525843
1.363455
1.394218
1.571564
1.644914
1.483361
1.659981
1.392337
1.685549
1.256014
1.469238
1.706451
1.614536
1.316115
1.933315
1.580217
1.750180
1.797292
1.487971
2.032606
1.432175
1.529686
1.657506
1.819304
1.395152
1.444929
1.841247
1.827739
1.486053
1.766707
1.524678
1.583511
1.392458
1.768154
1.909405
1.815332
1.658295
1.281206
1.772307
1.857384
1.744958
1.710580
1.744007
1.430097
1.408080
2.260421
1.451314
1.339836
1.475085
1.711737
1.343832
1.370473
1.679771
1.688356
1.256326
1.690428
1.425525
1.952830
1.546393
1.786857
1.386387
1.420470
1.766631
1.244585
1.867891
1.178607
1.472489
1.715238
1.704446
1.888714
1.552562
1.627946
1.389697
1.686177
2.042456
1.214283
1.425399
1.408537
1.343417
1.378342
1.709472
1.475382
1.521776
1.439926
1.996493
1.451949
2.232904
1.717417
2.005756
1.556384
1.753565
1.445049
1.633881
1.567501
1.803305
1.610160
1.771619
1.640947
1.490892
1.619745
1.439776
1.543055
1.923133
1.480668
1.317076
1.143930
1.490047
1.506473
1.351631
1.345229
1.483918
1.596870
1.518663
1.494197
1.400177
1.842596
1.635801
1.596743
1.448536
1.279098
1.782825
1.442796
1.488529
1.331841
1.610383
1.704272
1.700694
1.512095
1.426056
1.606970
1.444791
1.391423
1.639979
1.781605
1.490967
2.147968
1.844916
1.509851
1.859356
1.315315
1.396629
1.527306
1.727957
1.705649
1.766043
1.446757
1.530126
1.882587
1.297741
1.476499
1.919296
1.706069
1.778008
1.295958
1.464864
1.234079
1.540770
1.572265
1.521511
1.224532
1.257294
1.494859
1.557599
1.934996
1.582429
2.096661
1.338450
1.254691
1.654410
1.539344
1.760357
1.506293
2.300427
1.575100
2.076000
1.724847
1.537725
1.614770
1.891128
1.462492
1.652051
1.617060
1.660726
1.325187
1.965306
1.443851
