1.638169
1.651162
1.580611
1.628527
1.610388
1.612091
1.655361
1.614374
1.668874
1.663759
1.697751
1.676550
1.699730
1.700025
1.657513
1.626593
1.572028
1.586968
1.653729
1.692488
1.666492
1.608547
1.632102
1.614941
1.666127
1.637760
1.676884
1.697738
1.662980
1.589716
1.639997
1.680505
1.678058
1.644417
1.653851
1.665934
1.669586
1.580140
1.687531
1.611199
1.625159
1.618109
1.588793
1.608959
1.687570
1.664484
1.706404
1.558665
1.627768
1.648749
1.631381
1.728565
1.650102
1.632930
1.668308
1.699725
1.636503
1.665938
1.566019
1.689492
1.665627
1.591369
1.587516
1.681930
1.694060
1.602536
1.582975
1.611390
1.604806
1.617470
1.742953
1.659789
1.618028
1.636843
1.675061
1.724057
1.624434
1.647394
1.618859
1.589154
1.624510
1.695945
1.618928
1.654281
1.703307
1.592696
1.663399
1.672422
1.799192
1.671670
1.680673
1.670625
1.803722
1.635155
1.728407
1.570855
1.645079
1.663057
1.698761
1.543388
1.583090
1.672641
1.511154
1.698787
1.680656
1.645700
1.692822
1.649267
1.647003
1.694227
1.663181
1.626289
1.653664
1.631481
1.612235
1.590222
1.703812
1.633459
1.702777
1.641992
1.588055
1.715199
1.648300
1.664815
1.641934
1.621949
1.585798
1.655637
1.598319
1.742021
1.712229
1.688186
1.656305
1.663833
1.622826
1.759750
1.591683
1.688563
1.644746
1.563312
1.678690
1.688854
1.672433
1.655369
1.623103
1.665701
1.632191
1.656274
1.546555
1.666114
1.697049
1.587563
1.725635
1.644609
1.737483
1.701809
1.635486
1.666148
1.597090
1.636464
1.660819
1.678249
1.685995
1.711229
1.632100
1.626629
1.670690
1.594869
1.636551
1.661691
1.592710
1.624593
1.613291
1.648397
1.644674
1.615113
1.639249
1.592914
1.679325
1.641099
1.725498
1.731647
1.625798
1.607521
1.589459
1.639346
1.674250
1.666468
1.705371
1.671025
1.703155
1.558886
1.659447
1.698167
1.687121
1.653420
1.591795
1.684284
1.643279
1.708808
1.655001
1.591650
1.659727
1.646204
1.619968
1.622311
1.679578
1.595927
1.674827
1.628816
1.595574
1.620442
1.674819
1.641630
1.652978
1.708811
1.650903
1.748417
1.700277
1.709705
1.546127
1.673965
1.669684
1.661000
1.632500
1.708700
1.654298
1.679624
1.685419
1.639894
1.683985
1.635398
1.719898
1.605400
1.642823
1.739922
1.603609
1.651462
1.663597
1.692546
1.585850
1.643164
1.649291
1.719231
1.632731
1.633346
1.628683
1.626411
1.598405
1.702829
1.697166
1.608258
1.703395
1.673665
1.595834
1.641331
1.751035
1.747280
1.617950
1.721927
1.605285
1.694119
1.690106
1.680663
1.660625
1.626166
1.634138
1.650864
1.630549
1.609809
1.634995
1.719418
1.597960
1.694033
1.676444
1.673720
1.633005
1.671189
1.612937
1.629317
1.635942
1.621767
1.640932
1.642405
1.651100
1.638292
1.619154
1.713545
1.605210
1.611041
1.641621
1.708606
1.617556
1.592576
1.677831
1.679057
1.704583
1.679746
1.690386
1.605273
1.664960
1.662082
1.649364
1.673680
1.635095
1.578857
1.618852
1.613705
1.640052
1.622893
1.622167
1.724437
1.625329
1.630123
1.620524
1.660904
1.701107
1.675959
1.709496
1.740414
1.623483
1.662819
1.628658
1.642062
1.642168
1.622637
1.658641
1.609402
1.636444
1.601244
1.553885
1.614315
1.689892
1.648991
1.679614
1.617885
1.660519
1.624566
1.608873
1.577344
1.694459
1.642173
1.657967
1.599893
1.600072
1.632607
1.655071
1.673739
1.614903
1.598658
1.617673
1.641506
1.660045
1.590896
1.647787
1.713862
1.677228
1.652251
1.648222
1.637640
1.631221
1.802031
1.627626
1.666829
1.720161
1.685292
1.703242
1.659121
1.697207
1.655565
1.674315
1.674295
1.585670
1.700096
1.648294
1.678381
1.630196
1.589197
1.644328
1.624607
1.588838
1.689914
1.624993
1.736498
1.665185
1.757884
1.591225
1.623985
1.577995
1.612944
1.618897
1.639152
1.694576
1.597452
1.633070
1.606385
1.619254
1.592962
1.625685
1.600428
1.625605
1.637910
1.663168
1.638660
1.678508
1.670767
1.671190
1.582774
1.663259
1.634455
1.637825
1.645067
1.550333
1.672401
1.649725
1.654616
1.664953
1.546269
1.586948
1.638210
1.677114
1.588975
1.668006
1.650998
1.583421
1.602779
1.594234
1.692738
1.661177
1.642009
1.614089
1.641062
1.571610
1.686026
1.631290
1.654638
1.636771
1.629222
1.660010
1.742746
1.589979
1.691288
1.628150
1.536407
1.675732
1.745236
1.651073
1.604406
1.675136
1.584472
1.615368
1.590033
1.654794
1.657782
1.658483
1.738796
1.575212
1.736264
1.677297
1.665020
1.623271
1.653485
1.602164
1.742152
1.698084
1.706255
1.655269
1.646184
1.683546
1.598883
1.720137
1.677391
1.628475
1.630130
1.682326
1.630870
1.675251
1.644881
1.585317
1.658173
1.658502
1.679178
1.520251
1.726728
1.689286
1.688151
1.604668
1.626311
1.597619
1.726077
1.596451
1.662923
1.665169
1.647271
1.631007
1.567159
1.624439
1.701288
1.583970
1.645779
1.607836
1.618757
1.631589
1.703964
1.597594
1.627583
1.646680
1.719933
1.723031
1.598469
1.683793
1.605879
1.585610
1.674925
1.694435
1.687117
1.547789
1.572768
1.733141
1.643335
1.578753
1.668046
1.647384
1.683019
1.709682
1.637732
1.670244
1.566624
1.600489
1.666197
1.620988
1.691905
1.607223
1.749255
1.746820
1.641057
1.657349
1.625187
1.638815
1.736581
1.563152
1.645112
1.690680
1.692829
1.615383
1.570538
1.597143
1.577450
1.620098
1.603250
1.629047
1.634040
1.588107
1.702887
1.560059
1.726310
1.597948
1.681296
1.629441
1.629875
1.637413
1.604053
1.683941
1.598321
1.681583
1.636552
1.645038
1.701718
1.745579
1.649351
1.632521
1.635197
1.621868
1.662084
1.643798
1.736067
1.561493
1.731690
1.580798
1.620056
1.675948
1.685354
1.679031
1.666124
1.656059
1.634430
1.616142
1.624029
1.699182
1.677458
1.594758
1.612598
1.715961
1.700235
1.670766
1.661591
1.653058
1.604041
1.623443
1.656248
1.676998
1.618552
1.556596
1.592909
1.603066
1.620315
1.569380
1.711903
1.604475
1.677461
1.612856
1.711621
1.658400
1.660367
1.678141
1.584983
1.657385
1.583347
1.661817
1.687792
1.678385
1.643093
1.613261
1.670196
1.662993
1.671289
1.662971
1.660146
1.638766
1.659926
1.628953
1.726937
1.607505
1.602362
1.607462
1.706462
1.660690
1.661168
1.700919
1.604316
1.604051
1.657647
1.622770
1.660002
1.677418
1.555558
1.670581
1.695242
1.635393
1.653204
1.677686
1.632438
1.504907
1.638691
1.627151
1.586130
1.626594
1.702078
1.736646
1.678932
1.712784
1.662162
1.672054
1.687438
1.588998
1.639665
1.626506
1.670814
1.648213
1.734595
1.643953
1.630084
1.633367
1.614146
1.651023
1.696332
1.645948
1.668721
1.625173
1.669021
1.640009
1.594203
1.701959
1.637765
1.618988
1.585666
1.689346
1.684598
1.678104
1.609616
1.630776
1.717453
1.720944
1.599885
1.604139
1.650304
1.617665
1.704973
1.599239
1.613513
1.566520
1.613513
1.597131
1.726680
1.704258
1.590169
1.699003
1.627342
1.687621
1.632773
1.641541
1.647489
1.574462
1.688205
1.694005
1.640723
1.728333
1.729304
1.647831
1.670499
1.743018
1.692606
1.637923
1.701755
1.755918
1.656115
1.695323
1.754267
1.636804
1.711843
1.672373
1.678512
1.624655
1.598936
1.568159
1.606684
1.638470
1.540550
1.646479
1.651363
1.587568
1.657634
1.654252
1.666901
1.669817
1.725354
1.616016
1.562130
1.624982
1.555011
1.711085
1.667647
1.563426
1.658142
1.686761
1.626778
1.648752
1.650978
1.651543
1.644318
1.676852
1.678689
1.728671
1.592060
1.660769
1.617033
1.681632
1.666739
1.650192
1.678620
1.655921
1.716800
1.673318
1.624901
1.621601
1.654569
1.701103
1.611916
1.636933
1.701015
1.596831
1.564187
1.635726
1.629833
1.680823
1.577085
1.667262
1.657384
1.629993
1.638373
1.630163
1.694309
1.609173
1.643935
1.606364
1.633350
1.629535
1.632907
1.592895
1.602006
1.626234
1.640721
1.665027
1.777848
1.708282
1.639940
1.727429
1.616700
1.608743
1.628705
1.591270
1.610406
1.671677
1.740887
1.691989
1.674240
1.600880
1.608420
1.558043
1.558218
1.648194
1.638163
1.661600
1.636372
1.591859
1.624175
1.665279
1.614203
1.678931
1.626167
1.595940
1.746436
1.672679
1.643045
1.666108
1.725220
1.603695
1.700731
1.727314
1.726563
1.711638
1.582442
1.665812
1.625686
1.621262
1.584580
1.541884
1.648182
1.660499
1.635640
1.621783
1.580704
1.630676
1.631273
1.624590
1.647353
1.716036
1.595244
1.660819
1.593478
1.663286
1.635729
1.621843
1.539315
1.597883
1.656115
1.698076
1.607014
1.724377
1.612270
1.684427
1.689428
1.651168
1.608190
1.670973
1.586925
1.693262
1.604808
1.647450
1.657302
1.634759
1.615397
1.636089
1.613963
1.594885
1.686159
1.619527
1.675547
1.660404
1.582518
1.566364
1.683893
1.662851
1.569580
1.721788
1.692495
1.677733
1.650647
1.620715
1.708004
1.591910
1.631018
1.669850
1.571606
1.672876
1.632337
1.595278
1.654934
1.621281
1.664617
1.629092
1.641848
1.720931
1.639234
1.549911
1.693175
1.705040
1.643791
1.756534
1.689654
1.708336
1.592819
1.690855
1.689854
1.564580
1.686769
1.765199
1.666096
1.547433
1.688909
1.624626
1.701709
1.611921
1.704099
1.679234
1.680196
1.674629
1.578256
1.703071
1.729378
1.627354
1.597624
1.685578
1.716829
1.603588
1.750514
1.704622
1.722714
1.644707
1.651015
1.624964
1.659762
1.666616
1.658357
1.687051
1.515379
1.689600
1.723407
1.635356
1.592813
1.651623
1.658948
1.606861
1.691390
1.729082
1.563698
1.666262
1.665603
1.614299
1.596446
1.594995
1.613722
1.657959
1.657550
1.680547
1.621670
1.763991
1.677056
1.636613
1.642133
1.572227
1.737302
1.693240
1.594383
1.655560
1.642327
1.621170
1.621208
1.625523
1.595328
1.718691
1.672174
1.683431
1.660438
1.633190
1.648382
1.633521
1.644415
1.750604
1.630432
