1.708013
1.405967
1.544754
1.582628
1.640080
1.685480
1.682036
1.800065
1.606558
1.566324
1.576394
1.410062
1.622837
1.616104
1.719725
1.557677
1.534223
1.453747
1.535020
1.686962
1.570760
1.696061
1.685726
1.536449
1.661467
1.507873
1.776581
1.504646
1.611897
1.655436
1.529808
1.661546
1.645584
1.535962
1.826123
1.570213
1.605779
1.741602
1.621435
1.760985
1.782133
1.366017
1.712202
1.662854
1.781786
1.575917
1.578683
1.760026
1.740138
1.572048
1.753527
1.599877
1.577908
1.751197
1.729789
1.612544
1.563888
1.513111
1.536916
1.459533
1.700185
1.627366
1.610234
1.551565
1.496305
1.493690
1.551874
1.796809
1.624568
1.612620
1.655093
1.500424
1.590954
1.619963
1.526416
1.665657
1.711899
1.781586
1.908998
1.767746
1.798953
1.850109
1.505355
1.820061
1.735605
1.466881
1.647128
1.768902
1.539236
1.628256
1.638000
1.785227
1.844188
1.793349
1.474670
1.727173
1.519678
1.810118
1.760524
2.000454
1.734453
1.867818
1.976561
1.584922
1.676547
1.572794
1.632201
1.748097
1.836936
1.671342
1.596211
1.766809
1.597587
1.729339
1.502692
1.680577
1.686116
1.664185
1.554405
1.485234
1.570978
1.638134
1.649657
1.640818
1.610886
1.647992
1.857429
1.601475
1.512344
1.372534
1.508464
1.629369
1.583644
1.585985
1.592628
1.666970
1.571323
1.456393
1.597715
1.613827
1.649085
1.408636
1.470464
1.628438
1.485319
1.753976
2.021053
1.622210
1.789221
1.660691
1.828646
1.574679
1.731776
1.918188
1.660853
1.672117
1.957160
1.504643
1.729611
1.741801
1.584646
1.821899
1.715428
1.750086
1.576136
1.620325
1.639522
1.675380
1.769517
1.661032
1.714333
1.643021
1.542862
1.518236
1.686899
1.924536
1.564872
1.616796
1.597930
1.513226
1.523450
1.631294
1.477098
1.720860
1.564376
1.606562
1.547875
1.768682
1.607696
1.679446
1.536861
1.770985
1.692989
1.592195
1.565092
1.575493
1.727276
1.658958
1.585260
1.849586
1.685986
1.558601
1.675059
1.580331
1.703205
1.579528
1.550688
1.426574
1.681649
1.783319
1.410556
1.691090
1.621401
1.458481
1.926657
1.819399
1.765601
1.943476
1.797188
1.431679
1.460896
1.619842
1.801398
1.762842
1.804357
1.703892
1.614051
1.439032
2.029998
1.670961
1.525922
1.728201
1.718804
1.444136
1.513502
1.653827
1.493703
1.502953
1.889977
1.547533
1.452907
1.622670
1.687858
1.826300
1.588553
1.795892
1.683441
1.606868
1.506087
1.579201
1.581509
1.632599
1.725779
1.444477
1.828805
1.612656
1.571682
1.746279
1.857179
1.784114
1.732263
1.759323
1.650061
1.581945
1.666092
1.490749
1.763545
1.770968
1.548962
1.617669
1.540870
1.623693
1.850189
1.507189
1.469876
1.650136
1.495683
1.635510
1.533683
1.661882
1.714493
1.787736
1.632994
1.677348
1.590572
1.594704
1.555798
1.693858
1.728835
1.520667
1.815034
1.609029
1.920083
1.830556
1.572684
1.474902
1.430588
1.581416
1.533112
1.632455
1.593153
1.595383
1.611684
1.780235
1.864834
1.765719
1.696015
1.680968
1.721720
1.708355
1.698310
1.572997
1.558366
1.676447
1.521152
1.534723
1.533029
1.571610
1.582444
1.556136
1.566982
1.721189
1.613101
1.678850
1.468171
1.683935
1.660975
1.565411
1.807343
1.522965
1.815273
1.499903
1.521081
1.792095
1.662388
1.472651
1.783284
1.639689
1.486152
1.524220
1.650304
1.425954
1.452103
1.517362
1.682789
1.699980
1.883807
1.735575
1.501212
1.612904
1.618527
1.652281
1.750310
1.817298
1.942479
1.664204
1.535004
2.098439
1.632386
1.563765
1.717906
1.600209
1.739324
1.813151
1.687662
1.678088
1.580906
1.677504
1.321059
1.760509
1.536580
1.589390
1.480185
1.721707
1.760265
1.750176
1.659870
1.500960
1.582803
1.637544
1.626552
1.472192
1.596645
1.684062
1.732268
1.608983
1.720480
1.604346
1.585707
1.729568
1.731043
1.630679
1.683084
1.795896
1.570635
1.766322
1.583846
1.482163
1.486562
1.686154
1.747948
1.587596
1.612998
1.504892
1.716402
1.761201
1.741970
1.501717
1.789699
1.680416
1.959931
1.928482
1.610390
1.695987
1.400620
1.550059
1.606889
1.764558
1.559364
2.138515
1.577815
1.557501
1.593713
1.485994
1.765833
1.529004
1.516403
1.705603
1.861747
1.453088
1.578959
1.796560
1.697986
1.701466
1.503842
1.754639
2.034591
1.562467
1.679635
1.504457
1.635603
1.587329
1.635674
1.846406
1.761467
1.825834
1.721984
1.500166
1.583286
1.756883
1.657410
1.476461
1.757699
1.520794
1.554539
1.619345
1.794150
1.695194
1.580695
1.528984
1.669818
1.667723
1.761271
1.561883
1.646342
1.568973
1.671802
1.445226
1.756065
1.437043
1.558252
1.575389
1.562951
1.661625
1.730915
1.586880
1.680508
1.724834
1.453205
1.920084
1.665467
1.617498
1.644056
1.688802
1.720159
1.460147
1.645496
1.560361
1.595461
1.500678
1.690354
1.557574
1.568376
1.727649
1.547880
1.785735
1.568222
1.564131
1.663481
1.670676
1.604625
1.612126
1.668581
1.736617
1.554035
1.365898
1.667549
1.575690
1.496572
1.875197
1.629399
1.466117
1.676247
1.527651
1.649833
1.515769
1.470461
1.623374
1.816628
1.678413
1.706417
1.759833
1.834813
1.504230
1.779625
1.560661
1.522642
1.720950
1.680143
1.810702
1.571708
1.665108
1.657127
1.668312
1.425813
1.576012
1.700318
1.737029
1.766669
1.636885
1.713001
1.527635
1.627963
1.494242
1.502884
1.612318
1.772518
1.682227
1.879257
1.975471
1.690695
1.404550
1.651546
1.572848
1.455269
1.573627
1.644930
1.776143
1.636794
1.628679
1.518907
1.767187
1.662394
1.718852
1.703282
1.684464
1.533268
1.586062
1.892485
1.579389
1.504180
1.725498
1.522512
1.706769
1.718680
1.648610
1.528925
1.546476
1.832350
1.432971
1.605029
1.628626
1.585381
1.553499
1.650939
1.632852
1.502409
1.553715
1.581657
1.718587
1.639365
1.537093
1.648504
1.639388
1.466487
1.559407
1.601423
1.809660
1.785279
1.852002
1.626334
1.821600
1.626642
1.798577
1.738019
1.700628
1.496459
1.956234
1.594715
1.646155
1.600566
1.729952
1.584149
1.546210
1.495081
1.460501
1.655402
1.645635
1.765147
1.633511
1.498663
1.546934
1.728242
1.512501
1.627575
1.573781
1.494549
1.551351
1.555395
1.603653
1.769260
1.711770
1.622754
1.803176
1.638951
1.640997
1.847495
1.598618
1.621474
1.709519
1.815544
1.698536
1.545941
1.591028
1.730706
1.628653
1.637543
1.847051
1.722251
1.608818
1.509182
1.745179
1.832872
1.750511
1.410326
1.598923
1.457078
1.591262
1.525766
1.817933
1.537513
1.488166
1.587460
1.869343
1.785116
1.620052
1.698043
1.609047
1.796718
1.673257
1.769205
1.609070
1.593160
1.631979
1.831042
1.801632
1.639980
1.710743
1.694784
1.414419
1.583580
1.593682
1.475594
1.762991
1.572284
1.460959
1.640611
1.504105
1.509021
1.880133
1.487983
1.582272
1.565350
1.670499
1.454832
1.507723
1.728876
1.510072
1.553528
1.759936
1.730849
1.940752
1.529166
1.578177
1.781722
1.897563
1.648604
1.571745
1.717728
1.923043
1.823352
1.577648
1.560704
1.638602
1.899615
1.916669
1.623184
1.498753
1.724931
1.786375
1.515291
1.479586
1.432483
1.744231
1.571146
1.601413
1.475135
1.862326
1.597794
1.705145
1.564391
1.682701
1.627458
1.507227
1.490369
1.541654
1.812014
1.744536
1.771302
1.646010
1.713005
1.595147
1.564788
1.669155
1.588025
1.535100
1.571258
1.444023
1.678708
1.691262
1.551355
1.704889
1.822635
1.596142
1.614334
1.488011
1.716692
1.647011
1.552574
1.767338
1.572628
1.581264
1.600945
1.575853
1.543792
1.678845
1.666471
1.596396
1.803796
1.379491
1.666836
1.505415
1.721128
1.559749
2.090830
1.695545
1.824030
1.631572
1.658589
1.608501
1.562150
1.755065
1.584818
1.660302
1.332486
1.710092
1.664101
1.542440
1.666572
1.527245
1.518943
1.908522
1.664641
1.535803
1.756599
1.544742
1.503090
1.589617
1.478042
1.497057
1.619217
1.655951
1.576574
1.703752
1.530733
1.540495
1.553451
1.504463
1.840485
1.533241
1.669333
1.637545
1.796282
1.747819
1.702286
1.794775
1.600965
1.611287
1.549237
1.658214
1.787244
1.433318
1.607530
1.537238
1.658627
1.537277
1.500916
1.569142
1.770159
1.708458
1.571823
1.689336
1.716747
1.604118
1.736135
1.768473
1.508167
1.591646
1.658964
1.719924
1.658810
1.626303
1.543937
1.638481
1.541486
1.590765
1.543117
1.684621
1.659064
1.624780
1.583467
1.540144
1.678471
1.634549
1.699114
1.612747
1.572493
1.633880
1.760760
1.686381
1.721834
1.577157
1.683056
1.787716
1.599015
1.778327
1.559568
1.572642
1.563887
1.678804
1.812781
1.569042
1.631926
1.868052
1.536125
1.612388
1.432799
1.523356
2.015869
1.743666
1.400047
1.466600
1.829367
1.453458
1.727680
1.852064
1.485396
1.659779
1.489265
1.896548
1.619945
1.538962
1.605317
1.595540
1.966885
1.662290
1.769470
1.475293
1.617373
1.550819
1.530949
1.658347
1.842838
1.630552
1.729955
1.554848
1.651273
1.604092
1.847288
1.628179
1.479364
1.884997
1.606774
1.551380
1.502230
1.805307
1.717218
1.459457
1.565303
1.528520
1.613574
1.442302
1.701556
1.526287
1.725619
1.576725
1.584247
1.643119
1.653126
1.660146
1.492751
1.526641
1.957953
1.742944
1.557529
1.691969
1.734262
1.869788
1.501032
1.642884
1.713410
1.569457
1.446134
1.635297
1.492881
1.814411
1.842932
1.710488
1.631859
1.677565
1.542127
1.749749
1.618393
1.835779
1.603457
1.399097
1.488090
1.643775
1.690729
1.751023
1.588395
1.571719
1.936349
1.679537
1.725629
1.668895
1.414908
1.588542
1.528854
1.746905
1.775201
1.663922
1.497263
1.585241
1.681638
1.771246
1.777175
1.551988
1.674854
1.611190
1.588188
1.688530
1.794389
1.788422
1.612916
1.547643
1.749175
1.529327
1.695237
1.822034
1.679235
1.968358
1.661637
1.686177
1.745279
1.512995
1.592830
1.809129
1.705434
1.836310
