8.689505
7.172795
8.869486
9.602403
9.431101
6.400904
10.149207
10.254039
5.025754
7.740747
6.116358
9.222075
5.453337
6.890973
7.464834
12.784972
7.482438
7.466366
8.379176
5.212497
7.365522
9.519314
8.168597
8.776363
8.018678
11.819485
6.241055
11.016778
12.732823
5.894159
6.596080
9.493077
7.408162
7.711966
6.349083
5.510997
7.059936
10.096581
7.270343
10.215574
11.603596
9.105347
5.775384
10.899652
9.725859
6.484007
6.579852
9.100714
7.095769
11.196110
9.339396
7.953680
10.813261
9.212325
8.310812
7.777608
6.035620
9.853567
5.997065
7.832476
10.046691
7.781123
7.753725
9.358279
8.509299
6.426901
10.422060
13.182947
6.369505
7.725368
9.504961
7.228631
10.872976
7.993438
4.243717
6.098359
7.822239
7.973727
5.923975
4.390532
7.056274
4.002781
7.479849
10.284500
6.721601
11.875591
6.428279
3.986791
5.045416
9.811654
6.598895
6.511858
9.038753
4.960951
7.261707
9.849879
6.839714
7.671099
7.299101
7.955197
6.108479
6.424453
10.035000
8.306022
7.888049
11.493808
9.145470
6.813791
5.966822
8.669199
6.441678
5.800020
7.746526
9.361296
9.918837
6.320080
6.566464
9.107782
8.975464
8.954691
8.004712
5.638203
8.418475
6.393936
5.089047
3.548777
6.260788
7.693149
6.013550
3.314210
6.495508
12.236854
5.696949
7.748944
11.719594
7.339225
9.912604
9.138986
8.018306
6.624108
13.134843
4.442650
6.638082
7.959649
3.353303
7.599883
9.720056
8.238919
9.316393
4.923951
6.524514
9.909972
6.499445
6.790234
5.349198
8.864417
5.464706
9.447876
10.181998
5.088267
5.923651
6.413936
6.509663
8.387206
8.007785
4.774672
6.041160
5.834619
4.965639
5.786444
8.945219
7.560598
8.244524
4.679300
8.933636
7.606162
4.244760
6.568957
6.651535
7.978643
7.337449
5.541451
6.940149
7.631260
8.856060
7.565202
8.048962
9.713939
6.364589
9.266618
7.251279
8.865966
8.306427
7.176183
9.378914
10.382216
10.966334
9.430454
6.432569
7.988570
6.844485
4.801448
8.589159
8.369669
8.633284
9.450186
4.970177
5.434700
6.874089
9.542794
14.522732
9.047900
6.202831
7.867908
9.862880
7.548980
7.346018
3.338153
10.934271
5.390488
7.390343
9.156904
9.480532
7.471380
8.151280
12.033766
8.044326
10.466027
8.940336
5.667199
5.986488
8.005779
7.728706
9.838616
10.576428
6.270008
8.955011
10.605222
14.233026
4.896109
4.737211
7.360386
6.042428
8.771061
11.390486
10.389698
10.268465
12.735593
10.927176
10.060928
2.813304
9.732056
4.555848
4.866591
6.627417
9.616859
6.904180
5.586248
6.050189
9.136335
6.805948
4.896591
10.061326
6.029855
9.829300
12.003954
8.575385
4.677198
8.611341
7.031032
6.865029
5.884747
6.865096
6.996953
11.553836
9.105868
12.345488
7.516454
5.066980
7.332755
6.481395
7.127806
9.665025
9.069734
4.988045
5.184143
9.490826
9.397974
7.289342
11.954993
8.605507
7.976697
8.478126
6.209304
7.042444
5.118058
11.112338
7.817457
7.396299
6.199118
8.551943
6.339864
5.029253
9.009282
11.078493
8.166944
9.475935
6.980135
10.195586
9.609571
6.040511
5.870291
5.588361
7.576744
6.657522
6.074826
7.065763
10.793116
12.410806
4.494128
9.217371
10.045410
5.607826
5.026967
11.224445
6.311724
10.232341
4.389376
5.693387
5.206906
5.737381
4.506838
4.569054
11.285250
6.354661
6.495969
7.983188
7.855457
8.561764
9.723383
6.092381
8.073661
8.496179
10.120710
6.451862
6.984981
8.323625
6.540626
6.105920
11.050090
9.781716
8.439698
8.809052
7.873603
5.161792
10.556110
8.262712
7.475498
10.576467
10.218260
9.085583
8.674437
7.300549
8.482586
6.242891
6.669788
9.527145
9.215042
7.746822
6.751644
5.685989
9.130952
4.526610
9.574519
6.016361
5.905750
9.113752
10.582883
6.761685
4.390485
10.095093
11.964704
6.054394
12.119950
5.252143
9.540367
8.469248
6.336441
10.430452
4.837766
7.122697
5.038917
5.462888
4.975105
8.546144
6.317192
7.531260
6.721821
3.827468
8.201099
8.468074
5.200711
7.118190
5.526391
7.686971
8.734064
5.230781
6.450977
6.981895
7.721486
6.079786
5.953440
8.936622
9.181127
9.025280
6.049661
5.289795
6.553751
4.201406
5.397093
7.646858
5.489691
10.840110
9.286456
6.750049
7.126831
6.675330
6.645908
5.990128
8.839571
9.864172
5.875541
6.632674
9.170597
9.191631
7.121027
9.355239
5.407396
7.355154
4.684216
10.345090
5.160229
6.718358
9.345640
8.874560
3.866257
6.704299
6.425537
6.810625
10.406372
7.843786
7.482145
9.328040
8.053978
7.203801
9.463485
9.019033
6.791231
6.973779
5.038142
5.696713
6.792536
9.418293
7.178314
4.910976
6.209382
8.962428
5.843098
10.339396
10.193155
3.523714
10.106644
7.696354
8.388191
8.586431
6.982145
7.844050
4.373653
8.839013
7.328474
6.664711
6.780169
6.822756
8.459201
6.016583
5.423471
5.677611
10.200972
9.036998
7.227594
8.335270
5.390351
7.926576
8.742363
10.618284
8.286614
8.728079
5.950222
7.288427
7.751862
5.290730
5.027022
13.928365
11.230397
7.804828
6.251144
6.012685
6.751668
7.838565
3.999065
8.914769
9.979342
6.781280
7.515477
8.483414
5.995618
6.238760
8.069058
7.572175
3.644525
8.846732
6.121205
5.383696
9.913518
6.576598
9.043731
7.709110
10.511271
8.001537
8.957732
5.400186
8.151900
3.921870
10.038354
11.146192
6.858083
7.904848
6.097263
9.986725
6.447899
7.247151
7.213928
7.359210
6.309972
11.331261
7.027777
8.346310
8.110654
8.331791
8.741134
5.831668
9.746971
7.420068
5.168137
7.199298
8.203022
9.185914
4.794063
6.846323
9.400065
10.472242
7.305354
9.767253
8.181816
9.750207
7.863922
5.304264
4.754141
8.166252
7.705717
9.122791
8.872648
9.790387
8.801341
10.222321
8.691029
5.696686
6.311970
9.077757
2.824917
6.060799
6.130713
10.932966
5.101059
9.412623
4.676245
8.118209
8.133219
13.611823
10.115807
8.635755
9.107244
8.412187
7.707925
9.196629
10.496812
6.937616
6.047656
6.913576
8.005810
4.941939
5.484523
11.155363
5.838390
11.050732
6.189774
7.530597
7.417198
8.007315
10.474946
8.728735
6.103772
8.142331
10.434393
8.601786
6.903084
8.634522
10.703580
5.366248
11.998632
5.508855
6.136113
9.826047
6.955507
6.049132
7.401207
4.371904
9.304503
5.388777
7.453208
13.574450
8.011308
6.712747
8.739280
5.833687
9.877930
6.683974
8.443496
7.151735
7.216978
4.168770
9.550546
8.354849
8.605697
9.764043
6.335677
12.396337
5.651881
11.487379
11.469320
7.361157
9.215349
8.323448
8.001845
9.391166
5.495734
8.178644
5.497059
6.265320
5.392097
5.886508
11.161669
7.017546
9.777256
9.797751
8.951129
10.168902
8.635859
6.277521
10.368382
6.776634
9.180898
8.161437
5.241849
7.905120
4.347848
4.707303
10.481885
9.463994
4.171185
6.670482
9.712149
5.852719
6.679181
9.322558
9.032628
8.207694
4.520682
8.104172
8.457033
8.599919
8.892745
6.858467
6.045633
7.840537
8.332235
10.917846
10.995596
7.320831
9.773223
7.193739
11.726000
9.283034
9.706416
4.915592
6.836813
11.812005
9.750499
5.429926
7.107034
6.385309
4.976201
11.867509
9.531622
6.497805
7.983567
4.884603
4.769845
6.233220
5.472491
6.950457
10.868186
9.875758
10.152325
8.718643
10.703761
8.607427
5.750411
4.821621
5.979811
8.719545
7.165302
7.676114
4.868322
6.406017
5.288810
7.135185
6.331940
6.627798
6.846569
5.873686
7.089021
9.362182
9.516358
7.632791
7.349687
6.486230
4.054653
8.096799
5.661379
12.958811
8.086908
8.133432
7.282436
8.216342
9.705216
4.516608
9.350070
3.640532
8.630299
6.907903
4.110445
7.046166
9.282722
6.218538
12.580710
8.705474
7.278490
9.514964
3.757717
8.620075
9.606534
7.381663
4.965379
6.542535
7.980493
5.765592
6.672788
8.800571
8.013826
6.989334
5.173128
7.533526
7.074700
9.236008
5.924686
8.439079
11.258924
10.973652
6.301173
7.401457
3.312653
7.559835
9.439630
8.694232
8.894759
11.975437
7.010771
9.672903
10.870911
4.892150
9.647790
7.873448
7.612188
7.038747
5.828368
3.950939
9.080009
6.100469
8.563114
8.676176
9.497701
8.275044
9.851544
6.771952
9.378750
7.859120
7.585759
9.847669
10.806839
6.773000
4.753762
8.789611
5.950128
6.425049
11.553411
5.657026
8.242486
7.641403
6.940719
5.888719
4.760306
7.572244
10.226134
6.440243
9.704995
7.357365
5.220310
13.161048
8.553831
11.305796
5.462054
5.880835
5.825723
7.645900
7.204966
7.756072
7.421899
8.130675
10.467024
8.427051
8.379681
8.012147
9.613648
5.618508
5.943967
6.464681
8.225543
8.209013
8.761751
7.177427
5.343607
9.946198
7.764164
8.101793
7.917471
5.816142
9.716180
5.907985
3.911250
5.114175
4.461377
5.596865
6.672531
7.597576
8.444260
5.237708
9.744695
5.470589
6.348443
6.990375
6.833416
6.214981
9.066183
6.874800
8.869535
7.798852
6.242338
7.236612
7.005842
8.087278
6.185874
7.263440
7.085437
10.258484
5.963453
6.139431
6.194442
4.324830
4.646715
8.187339
7.555720
8.325735
9.498461
7.586730
9.622064
5.852933
7.203736
6.057982
5.863100
6.171716
10.778041
3.137608
7.323361
8.736986
6.229768
6.738228
6.535418
11.956390
7.398816
6.446209
4.750227
8.693723
14.283939
8.076461
4.884787
6.874554
6.256339
6.511136
9.299532
7.917193
9.713819
6.121543
6.874450
11.235687
7.762184
5.526570
9.358699
8.872118
10.849179
6.167504
4.900309
4.526199
8.249645
5.918980
8.588195
4.620535
6.461764
4.857424
6.066525
9.076117
6.666772
8.153384
8.333796
9.897032
11.586306
3.755242
5.895517
5.751524
5.282435
6.591884
12.842877
8.178224
7.015272
5.553469
7.820253
5.672734
9.246997
7.756569
9.107908
7.584085
6.463882
4.712354
11.008449
8.597355
5.517513
6.309506
8.115414
6.167558
7.523474
6.723269
11.565810
11.027059
8.352844
8.346239
7.435730
9.607489
4.275508
6.627602
10.918734
6.962276
8.024451
3.431219
6.593011
4.563785
6.516199
8.957066
8.923439
6.834464
6.614641
