9.167909
9.286923
8.146527
9.215731
8.940215
9.082927
9.142733
8.765104
8.711242
8.908534
9.817588
9.288533
8.334929
8.227013
9.246398
9.138761
8.768829
9.858231
9.405776
8.910086
9.729552
9.156089
9.620762
9.172239
9.063776
8.979842
8.681465
8.934674
8.859766
8.758037
9.390702
9.754195
8.960518
9.536749
9.545243
8.526765
8.702486
9.183849
10.052336
8.968350
9.289018
9.497255
9.635172
9.015544
8.675924
8.855069
9.079998
8.814114
9.257455
9.471396
9.364757
9.297553
9.594221
8.296908
8.876923
8.925720
9.857986
8.791657
9.639802
9.293870
9.299052
9.719555
8.893028
9.794474
8.660528
8.756675
9.725433
8.889765
8.507388
8.662867
9.364354
8.392671
8.892188
9.211481
9.293430
9.641210
9.457904
9.539251
8.887588
8.540123
9.379589
8.745194
9.179194
9.248365
9.468562
8.762218
8.917763
9.376578
9.744549
9.170939
9.339389
7.967272
8.934054
9.183947
9.748333
9.037481
9.265147
9.590655
9.545607
9.401022
8.530428
8.739076
9.176064
9.024751
8.948730
8.550249
8.851045
8.731555
8.716007
9.814320
8.342712
9.445659
8.761003
8.945516
9.508280
9.280546
8.315358
9.052770
9.649861
8.897805
8.774813
9.354493
9.111806
8.584908
9.074796
8.810958
8.970130
8.935232
8.726178
8.687053
9.414257
8.867141
9.337241
10.106430
9.140356
8.561017
8.432734
8.958069
8.698233
9.276669
9.187609
9.238799
9.475565
9.372518
9.644117
9.241131
9.275649
8.531875
8.797434
8.793266
9.679515
9.120596
9.453283
9.265395
9.801324
8.856683
8.874278
8.841659
8.621442
8.882235
9.010174
8.690182
9.466848
9.549947
8.806508
9.727219
9.125807
9.457396
9.033703
7.947725
9.151784
8.845242
8.792841
9.159743
8.272597
10.068296
9.019079
8.863284
9.821415
8.966422
9.294167
9.210449
9.143970
8.498442
9.281271
9.076676
8.625695
8.932751
8.890248
9.117075
9.837963
9.225621
8.510141
9.226926
9.011349
9.273742
9.203146
8.725542
9.001665
9.271361
8.854336
9.114364
8.833108
8.751144
9.390736
8.549272
9.498526
9.285586
9.246091
8.999775
9.217774
9.337308
8.840831
9.337504
9.389954
8.139275
9.410676
8.536581
8.605039
9.185027
8.618792
8.819519
9.366656
9.863493
9.119343
9.374998
9.263862
9.233686
9.689652
8.837417
8.691139
8.627714
9.039487
8.571775
9.063956
9.207692
9.912033
9.274205
9.561304
9.227850
9.139103
10.181903
9.960995
9.283997
9.626304
8.717190
8.280164
8.966119
9.498856
9.372671
9.391460
9.494747
9.094737
8.778796
9.472107
8.686473
8.272276
9.807384
8.619112
9.241251
9.048567
8.546789
9.989975
9.529171
9.530207
9.987842
9.527669
9.636835
8.493439
8.571579
8.709973
9.646663
9.234100
9.073274
8.937790
9.497113
8.540479
8.691978
8.627951
9.541144
8.759812
9.948520
9.250358
9.224443
9.027813
9.064540
8.391957
9.044312
8.733489
9.149059
8.708955
9.286157
9.535440
9.123129
7.988998
8.779723
9.080273
8.686480
8.831254
8.419231
9.882191
8.562166
8.715905
9.147517
9.478960
8.826516
8.951131
8.821817
9.475842
9.071440
9.750769
8.775821
9.628521
8.718089
9.162612
9.792800
10.001944
9.187104
9.701058
8.660266
9.214074
9.374576
8.304684
9.268460
8.764808
8.566293
9.987772
9.531663
9.056395
8.719256
9.190840
9.307936
9.626459
9.843755
9.014404
8.963485
9.395967
8.525692
9.862865
7.859552
9.542253
8.573075
9.114735
8.739933
9.636659
9.683911
8.836240
9.494495
8.875373
9.491325
8.850102
9.470917
8.931919
9.179194
8.747381
9.307421
8.762476
8.605055
9.326009
9.203328
9.250847
9.593821
8.192070
9.274795
9.175389
9.350047
9.527707
8.979560
8.906920
8.691409
8.619474
8.729864
9.426403
8.268527
9.588501
9.378300
9.358916
8.508490
8.239203
9.021877
8.836073
9.574055
9.166129
9.612760
8.910671
9.273170
9.546611
9.384617
9.790089
9.547415
8.753002
8.513054
9.194798
9.828599
8.904735
8.909180
8.639491
9.591490
8.916078
8.896658
9.617200
8.833908
9.146273
9.841286
8.899189
9.006288
9.144088
8.943046
9.543684
9.242623
9.239095
9.371584
9.223171
9.346730
9.596724
8.879094
8.743675
9.020041
10.004033
9.207090
9.767547
9.141082
9.264213
8.785180
9.219151
8.815337
9.237462
9.545724
9.252708
9.613008
9.496837
9.498055
9.696417
9.088844
8.958596
8.538310
9.742156
9.376994
8.633043
9.144090
9.149832
9.185961
8.512404
9.789536
9.410962
8.697865
9.210058
8.935938
9.879169
8.320356
9.367243
9.438919
9.477404
9.434546
9.427313
9.753020
8.848706
9.665083
8.679732
9.499097
8.755154
8.640448
9.915285
9.156142
9.181771
9.051080
7.987225
9.192314
9.598251
8.387369
8.806045
8.586593
8.650704
8.845740
9.496100
8.789744
9.115512
9.016164
9.448688
9.070809
8.211021
9.651279
9.287887
9.427317
8.903167
8.978811
9.884632
9.137240
9.501467
8.653330
9.435981
9.311057
8.675797
8.978924
8.988840
9.560139
8.783921
9.331828
8.966416
8.442155
9.384455
9.322888
9.141090
9.038622
9.256559
8.346447
8.906413
9.261217
9.352805
8.966085
9.177153
8.917858
8.992514
9.008689
9.545248
9.070192
9.289729
9.104358
9.823317
8.985252
9.116770
9.575720
9.166577
8.793678
9.163309
8.631448
7.924495
9.212281
9.369080
8.375930
9.248042
8.499887
9.645068
9.526488
9.446296
8.814321
9.385388
9.028443
8.638385
8.495002
8.601471
9.004191
8.469397
8.368527
9.450696
9.789791
9.065243
9.534639
9.336260
9.104134
9.564088
8.699135
8.733256
9.057437
8.763967
9.054977
9.179581
9.109338
9.367267
9.254930
9.105436
9.348101
8.932363
9.162452
9.627363
8.943284
8.908683
9.692697
9.591334
9.181709
8.570274
8.670736
9.471190
9.108418
8.753372
8.582415
9.618081
9.319451
8.788703
9.649189
8.797685
8.844969
8.981271
8.623973
8.792149
9.255040
8.518290
9.587735
8.901391
9.795381
9.350302
8.967798
9.600654
8.937342
8.624598
7.949511
9.000728
9.755970
9.408370
8.801133
9.253480
8.541509
8.357210
9.495588
8.930923
8.918089
9.137798
9.431722
8.710860
8.480471
8.806869
9.601137
9.541529
8.618173
9.029389
8.646132
10.017641
9.934641
8.824816
9.143868
8.611246
9.425925
9.281636
9.683563
9.808797
9.366722
9.034184
9.267396
9.990593
9.352073
9.132723
8.793226
10.496976
9.103721
9.321690
8.598331
8.730064
8.942309
9.948343
9.043168
10.088735
9.032806
8.705490
9.618861
9.675854
8.955811
8.813516
9.296054
9.376281
10.164024
8.162944
9.178466
8.290441
9.173190
9.549954
8.768571
8.518517
8.557389
9.359362
9.278176
9.066468
9.597284
9.883569
9.533942
9.481365
9.430808
8.777718
9.022911
9.072269
9.141951
7.621679
8.890825
8.860273
8.885130
9.273380
8.804313
9.243565
9.254243
8.832287
8.832407
9.162289
8.914508
9.541793
8.338089
8.787926
9.377754
9.490901
9.054817
9.192470
9.403404
9.072102
8.687574
9.310277
9.869547
8.798638
9.443555
9.657575
9.869181
9.118948
9.211821
9.328081
9.308280
8.840781
8.820947
9.313324
9.269208
9.371917
9.392692
8.322475
9.368315
9.156940
8.773566
7.925055
8.930305
9.142142
8.577754
9.170716
8.797218
9.007815
8.521334
8.730063
8.441501
8.785304
8.807232
9.373088
9.304553
9.245103
9.223045
9.518102
8.944507
8.855156
8.502570
9.911862
8.246641
9.174689
9.173382
9.253608
8.961933
8.921788
9.110757
8.795391
8.593960
9.413193
8.959581
9.786708
8.683441
9.054867
9.435137
9.361278
8.633156
8.078134
9.294988
8.661936
9.426064
9.116791
8.895042
9.102658
9.433363
10.433232
8.885296
8.603225
10.432510
8.959975
8.728530
9.090030
8.894506
8.944206
8.787038
9.680119
9.458387
9.230852
9.428880
9.871745
9.112010
9.239374
8.991560
9.283929
8.968664
8.709684
8.833767
8.678394
9.120276
10.274876
9.340980
9.688097
9.963057
9.805622
9.268678
10.026970
9.014991
9.085394
9.851115
9.007320
9.671278
8.875238
8.554856
8.929815
9.161937
8.830676
9.335554
10.137934
9.994961
9.493612
8.775418
9.061087
9.223173
8.183506
9.880668
8.961278
8.265070
9.255399
8.983062
8.637869
8.419603
8.968769
8.996322
8.936802
8.929089
9.110076
9.006819
9.166989
9.501325
9.177123
9.488300
9.207560
9.116725
8.789538
8.858045
9.031834
8.980940
9.060150
8.586080
8.911482
9.188761
9.303182
8.711146
8.606072
9.536315
8.568643
9.562566
9.675765
9.290721
9.092199
8.738598
9.170715
8.987935
9.515938
8.785433
9.374790
9.025894
8.574055
8.948613
8.942187
9.965979
9.397928
8.612086
9.642875
9.287416
9.254890
8.970271
8.789828
9.031849
9.664458
8.570080
9.922224
9.944610
9.363656
8.654329
8.845595
9.001143
9.621339
9.004282
9.148569
9.594423
8.927180
9.202430
8.731743
9.997640
9.056946
9.026203
8.958684
9.504172
9.397915
9.066548
9.354433
9.445767
8.908055
8.768983
9.220925
8.838388
9.211448
8.957129
9.217563
8.764538
9.306044
9.595141
9.851599
9.618628
8.627168
9.107479
9.244669
8.946450
8.676560
9.417648
9.585804
8.640442
9.071639
9.678107
9.623860
8.940345
8.781301
8.824610
8.999966
9.590306
8.404273
9.451325
9.337096
8.166398
9.418990
9.148799
9.045610
9.006603
9.231530
9.387818
8.997711
9.010340
9.170404
9.598402
9.202807
9.222521
8.933853
9.481213
8.941377
8.515993
8.999173
8.365789
9.498396
8.532768
8.909813
9.396322
8.872430
8.780573
9.133582
9.814993
9.017533
9.293556
8.836187
9.289093
9.028172
8.643987
9.724393
9.665540
9.050429
9.342357
8.941039
8.562602
8.146173
8.888789
8.887096
9.151190
8.963221
9.035768
8.588944
10.025012
8.832156
9.500939
9.031774
8.592860
9.287280
9.206562
9.468444
8.786812
9.426823
9.289483
9.377448
9.335611
9.551734
8.918646
8.987572
8.871532
8.736672
10.168128
9.374057
9.099201
9.936183
8.865338
9.700423
9.003779
8.576691
9.674147
8.894962
8.575236
9.354311
9.036182
9.787169
9.079555
9.161448
8.976060
9.381569
9.191066
