9.572896
10.725414
7.806843
8.808837
8.682258
9.039397
8.181887
6.523922
7.962528
8.116787
8.835555
8.065370
11.406998
11.423458
8.918722
9.371483
9.615773
10.638964
8.746601
7.109139
9.229613
7.763018
9.939383
8.164874
9.041404
8.907127
7.497180
8.283492
7.801768
6.320953
9.732479
9.558926
10.785402
9.766492
8.327399
10.029773
7.466389
7.805726
6.455372
10.110246
9.246345
7.766652
7.153249
8.465395
11.205567
7.420017
8.553592
10.520549
10.571075
9.150434
9.491138
8.234290
6.378475
7.747618
7.981779
7.669561
8.760834
7.790519
7.496586
10.110629
7.755208
6.737352
8.169117
10.270731
6.423359
7.809172
9.508263
8.334840
7.438573
11.588384
10.344065
9.841649
8.246269
7.407655
9.416579
7.983036
9.967117
7.948951
9.566502
9.111013
8.143013
9.435295
8.456265
10.014085
10.849818
7.953592
8.207057
6.738078
11.084029
9.118665
11.491520
8.458432
10.103875
8.735148
8.855244
8.020103
10.353787
6.308580
9.595471
6.807462
6.681581
7.077515
8.289478
9.894223
9.203289
7.874585
8.684273
8.354389
8.878607
10.861856
8.566870
7.358544
9.419538
8.589180
7.569252
8.778290
10.440965
8.424783
9.258683
9.651425
6.630635
9.814188
8.670777
7.740180
9.515338
7.644694
9.760209
8.913794
8.444112
8.265541
8.680435
10.126882
8.768618
8.316009
8.999257
8.003482
9.228276
9.705444
12.812022
7.507529
10.575716
11.196114
7.683443
11.152478
7.943304
9.381327
8.170327
9.320298
9.187182
8.586074
9.279814
9.240861
7.917481
7.427015
9.404949
8.176085
8.187032
9.799998
9.961298
9.932083
9.223646
9.138779
9.728594
10.814879
8.995571
7.764739
9.505088
7.393069
10.119544
9.150655
7.801186
10.016188
9.057729
8.952836
8.037160
9.260277
6.306611
9.030118
9.641964
10.012864
11.021834
7.778667
8.834967
10.909646
6.022192
7.590681
8.878326
9.070627
9.586069
9.735320
9.644744
9.233925
5.789631
9.146130
9.183479
9.030865
7.860930
10.943560
10.532562
6.600798
9.744123
8.860340
6.241720
10.298416
10.954735
8.321884
9.617597
8.022485
8.780033
6.181944
7.855225
6.368748
9.040776
7.991849
8.335061
9.233261
7.524993
9.731889
8.845047
9.096022
8.247203
8.706543
8.624457
8.124580
9.209788
7.740921
8.847610
8.424502
8.481681
9.638725
6.886497
7.105861
8.649920
7.560531
7.541675
10.100311
11.197827
8.275005
8.531758
7.246591
8.075406
7.768570
7.562899
7.941637
8.538558
8.565479
8.809879
9.333841
6.371452
7.739498
10.725664
8.908283
8.084241
9.626109
8.368891
7.669729
8.247099
8.529981
9.787688
8.086021
9.709334
10.280375
8.184177
8.450239
7.480690
10.088028
10.089432
8.314181
9.230096
9.690849
10.784448
8.935002
8.952910
8.302618
8.698041
8.149318
8.293688
9.176743
8.036290
9.400038
8.835116
8.350620
7.713617
11.488488
9.631872
11.027586
9.198216
9.113436
8.631382
7.657320
8.119382
9.258656
8.277520
7.530054
10.505704
6.622611
9.293345
10.608693
8.915123
11.098095
8.769453
9.419683
9.156239
8.713582
6.357856
10.107474
10.405232
8.755993
11.028806
10.032917
9.556351
8.539981
9.509568
8.115577
7.524319
10.074928
8.285672
7.490637
8.940938
8.197469
8.953043
7.970779
9.475372
8.286397
7.397896
10.065503
9.380888
8.481066
10.847686
7.145913
9.617599
8.937852
8.925613
9.312881
11.671623
8.873183
8.489667
8.019094
7.620791
8.674893
7.642852
8.130064
9.169808
10.454508
9.116011
8.954369
9.308073
7.191679
9.970615
10.979358
11.207632
7.725248
8.888028
9.352219
8.137680
9.907666
7.456635
8.738818
9.981398
8.455854
9.546609
10.014469
7.722975
7.665919
8.879352
8.602305
8.839241
8.922142
8.518219
8.948562
7.662306
7.877733
10.577707
9.644235
8.870594
11.071196
10.652455
6.781232
8.372668
7.739536
8.270251
9.673112
8.870932
10.689633
6.617952
9.417970
9.078068
6.934275
9.378256
8.241254
6.871246
9.219964
7.382421
10.084474
9.065995
10.916379
8.990950
7.229971
8.562569
8.096194
8.721553
11.933055
10.000710
9.655411
9.817801
9.559961
8.318618
9.037708
7.298055
8.533113
6.937357
7.170703
7.814023
8.430663
7.938365
8.643539
8.251821
7.570476
10.405269
8.084175
6.795213
9.439032
9.776264
8.196294
8.792210
7.145007
9.056890
10.752711
7.780066
8.883952
9.599016
9.638916
6.380842
8.867034
6.162506
11.196156
9.628125
7.222877
8.965321
9.176161
9.573715
7.893935
10.576836
9.691465
8.961218
8.705580
9.646265
8.676014
7.767782
9.428772
7.496973
10.139225
10.600605
8.711170
7.102954
8.784661
7.616307
8.243535
10.541243
8.072074
9.493105
8.627635
7.475955
10.668783
7.532266
8.892932
10.069183
9.666855
9.694660
7.946249
7.548422
10.500023
9.296260
9.694717
9.591789
8.256223
7.908081
9.317590
7.192754
10.283125
6.932922
7.578953
8.299062
11.759774
8.659890
8.297938
8.616523
9.054659
6.466365
10.863288
9.120619
9.791214
9.202235
9.719660
10.325843
10.374335
8.599595
9.079022
8.622577
9.596015
8.543070
10.576086
8.558089
7.998079
7.451460
9.075945
8.484828
8.092142
9.671649
8.158185
8.960457
9.373252
10.596601
8.887171
10.943630
8.107783
10.199571
9.543753
9.134061
8.361274
9.706375
8.179815
8.261880
9.502011
9.286840
8.573890
8.573810
9.447247
8.102414
8.570031
7.677168
8.428764
9.307549
8.994771
8.247414
7.209363
9.477479
9.120040
10.307912
8.978650
8.764322
9.837580
9.426466
11.200700
9.506550
9.010764
9.467831
6.771713
9.625618
9.785443
8.751632
8.157093
8.210506
9.313720
7.484083
6.060552
8.903815
8.019945
8.740639
8.455423
9.495088
7.147054
9.219827
8.625346
10.148404
7.450969
9.560865
8.797602
6.666073
8.151428
8.761795
7.690393
10.116920
9.442646
8.931128
10.111795
9.908973
11.336111
10.663478
7.472324
8.809835
5.965345
8.446059
6.212099
9.627254
8.232393
8.283377
7.952470
8.043568
9.452205
7.233942
8.201279
11.397330
7.690227
7.818045
9.305210
9.487534
9.364739
8.720776
7.117374
10.170386
8.920374
6.843880
10.131942
7.571600
8.162272
10.390912
11.207576
7.194252
11.139647
8.112585
9.353179
6.538182
8.128033
9.249373
7.567131
11.314696
9.439167
8.194188
7.812239
11.850704
10.233805
7.887215
8.259296
9.383162
6.972139
8.621866
9.196231
8.506853
10.359708
7.910156
9.075420
7.924066
7.428694
9.124811
8.279624
7.937345
9.007223
8.978352
9.345567
7.940408
8.264850
9.945916
8.301400
10.634469
7.269998
8.267535
9.612582
8.143516
8.040356
8.781866
9.076123
9.548355
9.688993
8.435820
8.393454
10.471640
10.824544
9.680053
8.954746
6.788543
8.264897
9.182765
8.427997
10.560944
8.908640
9.471766
9.675490
7.786130
9.445202
8.353120
7.324233
9.818351
8.648986
6.117883
9.234343
9.010586
9.770774
10.082757
8.802375
6.507527
7.205091
7.145663
9.358335
7.223324
9.171507
7.740687
9.467240
9.186115
9.006300
9.291021
8.409171
8.819306
8.251707
7.813390
9.983183
7.858581
7.807026
7.280509
7.323249
9.807182
7.510263
9.723629
9.384968
7.884578
6.889412
9.010601
7.477864
8.422944
8.563784
9.807570
7.145961
9.404835
8.714583
9.416627
7.573203
10.591292
9.823890
10.142005
8.623207
7.880735
8.871624
8.855375
8.137151
9.263059
9.937353
7.724827
7.692506
6.310073
10.223897
9.378249
8.033865
10.083307
7.811807
9.325309
6.399388
8.647208
9.963904
7.974035
9.245558
8.022386
9.679565
7.388003
8.424218
11.079049
8.574536
7.672030
9.731454
8.117504
7.692025
9.793437
9.496660
8.510888
8.821299
7.114883
9.622073
9.604453
8.434844
7.175127
8.996347
8.908909
9.431469
8.897350
7.193348
7.423573
7.755834
10.188035
7.919314
8.629185
9.650698
8.673987
11.340275
8.784019
9.290724
9.747990
11.122877
7.992300
8.865676
8.821506
9.122848
10.462368
11.040576
13.436762
8.170184
9.426465
5.969241
10.056759
7.720011
8.058810
11.159760
9.462296
9.238409
7.325339
8.223300
10.850807
7.535985
9.205665
8.079485
9.583561
8.993152
7.813926
9.046857
9.501945
7.800555
8.579898
7.568962
9.923431
7.927293
7.204662
9.373364
10.712225
8.337707
9.700014
8.848697
8.695781
10.280923
8.461560
10.674828
7.479585
7.462341
8.179805
7.449493
8.553904
8.333478
7.830137
8.284097
9.997428
6.654890
8.285753
11.363623
7.373376
8.428215
7.998286
9.432200
8.920140
8.598929
10.631228
9.841670
9.200916
10.023728
9.159236
8.734217
7.257974
9.167255
9.637748
9.325810
7.198016
8.265999
10.077913
8.943035
7.529663
9.327194
8.318059
8.530367
10.559531
10.455571
6.933899
8.086624
7.537479
9.605577
7.314187
8.990737
10.741606
7.688829
7.136271
9.779175
8.168344
7.344635
9.209973
9.110698
7.316649
8.412229
7.502557
8.231562
7.656600
7.656212
9.179024
6.958259
9.025575
7.710583
8.997443
7.153201
8.634169
8.340651
8.935837
10.168603
7.312500
8.922055
8.328586
10.299647
10.370177
8.011112
10.839273
9.841420
8.973762
8.113249
6.285737
6.441434
6.300279
7.707991
7.631741
7.371067
8.695978
7.551253
10.361515
7.485061
6.785426
6.980563
9.833171
10.541642
10.648050
8.731091
8.980180
10.452304
9.568213
8.994538
8.535233
8.638382
9.507881
8.707099
8.929717
8.933355
8.339257
8.389070
6.545051
9.647863
7.307274
9.372828
8.874947
6.380213
10.108207
8.762090
6.625507
8.444421
7.744136
8.451372
9.330621
8.904700
7.413323
9.019927
8.318576
7.900038
9.562229
8.794118
8.444115
9.357052
7.569561
8.137623
9.985855
7.722509
7.803433
10.484995
6.672466
8.893753
8.562726
8.232455
9.976673
7.322394
8.579061
9.889270
9.163650
7.746515
8.300243
9.984000
7.313816
7.879185
7.035705
9.587156
7.618009
6.545238
10.522678
7.836929
7.617860
7.197996
6.241116
8.840082
8.999204
9.430109
9.444028
8.991187
8.615902
8.954635
9.467284
7.249021
11.114520
8.617776
10.120322
9.533970
10.085186
9.553812
9.147173
7.847349
9.156493
6.959889
7.733790
8.081294
9.042016
8.144884
7.989159
7.994857
