9.596897
9.100973
9.325154
9.423728
9.052367
9.398089
8.580285
8.660483
9.355021
9.038605
9.342527
9.079903
8.623669
8.637469
8.806664
9.381503
8.779755
9.216963
9.035808
9.292746
9.260081
9.364006
9.238255
9.230627
8.843755
9.160665
9.049834
9.312904
9.434208
8.873681
9.586772
9.650877
9.232354
9.119232
9.073077
8.767296
8.968618
9.219001
9.581616
8.944779
9.192104
9.195169
9.390016
9.334118
9.497757
8.881272
9.411988
9.505211
9.532105
9.468515
8.919897
9.470739
9.192983
8.949499
8.531155
8.957289
9.257039
9.443149
8.865985
8.879306
9.550806
9.107427
9.443582
9.022842
8.917428
9.097856
9.576809
8.988055
9.330607
9.108377
9.101215
9.670564
9.168531
8.750098
9.186171
9.310996
9.718947
8.831869
8.580356
8.962615
8.842578
9.257464
8.891516
9.524966
8.933809
9.234082
8.961640
9.247526
9.205440
9.293658
9.393225
9.061947
8.869086
9.313489
8.769733
9.351564
8.856310
9.353018
9.282455
9.099676
9.232750
8.736962
9.128976
9.441838
9.207697
8.765882
9.428485
8.693086
9.211669
8.984718
9.113019
9.406474
9.483695
9.195274
9.575645
9.009370
9.265068
9.225783
9.327196
9.512472
9.265290
9.151307
9.073793
9.127024
9.752676
9.461235
8.638547
9.362598
8.868667
8.896733
8.939017
9.640035
9.457417
9.214924
8.781987
9.123091
9.733248
9.645098
8.920669
9.293284
8.633551
9.298091
8.926906
9.075532
8.908117
9.317255
9.251827
9.125394
9.112560
9.037724
9.016191
8.926422
8.802838
9.439218
8.830025
9.410154
9.421423
9.627800
9.274063
9.031709
9.647668
9.448006
9.154573
8.853225
9.046785
9.431607
9.712510
9.149628
9.293854
9.402952
8.915921
8.882384
9.453822
8.985918
9.014574
9.665942
9.019243
9.126217
8.491514
9.010430
9.067614
8.697577
9.727971
9.414178
9.190616
8.724736
9.215782
9.120807
9.046050
8.419713
9.179947
9.201463
8.914581
9.279196
9.857781
8.614159
9.322852
9.125113
9.527805
9.676199
9.180075
9.487126
9.136443
8.988752
9.131944
9.806257
9.353389
9.050913
9.350518
9.562335
9.288807
9.130212
9.313343
9.408384
9.685476
9.038842
9.448229
8.674846
8.701620
8.635403
9.009988
9.295357
8.933617
9.351121
9.255782
9.120691
9.309106
9.082936
9.028102
9.427520
9.211939
9.268205
8.936932
9.237812
8.801465
8.827240
9.110908
9.224779
9.309553
9.047190
9.135860
8.897408
8.916995
9.657375
8.797994
9.794267
9.060614
9.551069
9.048270
9.668548
9.262786
9.157565
9.385081
8.915509
9.174469
9.128443
9.376064
8.894529
9.202871
8.872639
8.893348
8.809689
9.155010
9.249620
9.081460
8.626668
9.035502
8.782542
8.958737
8.831834
9.136948
9.228099
9.217467
9.146158
9.369963
8.937008
8.976204
9.227896
9.516834
9.577578
9.074533
9.097803
9.038250
9.495418
8.760047
8.737374
9.140841
8.792373
9.049103
9.812907
9.266863
9.553485
9.176870
9.100022
9.236214
8.597021
9.151919
8.657521
9.558862
9.110345
8.905609
9.521786
9.215855
9.195693
8.723378
9.748979
8.944050
9.715171
9.262949
9.801359
8.819285
9.480522
9.122294
9.621107
9.738649
9.223075
9.706078
9.115317
9.266916
9.293095
9.364554
9.545154
9.138418
9.476913
9.068373
8.405002
9.103224
8.873863
8.970753
9.197040
9.401338
9.271869
9.270934
9.563423
8.321211
9.212420
8.959935
8.843149
8.856597
8.876660
9.029608
9.117222
9.140152
9.224544
9.110105
8.889052
9.277254
9.006227
9.330092
9.241907
9.142456
8.894510
9.089264
9.380058
9.163503
8.872032
9.051771
8.827882
8.699198
8.672172
8.495332
8.856589
9.269628
8.841648
8.976247
9.013449
9.210296
9.280683
9.522937
9.479159
9.384062
9.720964
8.313257
9.028411
9.034232
9.590143
8.904225
9.413103
9.336232
8.863583
9.687478
9.000068
9.065752
8.903032
9.595439
9.399497
9.271462
8.756768
9.137999
8.926628
9.620969
9.098641
9.571080
9.356645
9.695722
9.516803
9.373249
9.436758
9.010026
9.229555
9.393299
9.127788
8.850903
9.450267
8.412751
9.044347
8.867709
8.550675
9.501265
9.165263
9.148173
9.625356
9.330208
9.543360
8.970056
9.164338
9.164767
8.640526
8.849514
8.963816
8.768939
9.522255
8.991846
9.360693
9.175420
9.135184
9.368646
8.837986
9.554198
9.128708
9.315143
8.788003
9.796805
9.413120
9.266465
8.999172
9.350787
8.785385
9.698891
9.174893
9.519373
9.027427
9.566530
9.161823
8.552873
8.477801
9.081615
9.094569
8.712329
9.164577
9.397561
8.835888
8.945166
9.269735
8.978076
8.786424
9.265620
9.400037
8.231456
9.275278
8.549543
8.944832
8.860871
9.806029
9.162115
8.429589
8.587645
9.199818
8.676769
9.340591
8.910722
8.845089
9.196892
9.351566
8.792477
8.620555
9.391504
8.755896
9.413692
9.335572
8.846703
9.351571
9.053187
9.386657
9.243809
9.072169
8.900827
8.779980
8.930809
9.078836
9.573535
9.240564
8.860118
8.884918
9.085629
9.598771
9.365916
8.973048
9.542720
9.199683
9.183452
9.590284
9.121705
9.304780
8.659683
9.087824
9.611146
9.248024
8.896782
8.735780
9.465335
9.495119
9.780347
9.091211
9.142055
9.020740
9.113244
8.821948
8.564597
8.808257
8.756343
9.002739
9.225134
8.683854
9.461940
9.329634
8.516527
8.865913
9.374410
8.873166
9.037562
9.376228
9.213067
9.268702
9.162523
8.613066
8.906404
9.330459
9.165053
8.854712
9.299196
9.258066
8.742082
8.803680
9.038113
9.245398
9.033803
9.447429
8.914343
9.575310
9.793544
9.064320
9.647236
9.496319
8.966062
9.095515
8.815292
9.802131
9.306214
8.969041
9.201015
9.144862
8.742220
9.599490
9.593183
9.016871
9.276717
9.253734
9.305919
9.299723
8.746907
9.135997
9.384247
9.253824
9.027302
8.812668
9.392755
9.051125
9.178478
9.176201
8.587270
9.118391
8.871070
9.493538
9.069964
8.986938
8.718613
8.971876
9.539817
9.224918
8.766083
9.033170
9.770137
9.110299
8.875888
8.772213
9.425349
9.121753
9.687474
9.370996
8.961691
9.444089
9.172415
8.594789
8.870538
9.109224
9.391154
8.512394
8.926707
8.882189
9.035324
9.474194
9.189508
9.163810
8.914190
8.757444
9.034387
8.824136
9.693336
9.344568
8.848697
9.378071
9.782592
9.137272
9.087562
9.340471
9.361253
8.848796
9.592231
9.527467
9.543130
9.056303
9.465520
9.262287
9.478981
8.941567
8.987863
8.937138
9.494603
9.128316
9.372529
9.503320
9.571272
9.363059
9.302572
9.381293
8.966176
8.989190
8.696802
9.079064
8.807016
9.038659
9.197854
8.673784
8.452868
9.162697
9.167090
9.111897
9.546960
9.057607
9.089276
9.111110
9.173029
9.056269
9.535047
9.052066
9.632942
9.134761
9.394297
8.739086
9.165141
9.156288
9.109824
8.630856
9.421333
9.279079
8.724055
8.988032
9.453002
8.937314
8.672667
9.332053
9.084088
8.736516
9.333068
8.617122
9.068692
9.155841
9.209664
8.950335
9.438595
9.041581
9.260518
9.530204
9.173498
8.928498
9.134368
9.229889
8.874539
9.165414
9.195703
9.266367
9.398636
9.269697
8.568638
9.031355
8.634242
8.825932
9.204853
9.307578
8.964187
8.642207
8.926371
8.878363
8.862202
9.112008
8.892640
9.114232
9.757433
9.475875
9.129833
9.514392
9.765837
10.020504
8.909588
9.622978
9.549114
9.060661
9.382156
8.958374
9.244215
8.995732
9.133229
9.455190
9.152156
9.089050
8.624750
9.127729
9.554519
9.333084
9.569282
8.786684
8.924180
9.073779
8.731809
9.467796
9.313821
9.040924
8.910605
9.260945
9.386086
9.603230
9.208918
9.592772
8.764964
8.973256
9.005998
9.467386
9.029951
8.925989
8.758312
8.434246
9.547112
8.980225
9.056041
8.921608
8.998471
9.244229
9.423123
9.087909
9.313057
9.096533
9.326469
8.856918
9.238303
9.591794
8.681979
9.115818
8.993898
9.207921
9.136050
9.036296
8.933514
9.130138
8.646199
9.203672
9.056984
9.341390
8.951265
9.666445
9.585469
9.341185
9.194814
9.678086
9.177405
9.220242
9.117419
9.360540
8.852012
9.418418
9.695317
8.898485
9.263777
9.472965
9.206434
9.019284
9.653981
8.799325
9.149409
8.662551
8.910159
9.353721
9.578847
8.971315
9.282887
8.958709
9.011395
8.852982
9.345195
9.281515
9.391489
8.904487
9.013375
9.293009
9.719193
9.363282
9.325632
9.422142
9.045086
8.958549
9.042926
9.201102
8.978514
9.195351
8.916637
9.021511
9.038640
9.148154
8.917982
9.038620
9.259067
9.284491
9.770548
8.967320
9.092585
9.848688
9.390313
8.523555
9.201227
9.439453
9.556282
8.777544
8.755929
9.210730
9.238040
8.883993
8.748348
9.118890
8.617194
9.418190
9.143360
8.855139
9.451358
8.860694
9.015810
9.231475
9.390396
9.444559
9.407936
9.651474
9.075442
9.462516
8.842709
9.330408
9.563715
9.349507
9.076812
9.048350
8.600258
9.044870
9.873414
9.304756
9.634802
9.055906
9.462388
8.975131
9.439533
9.374681
9.219932
9.254966
9.527038
9.398137
9.228588
9.525683
9.176671
9.448731
8.678684
8.997230
9.706196
9.029774
9.757912
8.770606
9.452694
9.283253
8.667945
9.757566
9.190019
9.011213
9.122872
9.163389
9.183812
9.081777
9.084390
9.259225
9.128888
9.245015
9.670224
9.713039
8.857856
8.653626
8.955446
9.154607
9.228907
9.604910
9.223779
8.996353
9.040599
9.336348
9.031643
9.359045
8.728521
8.947103
8.730347
9.498420
9.003304
9.442598
9.333838
9.349823
9.583477
9.370568
9.429169
8.954679
8.919555
9.029656
8.585284
8.898358
9.659356
8.903455
9.478413
9.527962
8.864224
9.283264
8.749836
9.178989
9.498644
9.868241
8.788477
9.045738
8.712761
9.495417
8.934767
8.669299
9.236989
9.099615
9.083184
9.188775
9.171827
8.504170
9.155691
9.037966
9.346366
9.025624
8.840693
9.340417
10.032294
9.138791
8.945795
9.332867
9.081777
9.204137
9.554372
8.996933
9.464895
9.277849
8.687476
9.374131
9.317205
8.995078
8.543691
8.964591
9.381322
9.276574
9.116037
9.021943
9.246923
8.828669
9.759405
8.944139
8.912955
9.223699
