10.823059
12.619713
9.143376
9.243201
4.037219
7.189468
8.516280
6.867144
8.644094
7.404633
8.021899
7.687179
8.708525
6.534786
15.011647
9.648052
12.018857
10.642411
8.257086
14.535762
9.115312
6.579915
9.684905
9.071269
5.824174
4.145189
14.070880
9.362535
8.261064
7.272755
5.566595
9.529260
8.369354
11.332063
10.534209
12.212495
5.774433
4.369928
5.399221
13.224556
8.678077
12.071677
13.485846
10.491656
5.449875
5.846015
9.287447
15.046171
10.784494
7.077103
3.814164
7.563331
7.161296
7.316084
8.865858
7.506586
13.844713
8.342430
10.783867
12.259555
5.725669
8.382869
9.930909
14.074587
13.292042
4.918752
8.230339
7.374614
8.162766
5.763595
3.694947
19.765657
12.173279
10.902517
5.143262
4.913825
4.462772
8.537544
13.143551
7.370143
10.169090
8.714222
6.163617
6.896328
8.986362
8.336543
9.175995
6.835554
3.853204
5.034457
8.044558
7.932666
13.599716
4.440015
4.799856
7.048125
11.187538
16.321902
13.902251
8.549074
