18.787088
21.702540
20.022833
17.897672
20.200686
18.279063
20.699406
19.128949
16.573431
17.953285
20.008952
17.407968
19.395299
17.284606
18.387804
20.439614
19.270257
19.538896
24.730067
17.214009
18.222100
18.535067
14.944558
17.250655
25.158763
15.694354
21.083730
18.503184
18.423191
19.797544
19.039239
17.003344
19.836755
18.775454
21.866144
21.401371
21.723341
19.095256
16.799252
17.083767
17.629695
22.155636
16.144788
16.838547
18.131064
18.425318
18.924193
16.663995
21.410604
18.946884
16.608019
20.197821
19.178789
17.233484
19.805253
15.894842
16.674288
18.017604
18.037006
18.098443
21.422566
15.804633
20.432923
17.552229
15.034201
18.445492
19.326496
19.028457
20.774409
19.440629
18.156350
20.145628
21.088038
21.741866
18.464222
17.747763
21.213233
16.209919
20.046932
19.075236
24.259102
17.578494
20.338368
20.901377
18.598951
19.828194
19.811299
18.927133
17.860497
18.585694
21.413668
24.174970
20.148155
23.414290
16.784686
19.369114
20.767320
20.175228
22.506715
21.910368
