24.650125
14.679233
20.234923
16.584535
16.396881
17.961355
19.514967
33.076589
14.382002
12.778552
13.142617
18.131446
25.562699
17.836211
22.615133
13.674206
17.906704
23.844700
20.869207
18.717694
17.823201
18.363767
24.803944
15.721478
16.647192
13.409852
16.908721
22.163004
20.308239
14.586854
11.508474
13.344009
25.639886
12.919797
28.084570
18.031015
20.923537
14.855833
14.278389
19.351728
10.263083
25.310926
11.954023
18.603780
16.319607
11.556853
14.214656
31.843788
13.869270
15.422188
12.135513
20.975055
14.177129
12.001003
14.137775
18.262269
23.277087
13.958093
17.861158
15.316361
14.154726
14.905013
11.154423
18.073957
17.592520
14.108953
13.873043
12.209777
17.482708
21.793390
13.152697
19.411539
11.769469
16.946813
26.727812
17.815927
15.989637
26.364256
14.608602
13.243573
12.717797
13.335180
15.107977
16.258767
17.809137
14.595118
19.417100
15.140485
13.999974
12.077464
33.610650
20.952993
26.029946
24.178977
28.022644
19.394908
14.339475
22.585612
16.572151
14.472265
