12.819892
15.339018
10.178037
8.578185
4.984387
7.986362
8.886941
16.544031
9.114432
11.617228
8.887319
11.864940
8.536894
14.838938
12.087783
12.803302
13.007717
10.329388
12.797487
11.349670
17.463145
7.475506
11.957094
9.125973
18.636727
8.390239
8.713664
8.627881
8.313603
10.796252
13.016784
17.455620
11.657925
11.383042
9.928623
8.493919
10.100150
9.154146
10.158701
11.042178
8.275291
14.019073
5.752048
8.721376
9.186501
13.551097
7.487187
9.157132
15.593220
14.911532
15.097018
10.615645
10.866149
8.719300
12.153867
7.388888
12.403223
8.711764
8.849652
17.100313
15.598741
17.475217
11.387187
7.704323
10.485212
7.562922
9.955872
10.406954
6.191727
9.980302
11.521112
11.150410
7.895495
10.235508
9.083608
7.612104
7.179493
12.273181
13.137773
11.420922
10.083479
10.676903
9.387030
8.055769
7.688157
10.276800
10.796835
9.784947
13.608570
10.624414
10.997032
7.934224
8.947243
9.473943
14.189541
9.736170
8.885111
19.668957
18.657013
7.884688
