19.022972
22.596638
15.221902
23.074501
14.327842
20.295606
15.504831
17.626901
12.606917
20.062633
19.226199
30.130224
15.820252
17.786309
17.095036
14.084934
19.486031
20.494850
24.904107
18.020997
16.274945
14.755347
14.597223
15.570157
15.359183
17.268297
22.248048
20.477070
12.199545
16.726224
17.332237
14.457687
12.624267
12.332413
15.719922
16.488414
14.303645
18.100986
15.161931
17.392630
13.233977
16.891169
25.095204
18.143795
31.228215
18.162119
26.046238
18.271748
13.895923
15.495369
16.836394
24.514873
18.378229
15.666908
12.702777
22.704700
15.069695
20.174309
19.964159
20.031316
16.953925
15.592285
16.284860
14.695970
14.510808
22.694957
19.544017
15.714539
28.182042
16.877773
15.307378
20.455331
21.766554
21.342652
16.797733
25.057586
17.452522
18.143602
21.060240
17.313641
18.687415
19.870533
17.279922
25.502973
16.569570
18.241731
15.688980
15.567300
23.298328
19.834417
22.051642
19.121539
14.661110
21.107736
20.580081
20.789865
21.858757
24.791081
19.905800
18.322086
