21.671657
11.116909
9.107481
17.143498
8.940214
16.498577
14.090672
12.535180
10.858579
16.412398
15.236739
16.424348
11.429214
15.308033
11.193406
14.620234
11.816187
15.466592
10.703584
9.648303
9.575679
16.675942
8.399898
10.104730
11.172623
19.512938
10.848481
14.020136
9.126678
12.177732
23.435932
13.136858
13.011509
14.769880
11.031559
23.718914
13.814116
8.088537
5.609854
14.426587
12.760481
14.189369
8.548604
8.836354
23.815889
10.442161
9.126384
8.516479
15.140594
10.352998
20.921288
12.294826
10.220569
17.733926
11.682753
20.734025
14.753988
12.715646
10.090370
10.413034
9.942750
14.315162
20.672040
20.758171
12.379575
11.360132
11.075228
7.218234
12.637678
18.176146
14.559903
10.226728
9.139707
12.063890
12.683295
10.602658
12.642573
10.806020
13.438746
15.533455
16.988160
10.089541
20.994376
18.037683
13.380590
10.510616
6.523515
17.627711
10.267809
10.099344
15.494573
21.537077
14.912410
9.512294
14.096264
11.117461
17.410269
20.285785
10.669837
11.816300
