20.493368
19.754361
15.826578
23.307572
19.892175
17.214461
15.664066
18.004948
20.765098
18.833554
17.307521
15.250948
18.338202
17.000605
15.411005
18.941528
15.099618
16.131740
18.709110
18.963300
18.399176
22.219966
26.621187
15.356089
18.826567
20.826477
19.818787
22.714731
22.485639
20.332825
17.466855
23.910616
23.564444
23.906598
21.076355
19.761402
18.349656
19.690287
20.921036
17.058892
15.799863
20.096104
15.907152
12.839557
14.377814
20.444417
15.335087
15.772487
17.811753
16.335248
16.924811
17.434945
19.508097
19.797814
18.727141
22.699166
19.745089
15.613081
23.895731
19.572593
16.313280
16.049533
15.997925
16.964452
17.186230
17.824573
18.068092
18.067606
14.029957
16.525278
17.104992
23.221083
22.692745
15.097017
14.318665
20.929292
19.524954
20.410375
20.199531
22.424741
16.262364
21.995050
23.325200
16.969618
17.434379
14.204013
19.264750
16.230282
21.350142
17.849976
22.895160
27.357269
17.241783
19.387687
14.476349
22.389114
19.671956
15.957662
27.566753
20.543192
