26.593409
12.387798
13.193109
15.976920
15.568898
25.499234
12.966184
13.171363
19.209631
13.626550
9.658989
10.878606
21.531073
20.418699
10.853196
22.642590
12.519723
15.949852
12.991579
7.144399
12.760085
20.201015
18.838358
18.380718
18.215676
20.687345
11.123995
12.388248
11.908876
15.381799
15.537390
16.298885
12.922325
13.811170
21.363586
31.215550
16.227952
13.917865
20.840637
13.004699
18.976796
14.377616
11.211976
15.185754
21.686198
14.519290
29.867602
13.162903
12.339025
9.316692
12.764548
13.082611
17.750344
11.595925
18.460497
20.784877
16.636506
9.404594
18.222635
10.135864
9.506403
19.783947
14.209393
17.677129
12.013903
12.678745
16.072842
11.923585
18.382970
15.775215
9.576295
14.717084
13.980693
13.769024
15.278348
16.538306
14.140189
10.535433
13.403483
28.487794
12.191883
12.834700
9.547002
13.183791
10.981543
12.901194
21.267616
15.100682
19.997872
14.885004
22.223517
26.052449
12.666771
12.403518
23.264335
13.660443
18.060590
11.924117
9.852747
13.656811
