1.806098
1.584913
1.523769
1.853692
1.763620
1.889929
1.479386
1.737800
1.730865
1.726744
1.760613
1.709265
1.661825
1.538222
1.508422
1.597962
1.683195
1.525187
1.611167
1.657618
1.590961
1.538921
1.796177
1.730399
1.409739
1.829574
1.423756
1.652131
1.679395
1.599309
1.479014
1.560820
1.462920
1.598642
1.784134
1.629101
1.670687
1.509881
1.644808
1.512199
1.893065
1.727456
1.994283
1.609256
1.804490
1.468627
1.348327
1.878286
1.449039
1.653676
1.683456
1.397566
1.548618
1.427110
1.772075
1.696841
1.928332
1.624554
1.641458
1.389489
1.516167
1.881207
1.524589
1.482878