1.416049
1.399847
2.025017
1.459173
1.567634
1.620267
1.688435
1.596027
1.625594
1.788051
1.839248
1.629991
1.999979
1.913213
1.853419
1.927050
1.695262
1.459564
1.841118
1.911896
1.453769
1.780286
1.630722
1.588728
1.518050
1.517940
1.516161
1.598369
1.658711
1.582670
1.587800
1.655797
1.698579
1.902125
1.761128
1.829677
1.825130
1.440937
1.898423
1.477930
1.266660
1.780659
1.770227
1.531931
1.407616
1.617970
1.633971
1.674079
1.767728
1.506061
1.398731
1.419631
1.717803
1.493463
1.611914
1.566402
1.657112
1.519855
1.594337
1.651284
1.452317
1.503760
1.823013
1.707113