1.774728
2.055040
1.699785
1.800726
1.550368
1.558769
1.826454
1.725352
1.904977
2.118661
1.884472
1.563860
1.626807
1.571315
1.942196
1.522225
1.456610
1.671674
1.729809
1.767754
1.729658
1.909466
1.656198
1.540856
1.539985
1.856135
1.819318
1.606704
1.572800
1.790121
1.699950
1.793581
1.726450
1.659784
2.009097
1.571044
1.708942
1.823373
1.504277
1.502912
1.781889
1.459973
1.586554
1.485334
1.582345
1.934325
1.406821
1.661751
1.304799
1.605427
1.405076
1.709471
1.972966
1.478862
1.876657
1.880385
1.516284
1.795519
1.636095
1.652440
1.445673
1.669740
1.959629
1.413327