1.676056
1.591057
1.339836
1.533778
1.645754
1.344683
1.550654
1.543857
1.495620
1.589649
1.554357
1.934852
1.525951
1.601582
1.707977
1.956706
1.675768
1.650154
1.632286
1.599809
1.363975
1.556086
1.650690
1.617632
1.899218
1.656686
1.442966
1.516366
1.652200
1.539986
1.656829
1.534027
1.429205
1.504388
1.973193
1.470728
1.353360
1.696091
1.751715
1.672375
1.845193
1.583113
1.729660
1.531488
1.628663
1.645856
1.799770
1.724581
1.702374
1.472594
1.644684
1.443248
1.729973
1.596909
1.808168
1.592388
1.639378
1.553558
1.763981
1.605550
1.739171
1.832934
1.435492
1.660477