1.608017
1.563218
1.558167
1.765492
1.570444
1.655448
1.531789
1.636668
1.433931
1.455767
1.531707
1.444728
1.425980
1.768314
1.919406
1.606894
1.890452
1.508088
1.436348
1.814938
1.577094
1.813198
1.530503
1.630113
1.775625
1.700988
1.814132
1.551094
1.649961
1.688982
1.623478
1.689360
1.438194
1.479104
1.768947
1.542973
1.648512
1.699069
1.605144
1.654187
1.503145
1.757500
1.621333
1.566178
1.561474
1.427152
1.611176
1.622173
1.524246
1.978722
1.752422
1.396254
1.727191
1.639889
1.556876
1.828467
1.660491
1.617869
1.683569
1.927744
1.844328
1.565467
1.697545
1.826013