1.701705
1.632256
1.491012
1.616453
1.476879
1.880501
1.771702
1.975269
1.744113
1.697086
1.772531
1.772928
1.673137
1.821826
1.757253
1.755629
1.418715
1.593185
1.647521
1.596899
1.807033
1.484673
1.480512
1.588557
1.729028
1.606935
1.959247
1.788082
1.538273
1.559343
1.561561
1.650771
1.691461
1.638314
1.712855
1.690667
1.716885
1.852115
1.884828
1.743267
1.879390
1.969740
1.669158
1.724344
1.812508
1.509827
1.669090
1.727385
1.527423
1.889403
1.744984
1.706766
1.654420
1.657047
1.527626
1.493916
1.622228
1.789651
1.679239
1.706879
1.521840
1.507387
1.709515
1.864078
