1.468016
1.699689
1.512979
1.467014
1.485514
1.497770
1.736179
1.603247
1.660624
1.733869
1.553992
1.585179
1.530342
1.858844
1.553323
1.754245
1.720780
1.442446
1.673072
1.446876
1.393998
1.572728
1.677784
1.828197
1.472888
1.781063
1.485155
1.632005
1.649687
1.567315
1.441402
1.603429
1.641081
1.751597
1.499498
1.885795
1.700018
1.792842
1.513807
1.897102
1.629257
1.708283
1.708775
1.742062
1.504249
1.819306
1.666154
1.394324
1.540601
1.664332
1.710983
1.513976
1.645971
1.472306
1.553271
1.574429
1.526309
1.405249
1.712449
1.862270
1.533541
1.712162
1.610274
1.801813