1.479914
1.438438
1.563316
1.489416
1.627770
1.443950
1.722632
1.715287
1.701972
1.887270
1.583416
1.491912
1.718472
1.502238
1.852532
1.577063
1.647184
1.686063
1.660889
1.734342
1.684841
1.834122
1.653316
1.599527
1.693459
1.691208
1.688855
1.576274
2.000280
1.666833
1.739579
1.615900
1.485681
1.711558
1.701674
1.666320
1.767234
1.800517
1.643576
1.514633
1.451873
1.608387
2.034656
1.590038
1.744620
1.560505
1.666289
1.851000
1.467205
1.547136
1.852061
1.860787
1.710672
2.110120
1.350324
1.585988
1.649968
1.647359
1.667302
1.557364
1.699673
2.251347
1.650061
1.909699