1.533649
1.673681
1.782710
1.591769
1.658884
1.477565
1.515044
1.824685
1.673268
1.596549
1.484914
1.434292
1.555376
1.517781
1.639404
1.532025
1.474162
1.473747
1.568141
1.672704
1.410752
1.688004
1.705147
1.650090
1.540880
1.607089
1.762331
1.596967
1.508476
1.618320
1.574087
1.823350
1.470610
1.719204
1.790186
1.473298
1.448709
1.987887
1.436936
1.662625
1.909225
1.578323
1.770299
1.455270
1.604389
1.476303
1.747923
1.786044
1.496895
1.465469
1.559910
1.607214
1.923650
1.621476
1.634124
1.869737
1.389603
1.745950
1.701181
1.531637
1.623492
1.964447
1.526777
1.711430