1.469350
1.587967
1.736505
1.787445
1.784620
1.395244
1.977310
1.480673
1.567499
1.798041
1.617796
1.985290
1.605200
1.697329
1.506025
1.526582
1.589004
1.698230
1.907347
1.858730
1.429078
1.887377
1.664141
1.808072
1.743056
1.610858
1.421729
1.541979
1.788328
1.981476
1.618858
1.490786
1.935923
1.474765
1.779093
1.522443
1.551216
2.091128
1.745660
1.514651
1.716510
1.527739
1.746454
1.731063
1.600935
1.937982
1.597398
1.623321
1.754977
1.472662
1.420749
1.545695
1.783641
1.453391
1.603720
1.566820
1.568676
1.827953
1.675490
1.503553
1.450827
1.519958
1.466064
1.813734