1.757299
1.685869
1.553441
1.684085
1.863062
1.756526
1.734248
1.685952
1.625105
1.689870
1.708770
1.883271
1.504731
1.806220
1.657115
1.330566
1.662371
1.601751
1.660350
1.511154
1.563633
1.583632
1.742966
1.570588
1.675438
1.634437
1.734392
1.387348
1.837716
1.464039
1.605131
1.646290
1.603192
1.548241
1.574530
1.575969
1.550410
1.439409
1.845457
1.668340
1.619694
1.575391
1.570435
1.485446
1.495494
2.213438
1.695722
2.000231
1.662223
1.731567
1.418840
1.414747
1.737920
1.611501
1.349505
2.016892
1.339003
1.437046
1.615251
1.380438
1.820309
1.722953
1.978582
1.606966


1.774728
2.055040
1.699785
1.800726
1.550368
1.558769
1.826454
1.725352
1.904977
2.118661
1.884472
1.563860
1.626807
1.571315
1.942196
1.522225
1.456610
1.671674
1.729809
1.767754
1.729658
1.909466
1.656198
1.540856
1.539985
1.856135
1.819318
1.606704
1.572800
1.790121
1.699950
1.793581
1.726450
1.659784
2.009097
1.571044
1.708942
1.823373
1.504277
1.502912
1.781889
1.459973
1.586554
1.485334
1.582345
1.934325
1.406821
1.661751
1.304799
1.605427
1.405076
1.709471
1.972966
1.478862
1.876657
1.880385
1.516284
1.795519
1.636095
1.652440
1.445673
1.669740
1.959629
1.413327


1.676056
1.591057
1.339836
1.533778
1.645754
1.344683
1.550654
1.543857
1.495620
1.589649
1.554357
1.934852
1.525951
1.601582
1.707977
1.956706
1.675768
1.650154
1.632286
1.599809
1.363975
1.556086
1.650690
1.617632
1.899218
1.656686
1.442966
1.516366
1.652200
1.539986
1.656829
1.534027
1.429205
1.504388
1.973193
1.470728
1.353360
1.696091
1.751715
1.672375
1.845193
1.583113
1.729660
1.531488
1.628663
1.645856
1.799770
1.724581
1.702374
1.472594
1.644684
1.443248
1.729973
1.596909
1.808168
1.592388
1.639378
1.553558
1.763981
1.605550
1.739171
1.832934
1.435492
1.660477


1.496789
1.769491
1.507881
1.620850
1.793963
1.463103
1.668873
1.582776
1.569414
1.435012
1.473292
1.635221
1.300668
1.497021
1.558214
1.629106
2.054810
1.648318
1.927364
1.458272
1.503542
1.732601
1.596701
1.683988
1.833628
1.487434
1.773352
1.714237
1.646069
1.840204
1.555833
1.638564
1.698584
1.576541
1.649533
1.704763
1.329191
1.535338
1.809963
1.505542
1.684062
1.687363
1.657614
1.530747
1.534590
1.613436
1.674837
1.749364
1.655887
1.393910
1.470628
1.638608
1.672475
1.465802
1.694360
2.008780
1.573163
1.344258
1.822827
1.643012
1.546727
1.976624
1.620107
1.572278


1.689677
1.636859
1.601032
1.431656
1.566565
1.693698
1.805723
1.738588
2.095679
1.706320
1.762930
1.861790
1.640818
1.637392
1.803229
1.753064
1.681327
1.808696
1.411520
1.611807
1.612902
1.498507
1.958269
1.501545
1.443682
1.829511
1.365453
1.747052
1.622196
2.024532
1.783525
1.523093
1.613857
1.566413
1.486203
1.745172
1.569771
1.907564
1.514088
1.731279
1.738035
1.866481
1.777594
1.951814
1.814091
1.906861
1.771335
1.688702
1.813696
1.716868
1.527941
1.670579
1.708906
1.653124
1.483418
2.033879
1.592860
1.793817
1.571122
1.677339
1.546460
1.548336
1.671887
1.583931


1.468016
1.699689
1.512979
1.467014
1.485514
1.497770
1.736179
1.603247
1.660624
1.733869
1.553992
1.585179
1.530342
1.858844
1.553323
1.754245
1.720780
1.442446
1.673072
1.446876
1.393998
1.572728
1.677784
1.828197
1.472888
1.781063
1.485155
1.632005
1.649687
1.567315
1.441402
1.603429
1.641081
1.751597
1.499498
1.885795
1.700018
1.792842
1.513807
1.897102
1.629257
1.708283
1.708775
1.742062
1.504249
1.819306
1.666154
1.394324
1.540601
1.664332
1.710983
1.513976
1.645971
1.472306
1.553271
1.574429
1.526309
1.405249
1.712449
1.862270
1.533541
1.712162
1.610274
1.801813


1.473355
1.466700
1.588768
1.459727
1.511305
1.579943
1.426566
1.855489
1.672531
1.754114
1.742081
1.749094
1.456799
1.612103
1.809810
1.443602
1.853620
1.551060
1.686556
1.565835
1.577034
1.856927
1.816092
1.694924
1.589873
1.831568
1.674992
1.580291
1.703007
1.694336
1.609809
2.002958
1.745811
1.580861
1.549156
1.644841
1.534425
1.867335
1.566171
1.723541
1.741326
1.891043
1.624100
1.533415
1.480234
1.539569
1.729922
2.033027
1.505485
1.810026
1.521155
1.562582
1.803795
1.655003
1.505350
1.715061
1.970165
1.754217
1.708302
2.058492
1.352051
1.603235
1.633446
1.672666


1.465390
1.505002
2.041399
1.593176
1.606078
1.522245
1.569691
1.572608
1.772397
1.667114
1.511332
1.647307
1.473320
1.505447
1.393206
1.634700
1.611544
1.606646
1.486833
1.401962
1.560832
1.597732
1.567067
1.592844
1.738293
1.642948
1.641984
1.524853
1.577752
1.725424
1.646547
1.537085
1.618966
1.509994
1.745448
1.792270
1.510002
1.670017
1.798860
1.393858
1.449163
1.935460
1.615745
1.425919
1.870439
1.845580
1.614409
1.744471
1.453318
1.562880
1.504708
1.753118
1.784296
1.504567
1.471038
1.563641
1.551529
1.502442
2.000683
1.689378
1.595842
1.945134
1.387937
1.687150


1.469350
1.587967
1.736505
1.787445
1.784620
1.395244
1.977310
1.480673
1.567499
1.798041
1.617796
1.985290
1.605200
1.697329
1.506025
1.526582
1.589004
1.698230
1.907347
1.858730
1.429078
1.887377
1.664141
1.808072
1.743056
1.610858
1.421729
1.541979
1.788328
1.981476
1.618858
1.490786
1.935923
1.474765
1.779093
1.522443
1.551216
2.091128
1.745660
1.514651
1.716510
1.527739
1.746454
1.731063
1.600935
1.937982
1.597398
1.623321
1.754977
1.472662
1.420749
1.545695
1.783641
1.453391
1.603720
1.566820
1.568676
1.827953
1.675490
1.503553
1.450827
1.519958
1.466064
1.813734


1.416049
1.399847
2.025017
1.459173
1.567634
1.620267
1.688435
1.596027
1.625594
1.788051
1.839248
1.629991
1.999979
1.913213
1.853419
1.927050
1.695262
1.459564
1.841118
1.911896
1.453769
1.780286
1.630722
1.588728
1.518050
1.517940
1.516161
1.598369
1.658711
1.582670
1.587800
1.655797
1.698579
1.902125
1.761128
1.829677
1.825130
1.440937
1.898423
1.477930
1.266660
1.780659
1.770227
1.531931
1.407616
1.617970
1.633971
1.674079
1.767728
1.506061
1.398731
1.419631
1.717803
1.493463
1.611914
1.566402
1.657112
1.519855
1.594337
1.651284
1.452317
1.503760
1.823013
1.707113


