1.806098
1.584913
1.523769
1.853692
1.763620
1.889929
1.479386
1.737800
1.730865
1.726744
1.760613
1.709265
1.661825
1.538222
1.508422
1.597962
1.683195
1.525187
1.611167
1.657618
1.590961
1.538921
1.796177
1.730399
1.409739
1.829574
1.423756
1.652131
1.679395
1.599309
1.479014
1.560820
1.462920
1.598642
1.784134
1.629101
1.670687
1.509881
1.644808
1.512199
1.893065
1.727456
1.994283
1.609256
1.804490
1.468627
1.348327
1.878286
1.449039
1.653676
1.683456
1.397566
1.548618
1.427110
1.772075
1.696841
1.928332
1.624554
1.641458
1.389489
1.516167
1.881207
1.524589
1.482878


1.702922
2.038347
1.732863
1.804998
1.487017
1.637935
1.941948
1.830556
2.065238
1.825211
1.591077
1.573707
1.880992
1.530561
1.585041
1.637905
1.669633
1.750282
1.689791
1.952840
1.618213
1.441039
1.779405
1.784238
1.713597
1.615118
1.750534
1.727967
1.946210
1.617050
1.564470
1.833601
1.834396
1.736890
1.550736
1.513544
1.798650
1.531614
1.457212
1.499789
1.930233
1.547752
1.623956
1.360495
1.538759
1.380564
1.673525
1.977396
1.485273
2.035290
1.616160
1.812025
1.575078
1.652499
1.428082
1.623053
1.886886
1.444710
1.831928
1.448474
1.594979
1.674046
1.632769
1.568224


1.674905
1.502969
1.422919
1.740654
1.369890
1.363347
1.604136
1.523873
1.552460
1.971948
1.498559
1.552323
1.684814
1.743236
1.828155
1.698405
1.587302
1.604924
1.361608
1.676845
1.604625
1.740469
1.871392
1.455713
1.422731
1.700037
1.503882
1.650017
1.473959
1.499953
1.835740
1.633497
1.298417
1.684585
1.713347
1.638276
1.762492
1.676460
1.653054
1.489936
1.757294
1.755249
1.728297
1.639298
1.539084
1.576846
1.483824
1.646183
1.759083
1.723256
1.531743
1.639873
1.719186
1.637337
1.755634
1.702899
1.425376
1.761285
1.663663
1.577261
1.633020
1.672684
1.773756
1.579795


1.608017
1.563218
1.558167
1.765492
1.570444
1.655448
1.531789
1.636668
1.433931
1.455767
1.531707
1.444728
1.425980
1.768314
1.919406
1.606894
1.890452
1.508088
1.436348
1.814938
1.577094
1.813198
1.530503
1.630113
1.775625
1.700988
1.814132
1.551094
1.649961
1.688982
1.623478
1.689360
1.438194
1.479104
1.768947
1.542973
1.648512
1.699069
1.605144
1.654187
1.503145
1.757500
1.621333
1.566178
1.561474
1.427152
1.611176
1.622173
1.524246
1.978722
1.752422
1.396254
1.727191
1.639889
1.556876
1.828467
1.660491
1.617869
1.683569
1.927744
1.844328
1.565467
1.697545
1.826013


1.701705
1.632256
1.491012
1.616453
1.476879
1.880501
1.771702
1.975269
1.744113
1.697086
1.772531
1.772928
1.673137
1.821826
1.757253
1.755629
1.418715
1.593185
1.647521
1.596899
1.807033
1.484673
1.480512
1.588557
1.729028
1.606935
1.959247
1.788082
1.538273
1.559343
1.561561
1.650771
1.691461
1.638314
1.712855
1.690667
1.716885
1.852115
1.884828
1.743267
1.879390
1.969740
1.669158
1.724344
1.812508
1.509827
1.669090
1.727385
1.527423
1.889403
1.744984
1.706766
1.654420
1.657047
1.527626
1.493916
1.622228
1.789651
1.679239
1.706879
1.521840
1.507387
1.709515
1.864078


1.457144
1.681740
1.480696
1.505424
1.348932
1.905404
1.473935
1.740610
1.710356
1.553617
1.602373
1.533492
1.766272
1.714960
1.810610
1.420696
1.609343
1.475765
1.354995
1.689336
1.749693
1.632533
1.520046
1.747646
1.647897
1.609657
1.522771
1.499902
1.801754
1.464110
1.571062
1.833019
1.567016
1.816175
1.644477
1.845985
1.688601
1.718381
1.720738
1.563251
1.606323
1.787283
1.563841
1.466286
1.639912
1.704777
1.557293
1.539640
1.411830
1.641669
1.507930
1.585375
1.513662
1.867325
1.605562
1.643479
1.636692
1.810163
1.734083
1.846488
1.761433
1.517522
1.557265
1.509818


1.479914
1.438438
1.563316
1.489416
1.627770
1.443950
1.722632
1.715287
1.701972
1.887270
1.583416
1.491912
1.718472
1.502238
1.852532
1.577063
1.647184
1.686063
1.660889
1.734342
1.684841
1.834122
1.653316
1.599527
1.693459
1.691208
1.688855
1.576274
2.000280
1.666833
1.739579
1.615900
1.485681
1.711558
1.701674
1.666320
1.767234
1.800517
1.643576
1.514633
1.451873
1.608387
2.034656
1.590038
1.744620
1.560505
1.666289
1.851000
1.467205
1.547136
1.852061
1.860787
1.710672
2.110120
1.350324
1.585988
1.649968
1.647359
1.667302
1.557364
1.699673
2.251347
1.650061
1.909699


1.533649
1.673681
1.782710
1.591769
1.658884
1.477565
1.515044
1.824685
1.673268
1.596549
1.484914
1.434292
1.555376
1.517781
1.639404
1.532025
1.474162
1.473747
1.568141
1.672704
1.410752
1.688004
1.705147
1.650090
1.540880
1.607089
1.762331
1.596967
1.508476
1.618320
1.574087
1.823350
1.470610
1.719204
1.790186
1.473298
1.448709
1.987887
1.436936
1.662625
1.909225
1.578323
1.770299
1.455270
1.604389
1.476303
1.747923
1.786044
1.496895
1.465469
1.559910
1.607214
1.923650
1.621476
1.634124
1.869737
1.389603
1.745950
1.701181
1.531637
1.623492
1.964447
1.526777
1.711430


1.440742
1.646240
1.723669
1.834485
1.648410
1.610762
1.741067
1.557611
1.754673
1.683007
1.867975
1.844127
1.424998
1.541846
1.588401
1.673537
1.748373
1.893245
1.623060
1.711230
1.588551
1.859989
1.760224
1.426728
1.518180
1.675443
2.029392
1.631395
1.537387
1.913950
1.489814
1.650025
1.527607
2.033537
1.817863
1.472171
1.662847
1.649659
1.650820
1.627190
2.047497
1.551223
1.600049
1.773478
1.512639
1.434176
1.514483
1.776373
1.427910
1.680487
1.608412
1.724410
1.670465
1.580765
1.453833
1.505097
1.553815
1.689907
1.550331
1.513294
1.606795
1.575585
1.746534
1.878234


1.413695
1.673915
1.671379
1.509617
1.630669
1.720586
1.614101
1.630034
1.793454
1.757389
1.628557
2.169067
1.970948
1.866765
1.672682
1.545079
1.778574
1.861239
1.498933
1.911442
1.405424
1.642541
1.481286
1.547682
1.570162
1.465522
1.730288
1.633597
1.712007
1.559563
2.031622
1.525298
1.832113
1.749093
1.719909
1.572565
1.309332
1.816434
1.625820
1.619561
1.495982
1.657139
1.670786
1.669780
1.559482
1.359126
1.520140
1.743612
1.539689
1.458976
1.526080
1.687708
1.604128
1.623496
1.419699
1.528145
1.834217
1.693449
1.589796
1.627780
1.456033
1.560709
1.498435
1.744767


