9.334663
8.720334
9.245417
8.651044
9.205192
9.454397
9.004277
9.217703
9.341363
9.450886
9.197974
9.340402
9.275357
9.123471
9.431951
9.610214
9.173941
8.942811
8.940144
9.214470
9.100689
9.326314
9.074468
9.415032
9.444686
9.191391
9.217719
8.966110
9.110161
8.523687
9.069810
9.088550
8.886013
8.962426
9.000339
9.221699
8.933462
8.932708
9.274331
8.920977
9.042010
9.096966
8.866597
9.310117
9.022880
9.142715
8.788174
9.157290
9.395954
9.055993
8.987632
9.233914
9.166781
9.137397
9.245640
8.963777
9.392449
9.010854
9.011996
9.400647
9.562468
8.716177
9.361655
8.912729
8.747541
9.823213
9.335753
9.072514
9.506086
8.888883
9.152842
9.061684
9.405910
9.141366
8.917426
9.203935
9.405042
8.982580
9.423587
9.455171
9.353161
9.298893
8.920999
9.695142
8.842908
9.207728
9.193884
9.043891
9.323236
9.090350
8.975503
9.405532
9.111151
9.182484
9.060045
9.132808
9.145004
9.461923
9.073734
9.248931
9.430780
8.882630
9.505141
9.068136
9.046165
9.458191
9.162414
8.982665
9.096105
9.201441
9.243506
9.140366
9.376164
9.260446
9.113613
9.171141
8.902087
9.120728
8.939225
9.307998
9.419416
9.530595
9.284330
9.359887
8.912533
9.254511
8.802388
9.262372
9.275079
9.046601
9.001385
9.383111
9.049219
9.101028
8.908202
8.947123
9.197686
9.207750
9.281014
9.361441
9.148010
9.070583
9.004593
9.377554
9.092996
9.104201
9.136420
9.201301
8.955399
8.993210
9.045482
9.174775
9.250622
8.885964
9.561787
9.265128
9.064672
9.427784
9.563933
9.481705
9.394185
9.252704
9.088288
9.179539
8.675729
9.458695
9.408239
8.992843
9.064625
9.258062
9.044319
9.094459
9.285359
9.582418
8.975736
9.278164
9.161859
9.260790
9.004063
8.766737
9.007633
9.073755
9.256325
9.391566
9.226482
9.827674
9.080683
9.083628
9.176902
9.312086
9.204384
9.053337
9.554171
9.283939
9.017594
9.765963
9.448302
9.289871
9.530359
9.147915
9.618845
8.959387
9.184096
8.791429
9.219452
9.644536
9.521265
9.045198
9.206262
8.915773
9.117599
9.223062
9.368995
8.874579
9.348444
8.952881
8.991393
9.133277
9.306874
9.500955
9.190140
9.120114
8.952886
9.554826
9.108645
9.348839
8.973203
9.002592
9.258894
9.038010
9.185779
9.181765
8.956473
8.899670
9.253549
9.000353
9.242719
9.005532
8.943513
9.328520
9.218119
9.354944
9.167305
9.302650
9.358958
9.089387
9.123223
8.970381
9.426029
9.655861
9.215146
9.186370
8.599965
9.330332
9.022157
9.395176
9.291058
9.319380
8.945559
8.723116
8.991176
9.303638
9.143755
8.831683
9.241054
9.211120
8.995992
9.249512
9.135625
9.201579
9.416016
9.080559
9.018868
9.472883
9.509756
9.331809
9.019919
9.213149
9.356527
9.007999
9.180918
9.383361
9.439797
9.301309
9.085801
9.412842
9.368262
9.398658
9.557691
8.795666
9.171150
9.122556
9.170606
9.136772
9.115124
9.099413
9.158574
9.742124
9.172526
9.361299
9.382418
9.130731
9.136023
8.581605
8.903682
9.134713
9.143139
9.218161
8.991190
8.700255
9.012899
9.275457
9.487974
9.148293
9.667447
9.372351
8.997323
8.910716
9.102026
9.064038
9.464512
9.202830
9.387362
8.952880
9.374686
8.909234
8.967548
9.239380
8.923505
9.153087
9.183614
8.929693
9.086368
9.396343
9.082433
9.434528
8.469997
9.159974
8.840311
9.196800
8.864549
9.045578
8.970809
9.120972
8.893817
9.603294
8.978480
9.090931
9.042237
8.987072
9.089105
8.989375
8.790975
9.240002
9.310434
8.704743
8.958267
8.863914
9.362224
9.477696
9.422998
9.436439
9.355646
9.011496
9.637257
9.235349
9.062598
9.097464
8.895684
9.285792
9.332587
8.862020
9.172013
9.275347
9.393219
9.329767
9.212142
9.010393
9.058992
8.660865
9.096615
9.298467
8.885820
8.957998
9.310452
9.270419
9.192679
8.984959
9.049522
9.116418
8.921768
9.227021
8.973888
9.195004
9.094277
9.212629
9.397803
8.846991
9.352790
9.267954
9.523567
9.000874
9.142506
9.087645
8.967219
9.478716
9.083123
9.281677
8.931093
9.563689
9.110634
9.079557
9.437276
9.323571
8.912672
9.016001
8.680099
9.177929
9.156392
9.292547
9.198483
8.540183
9.459377
8.944426
9.270294
8.803866
8.919637
8.879331
8.821675
9.276011
9.118142
9.147835
8.807691
9.496298
9.329774
8.618839
9.094143
8.945088
8.754097
8.669089
9.182815
9.315149
9.229552
9.233130
9.626427
8.953435
9.042368
9.085234
9.459151
9.389721
8.965956
8.859518
9.362776
8.898259
9.347318
9.028203
9.198302
9.300829
9.289340
9.021819
8.842876
8.906998
9.285386
9.343934
9.467625
8.772963
9.059940
9.026431
9.389393
9.577775
8.841811
8.948865
9.599995
9.066321
9.146258
9.261609
9.134769
9.587265
8.893476
9.410464
9.105029
8.886739
9.146023
8.973780
9.329466
8.944288
9.125492
9.339030
8.947995
8.794173
9.314676
9.198309
8.860453
9.148805
9.391354
9.248664
9.393267
9.056569
9.418564
9.137061
9.292080
9.088933
9.791796
9.464030
9.053926
8.881167
9.270578
9.316979
9.153692
8.956730
9.512961
9.050207
9.429881
9.289564
9.191456
9.047111
8.778033
9.147668
9.505945
9.136934
8.860322
9.281011
9.125266
9.602520
8.853243
9.146161
9.354148
9.027166
9.279403
9.360274
9.110177
9.520404
9.124051
9.026619
9.543147
8.862102
9.076742
9.171309
9.209990
9.368486
9.377096
9.273815
8.828688
9.186953
9.293730
8.956654
9.419737
9.066407
9.088192
9.334771
9.459787
9.627525
8.957384
9.101214
9.242669
9.027628
9.223092
9.572352
9.221293
9.339193
9.373265
9.127550
9.007213
8.815581
9.524784
9.265470
9.392973
9.090372
8.985015
9.197621
9.361020
9.576194
8.842814
9.207177
8.776797
9.217058
9.345429
9.185204
9.266124
9.182739
9.168508
9.160163
9.209092
9.270372
9.346658
8.889709
9.131405
9.079830
9.025569
9.455145
9.339906
8.945487
8.800234
9.351234
9.370947
9.436389
9.357085
9.283430
9.124717
8.952403
8.875764
9.152556
8.955011
9.468605
9.001855
9.259414
8.923943
9.776012
9.137953
9.340577
9.195057
8.976529
9.040589
9.358736
8.907443
8.845056
9.071962
9.073777
8.751649
9.446039
9.190337
9.131578
9.322309
9.219731
8.953615
9.057438
9.572458
9.351622
9.124682
9.272718
9.066554
9.305275
9.218243
9.047888
9.371121
9.562450
8.980102
9.212764
9.458563
9.605361
9.113571
9.387083
9.470703
9.272639
8.722346
9.124117
9.319323
9.562305
9.512575
9.374919
9.573648
9.255780
8.963316
9.415501
9.118151
9.015889
9.119410
9.344725
8.968103
9.402689
9.156180
9.143711
8.619079
9.276244
8.958380
9.396656
8.857960
9.111515
9.131902
9.205842
9.367000
9.322802
9.172957
8.812214
8.988376
9.357155
9.260815
9.148429
9.210168
9.131818
9.040492
9.039129
9.078830
9.242469
9.476121
8.820363
9.042618
9.092843
8.885471
9.080762
9.232335
8.975091
9.091693
9.122704
9.232081
9.234134
9.067977
8.918148
9.330812
9.483082
9.664164
9.135253
9.193067
9.226378
9.163225
9.239621
8.923906
9.381121
9.358371
9.417797
9.275553
9.138338
9.179165
9.221032
8.934856
9.299098
8.768623
9.259796
9.138005
8.806367
8.760380
9.186689
9.380355
9.127476
9.089276
8.925317
9.231962
9.598069
9.295370
9.842001
8.926572
9.275378
9.343970
9.195413
9.254563
9.297697
9.246336
9.284485
9.349177
9.318845
9.364000
9.175423
9.058923
9.302920
9.079777
9.449230
9.379983
8.943480
9.200314
9.283356
9.091890
9.751939
9.187362
9.280297
9.023308
9.157830
8.938032
9.004236
9.221860
9.114636
9.147338
9.444769
9.419865
9.017951
9.161151
9.394919
8.953250
9.263794
8.857232
9.293420
9.636089
9.108554
9.120643
9.284230
9.340479
9.041248
8.925939
9.310041
9.345400
9.360016
8.999005
9.326556
9.144725
8.851207
9.361411
8.939291
9.158031
9.396992
8.989441
9.160101
9.314686
8.880492
9.084641
9.014983
9.412247
9.352363
9.329381
9.152511
9.160302
9.241309
9.125060
9.225510
9.324698
8.974645
9.127352
9.272850
9.134085
9.451468
9.181469
8.802794
9.049394
9.154848
9.296746
8.951597
8.858462
9.415440
9.217258
8.862388
9.126224
9.348020
9.164234
9.304368
9.026713
9.080078
9.425320
9.383238
8.775559
8.800808
9.439745
9.032605
9.480941
9.399959
9.205655
9.204052
9.509622
8.957100
9.090414
8.660975
9.469571
9.201812
9.186041
9.447792
9.076468
8.882458
9.033593
9.326311
9.491701
9.141939
9.006331
9.428155
9.200458
9.336984
9.193974
9.256622
9.099841
8.938548
9.281186
9.374313
9.142892
9.216474
9.380674
9.514089
8.950700
8.944991
9.204306
8.959437
9.211138
8.938183
9.195799
9.701324
9.192241
9.304519
9.405813
9.148861
9.260009
9.001499
8.908288
9.212767
9.157800
9.210797
8.912271
9.250601
9.458463
8.849247
9.034335
9.258149
9.457280
8.764076
8.899599
8.847942
9.113591
8.989188
8.876960
9.309315
9.130958
9.166778
9.211207
8.894020
9.241796
9.462223
9.257940
8.909709
9.298291
9.397686
9.097799
9.038719
9.599907
9.013500
9.355622
8.987519
9.212532
9.433743
9.014635
9.221548
8.981304
9.144181
8.962821
9.117662
9.465839
9.343110
9.170365
9.260031
9.007852
9.240712
9.445671
8.865780
8.844176
9.399055
9.170954
8.950338
8.853021
9.210538
9.211621
9.359558
9.209534
9.281243
8.869543
9.260608
9.475016
8.857130
9.768840
9.223662
9.407491
8.956801
9.055833
9.141908
8.813077
9.380602
8.721664
9.052231
9.147057
9.027903
9.177980
9.374980
9.148541
9.186956
9.156539
9.430857
9.659478
9.071999
9.243971
9.112028
9.362160
9.357119
9.037392
9.159629
9.122658
8.874474
9.157101
9.335166
9.091106
9.104926
9.390102
9.198734
9.527044
9.185893
9.360412
9.676840
9.134638
8.761472
9.110296
9.348638
9.338994
9.328070
9.211353
9.585976
9.102022
9.270851
8.874528
8.847122
9.126011
9.263870
8.989931
9.085852
9.419503
9.364286
9.121093
9.006455
8.940996
9.253427
