9.043666
9.167645
8.964313
10.282490
9.599005
8.579375
9.837317
8.695891
9.312270
8.682198
8.997318
9.715723
9.495113
8.947158
9.271131
8.897764
8.752982
9.317453
8.887305
8.939480
9.217863
10.189146
9.404289
8.520027
8.842171
7.782375
8.902294
8.722352
8.951728
9.389591
8.957523
9.385775
9.590673
9.111661
9.677497
9.423637
10.063228
9.285545
8.824679
9.876819
8.866904
9.461706
9.028015
9.108306
9.538920
9.420100
8.930986
9.617486
9.628715
7.829552
9.125067
8.945185
9.016596
9.424556
8.654111
9.009617
9.121840
8.716380
9.237607
8.629762
8.022907
9.310495
9.471950
9.920661
8.837416
7.849087
10.399224
9.461857
9.131368
10.074790
9.187606
9.298297
8.680092
8.335115
9.408786
9.143276
9.543622
10.168003
8.755189
8.162148
9.639819
8.391020
9.517794
9.121700
9.392420
8.725674
9.683663
9.468592
8.483711
9.011609
9.623478
10.066079
8.224072
10.063369
8.550498
9.282618
9.145717
8.977824
9.475877
9.204148
9.285532
9.509317
8.369064
9.236903
9.253595
9.145602
8.232082
9.506254
10.230865
8.980752
8.265284
10.166537
9.867821
8.612543
9.238671
8.171328
10.165401
8.965354
9.172573
8.935520
10.286044
9.101102
8.931507
8.961924
8.801437
8.920470
9.236190
8.932877
9.131145
8.418030
9.415014
9.587891
9.547418
8.918443
9.398702
8.449463
9.140600
8.569727
9.289609
9.217962
8.268853
9.969718
8.843771
8.133217
8.975898
8.431339
10.215884
8.834054
8.653604
10.286959
9.457296
8.930045
9.111013
9.271567
9.622348
8.969486
8.997064
9.606463
8.951451
8.604635
9.094114
8.585613
9.547584
8.804697
8.342126
9.176140
9.220973
8.368619
8.826256
9.923141
9.774557
9.635477
9.205243
8.676183
9.297112
9.378301
9.795793
9.949947
10.500883
9.223594
10.121623
9.726475
9.320963
8.179594
8.530620
8.836426
9.528819
9.319495
9.024807
9.688224
8.669841
9.111335
10.314032
9.210413
8.672702
8.929625
8.598421
9.179756
10.274350
10.139935
8.506502
8.227620
8.585476
9.241886
8.824568
10.023098
8.938937
8.381185
9.314179
8.977433
9.459435
9.267545
8.422938
9.688620
8.664318
8.836701
8.190343
8.280856
8.781284
8.987350
9.733666
8.567601
9.545057
8.777249
10.115318
8.422410
9.834119
8.816822
10.124510
8.214161
8.863401
9.575636
9.172695
8.844211
9.445831
8.582848
9.102107
8.200570
9.274224
8.613302
9.008765
9.085635
9.285712
9.309984
9.008738
8.929218
8.123178
9.367639
9.108015
9.430610
9.429983
9.375499
9.316905
9.227997
10.019343
8.895390
9.156956
8.233758
9.888307
8.083950
8.392702
8.519105
8.600374
8.202566
9.020574
9.084109
8.677041
9.372510
8.411948
8.629847
8.712718
9.423784
9.621338
9.877387
10.156405
8.723145
8.965417
8.560993
8.844088
10.587995
8.761601
9.512018
9.453248
10.054330
9.075835
8.393253
9.993909
10.343926
10.131357
7.661824
8.674380
8.943447
8.868682
8.513875
8.469325
9.607907
9.167695
8.832581
9.459612
9.324640
9.896306
9.767512
8.785965
8.022458
9.453095
9.379363
11.135375
8.615332
9.867795
8.991910
9.213475
9.592920
9.021453
8.306876
7.899166
9.518727
9.119210
8.481537
9.049630
9.242142
9.718912
9.095184
8.190593
9.240986
9.241632
10.075056
9.243368
9.615707
8.390799
8.166648
9.080178
9.140676
8.988457
8.569003
9.841201
9.478562
8.404430
8.460846
9.243483
7.749457
9.992786
8.346633
9.474575
9.178195
8.529629
8.540016
9.528004
9.146990
8.517568
8.773632
9.540141
8.532648
9.745328
7.907288
8.457579
7.951410
8.998386
9.989700
9.466578
8.726308
9.711237
9.533777
9.768160
8.980379
9.074699
8.345207
8.054131
8.284760
9.862854
9.241117
8.794328
8.329508
9.378597
8.413395
8.658142
8.829293
8.802821
8.712595
8.480870
9.275277
9.194220
9.658197
8.842620
9.425222
9.334534
8.689884
10.119116
8.799836
9.325801
9.129955
9.380862
8.613523
9.460564
8.867705
10.268831
9.229322
8.812872
9.021909
8.803080
8.474654
8.390809
8.452224
8.111398
9.009727
9.083203
8.570907
8.238988
8.645542
9.714064
9.724374
8.651958
9.398493
9.398237
10.433759
8.895528
9.662895
9.410391
10.155242
8.757190
8.651123
8.989594
9.553736
8.738929
8.610488
10.023399
9.190868
9.313116
9.988829
10.372000
9.284915
8.765985
9.431076
8.571124
8.795977
8.723138
8.238875
8.304500
9.061138
8.627320
8.856150
9.628010
8.818392
8.297517
8.065877
8.630920
10.125709
9.041212
10.506804
9.696885
8.952720
9.378662
9.466385
8.456565
10.197449
10.262989
8.648266
10.339499
9.258496
9.479666
9.577401
9.200202
8.369623
8.971025
8.987312
8.573418
8.986203
8.599719
8.753013
9.321081
9.187039
8.393340
9.232590
8.719141
8.753653
9.818566
8.910331
9.279622
10.439860
9.491069
9.020718
8.300391
8.676792
8.272181
8.876757
9.733317
8.357246
8.669002
10.190717
10.731250
8.920238
7.695101
9.435558
9.025046
9.227492
7.592002
8.559975
9.712183
8.603852
8.779875
9.993937
9.199841
8.763763
8.056935
9.417019
9.360411
9.176025
9.119264
9.292297
8.459403
8.445213
8.697761
9.445811
8.695456
9.095012
8.605296
8.368191
10.082203
8.713334
8.048559
9.434597
8.086156
8.968050
8.707236
8.627472
9.106386
9.204718
11.077630
10.602197
10.116929
8.406837
10.404418
9.356328
9.988023
9.924699
9.064940
9.363050
8.533818
10.253925
8.489626
8.159200
8.496030
9.713248
8.856189
8.113055
8.982530
9.180709
9.258577
9.607905
9.192554
9.678228
9.115001
9.422636
9.514063
8.434220
9.121855
8.898518
7.757779
8.422252
9.056738
8.429227
9.365687
8.366058
9.036766
8.780546
9.439731
8.615271
8.324307
8.351927
8.749213
9.850354
8.374430
9.521428
8.427072
8.265019
8.654232
8.576106
8.883332
9.821413
9.407925
8.051676
8.418808
9.482443
10.167871
10.015526
9.589616
9.174066
9.212362
8.395620
8.263735
8.000527
8.661506
8.857074
9.546981
9.477391
9.120088
8.308553
9.094374
9.278836
9.161971
9.107017
9.723284
8.964547
8.716386
8.793945
9.288471
9.793544
8.533673
7.856852
8.633759
8.660213
8.726875
9.474982
10.074777
9.267872
8.385541
9.804317
8.802455
8.358967
9.189128
8.907391
8.646690
10.085467
9.181453
9.680426
9.045346
8.662035
8.865915
9.778798
8.926266
9.116248
9.540593
9.254510
10.929737
9.327352
8.517221
8.667531
9.753340
8.425351
9.388888
8.030953
8.617322
8.305297
9.337062
9.775338
10.601021
9.910887
8.736357
9.516236
8.941340
8.747981
8.169699
9.450852
9.071055
8.309252
9.603107
8.582567
9.315793
8.822793
9.996062
8.642774
9.611718
8.123360
8.831474
8.546147
9.322841
9.384370
8.987155
9.419239
8.619740
8.733130
9.713735
8.651509
9.602757
9.730692
9.384191
10.041816
9.896861
8.037917
8.959784
9.195654
8.215105
9.568667
8.944760
8.782239
8.605818
9.413804
7.736286
7.512514
9.015839
8.621616
8.707060
10.107016
9.031880
8.957435
9.783567
8.713044
9.619300
8.853374
8.874356
7.551817
9.845603
9.175395
9.814559
9.401121
8.385421
9.743357
9.444093
8.386957
9.370304
9.481206
10.104715
9.107507
7.980682
9.022450
9.245011
7.812114
8.041077
8.952949
9.002561
8.821655
9.219355
8.992594
9.582205
8.268648
9.079864
10.465995
8.913440
9.218995
8.044629
8.347846
9.746486
8.920816
8.617192
9.169075
10.092380
9.194374
8.487737
10.074663
8.372424
8.106126
9.396328
9.763136
9.056579
8.089068
8.616709
9.342895
9.012485
8.691929
9.719592
9.184467
9.166067
9.188312
9.313445
9.829572
9.767823
9.602337
8.853297
8.570338
10.091890
8.510941
8.444476
8.974040
8.928042
8.507633
8.330476
9.348028
9.078039
9.325045
7.423147
9.007801
8.310042
9.553600
9.199071
8.800915
8.869473
8.339377
8.298091
10.056343
9.431765
9.498206
10.536892
9.202828
9.037050
9.231006
8.974383
8.428003
9.548796
8.481675
9.284628
9.198217
8.766281
8.378968
9.423518
8.036365
8.466957
8.550570
8.489585
9.734297
8.750786
9.652070
8.919471
9.010046
9.011328
10.019027
9.478318
8.993307
9.156649
8.398447
9.454595
9.805362
9.052888
9.790723
8.515061
8.650288
8.904346
8.741629
8.844056
8.469582
8.669097
10.096850
8.287393
9.230609
9.903876
9.181251
9.534857
9.668463
9.057986
9.089597
9.330182
9.347727
9.291860
10.000510
8.649586
8.625918
9.277812
7.935788
9.114570
10.019175
8.509402
9.013807
9.422454
8.922305
9.297862
9.176342
8.979180
8.694452
9.332379
9.269150
8.635021
8.650025
9.966755
9.836210
9.572360
9.492517
9.385659
9.485379
10.194099
8.291857
8.626453
8.581565
9.277364
9.971690
9.453363
9.605198
8.110437
10.227047
10.090794
8.946576
9.626886
9.672476
8.575641
9.143750
9.676563
9.199731
9.031511
8.724964
8.544137
9.589458
8.680615
9.427271
9.594693
8.858603
8.949444
8.575816
9.334796
8.859184
8.937313
9.561989
9.984659
8.847345
9.710706
8.401143
10.242003
9.268338
9.375929
8.355800
11.048363
9.368087
9.371959
9.825442
9.336950
9.830096
8.246594
9.445391
8.794320
8.627031
9.700032
9.699189
8.536464
9.126944
8.598373
9.172271
8.841479
9.851525
9.508912
8.906252
9.028024
10.164544
8.833796
8.363409
9.495864
8.964120
9.926326
9.621330
8.968368
8.259638
9.253331
8.447115
8.088336
9.370318
9.067126
9.691055
8.160915
8.511918
8.455571
8.603457
7.850171
10.017760
8.280128
9.373457
9.411936
8.818250
8.858639
8.285004
8.641802
9.263101
7.960508
8.495870
9.254152
8.538257
9.024196
8.810955
9.907231
8.538356
8.752435
9.906428
9.264637
8.554814
10.292819
8.784406
8.705766
8.575105
10.887863
10.000233
8.248752
8.705174
9.085206
9.520045
8.288650
7.715000
8.884369
9.397229
9.234875
9.573581
8.473697
8.917170
9.840307
8.022155
8.945408
8.576391
10.638863
10.030209
7.885217
9.100827
10.010095
10.161800
9.255319
8.480647
9.398721
9.797445
8.402652
10.041674
10.120415
8.550521
10.320783
8.865016
9.593928
9.724248
8.575898
9.660799
