8.017267
8.473004
8.219445
8.904517
7.477308
9.222034
6.608883
8.491915
8.991992
7.699766
9.289029
9.030430
8.605291
10.909570
9.361209
7.955790
7.952468
5.217131
8.677479
8.786317
11.521412
8.545971
10.336031
6.992868
6.210549
10.858430
8.339175
12.681189
6.428565
9.812846
12.496798
11.193740
10.162051
7.823344
8.813045
7.406983
9.223804
6.434979
7.171122
8.423724
7.436822
7.490203
10.190500
5.783951
8.363699
8.951911
8.564153
8.326986
9.773414
8.633929
10.506742
9.005949
8.857922
7.859471
12.884637
9.135240
9.869738
7.790745
5.131813
9.979838
8.320357
4.938877
7.079320
9.004617
9.035880
6.997859
6.269978
11.739636
9.206496
7.780125
10.257689
8.097771
6.670687
8.951743
7.761751
6.972051
9.180486
6.340233
9.779418
7.966465
6.596064
5.884390
8.485148
7.918214
9.676496
6.667484
6.462746
11.687629
7.335623
6.621535
7.218385
5.599383
10.980812
8.352585
8.747456
6.273864
8.063984
9.705500
12.415515
7.564783
6.815852
6.733524
7.397228
8.732313
8.279193
5.449611
7.701593
6.954961
8.794992
9.479216
7.587182
9.366563
10.988896
6.097085
9.798992
5.179861
7.081934
9.798024
11.188134
13.928571
6.085686
8.161890
7.943669
6.721979
6.325188
4.698606
8.084558
8.510472
7.104259
8.036139
7.473925
8.372309
6.536718
11.954958
8.505392
5.555579
8.356852
7.165399
10.207349
9.389320
7.256769
7.800471
7.769986
9.762931
8.860220
6.246695
8.004647
7.246694
8.428330
7.286621
6.500050
8.683454
7.768911
9.400083
10.795372
8.996907
7.409380
7.651763
6.539258
10.652376
7.514867
8.365658
7.296559
7.932991
6.449758
7.498499
9.302486
10.770689
7.017491
11.465820
12.005693
7.458305
10.288636
8.165037
8.528959
7.589567
9.968919
7.441085
8.377201
9.150607
6.939068
10.828005
6.832218
7.638825
9.384778
7.545120
8.748386
6.046606
8.102977
6.788602
7.880782
7.516939
7.096078
8.972451
8.202140
6.296140
7.580251
6.583435
7.690759
7.197681
6.228151
6.067162
8.290219
9.467317
6.981401
5.661036
8.581032
9.736460
6.688709
7.626470
6.855868
6.660721
8.925681
8.566866
6.795495
7.740997
9.166531
9.799199
7.617910
9.874760
7.136618
5.198134
7.237710
5.215192
8.145760
7.877891
6.604234
10.875681
6.913758
8.675462
7.724867
6.052982
9.289843
7.906445
10.500350
7.429830
6.827410
10.933108
10.118411
7.218136
5.032905
6.836396
6.966335
6.175459
9.410958
5.882957
12.400185
8.736762
8.463553
8.038390
9.265977
9.362074
9.209336
7.266370
7.237776
5.551404
10.300606
6.722405
8.373397
11.708513
8.157007
9.173545
7.997023
6.521937
10.078798
5.525440
7.834623
8.645992
9.185662
7.648412
9.260401
8.572400
8.396540
9.445504
7.115750
10.977477
11.201625
6.610572
8.419175
10.283657
10.606781
8.690205
10.745492
13.110428
10.235029
8.340026
10.546820
8.126641
8.801802
7.282715
9.888918
7.574069
9.487624
7.722364
12.051274
10.711938
8.198254
8.068348
7.623035
7.201741
7.976622
6.632924
7.955420
9.943626
7.436121
8.505881
8.339003
7.335603
7.325372
9.521038
10.409869
10.090978
8.903892
9.545700
10.803686
8.675682
4.534611
9.123069
10.059768
9.928984
10.458756
7.965008
9.205485
7.348369
7.308663
10.777207
8.747666
8.681010
9.024735
8.415329
6.244062
7.340951
9.395300
7.116016
7.612126
8.540403
11.530337
11.362168
6.553928
9.047776
7.768278
9.577205
7.815526
6.525029
7.404431
8.466406
9.689823
6.715952
10.252634
9.253443
8.674384
8.300139
7.800741
9.466405
9.384142
9.091385
9.236823
7.681726
9.362900
7.024358
7.552059
7.024434
9.057423
8.412792
9.113287
10.234088
9.433350
5.309175
10.699196
9.782321
5.875895
9.725326
8.909936
10.094970
7.717991
8.182521
9.717987
8.540022
10.913718
6.407102
7.691941
12.835289
8.541205
7.189767
7.086128
8.546672
8.224670
7.634762
8.021950
7.338152
9.323119
5.908010
7.556764
9.803882
7.795490
9.074593
6.814381
7.357440
7.911190
9.757236
8.886395
7.676653
8.073021
6.704359
6.292469
7.898062
11.531868
10.081630
9.990296
8.577479
8.169860
7.422601
7.511964
12.344085
7.099080
5.667020
9.093428
7.455728
6.191449
9.745012
8.699300
9.326634
6.388845
9.281166
10.690517
8.286213
9.267153
8.024639
7.880122
6.003415
8.102350
8.098913
7.429677
9.618020
7.960744
5.633696
7.294617
9.343724
6.999533
6.503702
8.329084
7.749484
8.338260
9.091310
7.423467
7.189328
8.771658
9.155761
7.726168
7.169865
8.709130
9.258106
6.791895
7.329796
7.033166
8.715875
8.816908
9.685184
6.119864
7.114959
9.387750
7.589878
8.004560
10.633718
9.196527
8.103365
10.022971
9.622372
9.430216
9.345732
12.126924
10.535549
10.396355
8.316321
6.439188
8.126756
8.031963
8.337566
7.783403
8.506793
10.067212
5.816932
8.904739
5.722082
5.995026
11.189578
8.069370
10.041580
8.074289
7.575841
10.424377
8.038486
7.551862
7.775917
8.429883
8.853615
10.439836
7.375591
7.824733
5.248573
9.997197
8.616798
5.034629
5.981956
8.756195
9.891887
7.653666
9.163331
8.408237
9.352121
6.892609
9.785932
10.110803
7.552879
8.803399
10.741966
9.249463
6.927311
8.793420
8.791171
9.788042
10.201448
6.381439
7.971648
11.646908
7.939490
6.942526
6.601023
9.691689
9.540695
8.322857
8.657182
7.080956
8.785354
7.723766
7.433629
9.538533
7.249260
8.733327
9.380692
8.743286
7.858271
9.717135
7.130201
7.064631
7.699485
9.023142
10.563175
7.859139
5.518708
7.400771
8.681654
8.275546
11.341438
8.971160
7.713577
11.300564
10.759509
11.342397
9.958713
6.221500
7.722559
9.267080
8.086056
10.087549
8.372595
10.390951
9.025850
8.147204
9.367358
8.019261
7.626063
6.828832
10.165923
7.067044
7.133277
8.884028
11.415748
7.335899
7.761391
8.840205
7.350969
6.779166
8.273884
8.597476
6.394563
8.475669
9.243182
9.620673
7.148083
12.040669
8.861571
7.214973
7.093895
8.329601
9.891424
8.662448
8.556906
8.112550
6.830003
10.584123
6.949761
8.630161
6.017563
8.935600
7.034368
7.909649
8.636472
9.711540
8.865913
9.340974
6.722360
6.745282
10.153010
7.713858
8.923874
8.815840
10.895245
10.717581
7.996121
7.248995
6.122389
7.057526
11.088553
9.948065
9.267053
10.391315
9.243061
7.492564
7.821457
7.914904
6.865164
5.853997
5.334709
9.334322
10.890293
6.288198
8.845102
9.744867
6.478553
7.035391
9.471160
6.095793
5.144968
11.606148
8.867101
7.945431
7.222809
8.436183
5.964058
7.409409
8.778058
7.608683
10.013086
7.264448
8.830672
8.417803
7.626743
9.444968
11.081473
8.369295
8.456112
11.183737
6.565173
7.665264
7.282381
8.581712
9.045316
11.586434
6.158917
9.695805
7.670662
8.729763
6.614117
5.296712
6.323712
8.815582
8.375005
8.036652
6.972159
10.395123
7.567013
9.531044
11.830207
7.496183
6.871593
7.890220
7.280153
9.081900
6.871116
9.021079
8.886848
8.634022
8.686478
10.261208
8.962968
8.700582
10.378590
10.038078
7.406126
8.128472
10.561895
8.053788
8.341352
8.949375
10.670892
6.956649
9.885748
9.677024
7.171047
9.217124
8.417462
7.270468
6.645333
8.513600
9.106232
6.514001
12.834984
6.780951
7.116139
6.598247
6.150451
10.680415
7.031668
7.768567
9.353656
9.776354
10.052368
10.071297
5.886483
6.597702
9.797410
8.402741
5.666261
8.825796
10.076829
8.722243
6.346488
9.015642
8.429917
8.932503
6.315039
13.056535
8.379467
8.470890
7.967784
7.510670
11.610581
7.924350
7.158455
8.281142
7.876274
9.178968
8.461316
8.134005
9.881824
8.772067
10.213388
5.609045
9.302466
10.936006
10.348973
9.285444
7.514190
9.172578
7.665347
9.020792
8.768702
5.820744
5.791574
8.820590
5.446711
6.253480
9.169913
7.281580
7.822933
12.893168
7.199448
10.879504
8.403036
7.971772
6.561105
7.190283
9.296803
7.533779
9.597215
11.617603
9.340632
10.611741
8.971392
10.627153
6.156755
7.434535
7.880737
5.538095
9.631814
7.103125
9.341345
8.721656
7.357010
11.271179
8.487708
12.024358
6.977873
8.578981
7.782138
9.307684
8.265320
7.293533
11.111435
11.320818
7.198264
11.222307
8.804461
8.941920
9.022766
5.499415
9.144128
7.500299
6.986982
7.304580
8.566601
11.443268
8.713638
10.309348
8.087040
9.010795
5.955669
7.978933
6.839274
8.816269
8.491672
7.630833
8.366464
8.376541
8.254421
10.585957
7.763311
8.459886
10.400573
9.249710
7.904576
6.653900
6.284642
11.482258
7.840167
9.283038
8.865322
10.699293
6.603314
6.258918
9.985305
7.946171
8.379056
8.039505
6.940606
7.620291
11.230462
8.114749
4.847391
9.080625
8.343799
7.266502
9.026612
7.934615
7.145468
7.882227
11.279751
9.241040
7.810081
7.505335
10.432753
8.014745
9.249670
8.756768
6.791864
8.038641
7.167437
8.636946
7.973239
8.183596
10.160959
7.471199
9.510550
8.586383
7.581722
5.723340
10.346987
9.073384
10.541687
7.369392
8.722546
9.468738
7.326795
7.836825
7.184160
7.495367
8.423895
7.912302
5.927499
5.842967
7.653709
10.044692
8.739130
7.854939
7.136155
9.076909
8.214969
6.123950
9.838826
5.041857
7.056489
8.183576
8.155809
9.483437
11.370686
6.786572
8.020205
11.323895
10.307705
6.067853
9.092237
9.044385
11.415854
9.978549
8.116152
8.150133
6.458352
6.343225
7.639415
9.108678
8.946673
7.325528
9.303051
9.328035
8.325678
8.637981
8.160578
6.733299
8.735563
6.216870
10.565206
9.047590
11.086072
7.606353
7.179859
7.459045
7.860166
9.014881
8.772207
4.884797
6.959495
7.997599
8.153196
8.073103
10.217155
7.358214
8.563508
11.206956
9.186354
8.525894
9.595985
12.082386
9.630460
9.368783
5.892488
6.606841
6.611806
6.707885
10.165227
7.811066
7.875470
10.341901
8.579188
8.482259
10.455082
11.910335
11.520217
9.957121
7.545278
9.095391
9.632121
8.731232
8.405807
7.693614
7.821717
7.474816
9.409945
9.420294
7.031125
10.286569
9.806535
9.134903
8.288356
8.164972
10.346046
7.804168
6.630748
6.566790
8.557163
