9.970671
8.428095
8.662688
9.640759
8.879368
8.809290
11.147285
10.079444
10.070489
8.211714
8.545794
9.344638
9.266218
9.015676
7.827051
9.106238
9.950964
7.593420
7.900876
9.309021
8.979812
9.263507
9.046526
8.454691
10.479499
7.534172
6.807619
8.488517
8.073819
9.076765
9.622244
9.328833
9.963058
8.080553
9.302459
8.682103
7.496279
7.917536
8.852948
9.499143
9.275996
8.949012
9.204371
9.508775
8.201785
9.002882
9.302877
8.655025
8.259647
7.311120
8.088027
8.470431
8.913971
8.253637
8.590197
8.384373
9.156787
8.259645
9.693395
7.065022
7.315805
9.096420
9.551046
10.152564
8.244951
8.378770
8.867997
8.170613
9.595805
8.559498
9.811577
8.727738
9.655007
9.137250
7.772977
9.977858
8.563362
9.341550
8.847786
10.120979
9.482299
9.689609
9.090180
8.745750
9.465945
8.587896
9.141178
9.202638
9.484234
9.691987
9.332467
9.513319
7.557518
8.904074
8.835867
7.771461
10.300368
8.572239
10.045013
8.142814
9.459895
9.006575
10.173325
8.174471
7.284382
9.544474
8.907407
9.455696
7.585931
9.704394
8.879964
8.329547
7.620217
8.512905
8.078319
8.418679
8.695782
9.142313
8.731792
8.746588
8.126110
10.771254
9.014257
8.211332
8.609839
9.843094
9.387922
10.619983
9.287134
8.328831
9.258745
8.625081
9.343161
9.757446
8.346678
9.526033
9.506382
8.092295
9.677182
8.744013
9.138598
8.553584
9.089895
8.148049
8.192268
9.110868
8.675171
8.070128
10.530264
8.439754
8.578553
7.897960
8.237341
10.370449
8.842463
7.851148
9.804534
8.196160
8.956413
8.271619
8.409214
9.117988
7.194758
10.282675
10.636030
8.332660
8.863112
10.602826
8.436281
8.607769
10.738615
9.768575
8.594844
9.166835
8.877743
9.464476
8.808006
7.420647
9.191398
8.990510
8.661942
8.266409
10.148941
8.625739
8.810800
9.039871
9.848485
8.477207
8.339637
9.715408
7.845357
9.083339
8.860472
8.409504
7.694958
8.944995
10.986160
8.757803
7.624916
10.525792
8.615850
10.028077
9.711987
9.578192
8.907338
8.683539
8.393272
8.994121
8.386380
8.067505
9.550819
8.594643
8.876417
7.590269
8.037884
9.084413
9.271697
9.684764
9.772173
9.519315
7.642887
9.029335
8.736615
8.349444
8.399964
8.167154
9.028066
10.173502
9.066098
8.033195
10.052196
7.585809
10.929438
9.346015
9.189540
9.202326
7.649615
7.180683
9.049714
9.590692
8.705874
8.676808
9.041016
8.309902
8.786308
9.845161
9.279776
9.367279
8.469043
10.063318
10.197444
8.602867
9.472790
8.780099
9.663514
9.501247
10.953482
9.979524
7.945931
10.742304
9.575449
9.701745
8.915822
9.584787
10.691149
9.930886
9.013703
8.099615
10.488860
9.914971
9.595016
8.103218
9.155792
7.765101
8.709453
8.358710
9.335042
9.615944
7.696420
10.085196
7.756862
8.780956
8.062940
9.193271
7.941287
10.809991
8.730202
8.098241
7.904374
8.773111
8.735242
7.235862
9.739793
9.882915
7.868333
8.467370
9.640867
8.777661
9.833975
8.965753
9.672714
11.202941
9.226595
8.806099
7.645944
8.389894
10.297002
10.150953
8.949081
9.345074
9.099823
8.936240
8.712347
9.106970
8.429899
9.010063
9.067725
8.120802
8.339420
6.785623
7.861078
8.440889
9.444669
8.609266
9.105797
7.796663
10.645151
8.652961
9.089347
7.463450
9.582301
8.417432
9.095451
11.304962
7.477250
8.221622
8.919442
8.028900
10.512670
9.029547
8.079191
8.347847
9.668448
9.457748
9.935595
9.251501
9.348097
10.317018
9.724860
8.702356
8.642358
8.396922
9.772892
9.474975
8.794558
11.090712
8.657120
10.571781
9.206389
9.400916
8.386925
10.266160
8.596402
10.160196
8.611475
8.353671
8.819389
7.111417
7.843704
9.143033
8.435404
7.682522
8.828291
9.046241
9.135716
9.900896
10.696067
8.478648
7.983759
9.303990
7.838131
11.154310
10.062132
8.905852
9.230274
8.163645
9.983537
10.826572
8.393367
8.395380
9.582239
8.256372
7.518987
9.301945
8.812991
8.357341
10.267059
9.113585
9.711114
11.043046
8.593551
8.619836
7.105589
8.289647
8.746924
9.227868
8.942649
8.962624
8.783409
9.259909
9.887409
9.073791
8.686925
9.518507
9.574672
7.956357
8.226414
8.991510
11.171877
10.128983
9.690083
8.899271
7.392268
8.567751
8.999610
9.324892
10.144970
8.469639
10.352204
8.711344
8.284714
9.025257
8.674317
8.656710
7.825749
11.307771
8.173503
7.642874
10.174655
7.219178
9.022054
8.729202
10.065910
10.199056
7.813607
8.709992
8.050689
10.263783
8.546970
8.316147
10.225806
8.833898
10.814368
9.099961
9.041536
8.998927
9.703703
8.714419
8.752448
9.028091
8.012516
8.108674
8.307199
9.755249
8.652158
8.695041
9.290292
8.290147
8.467774
8.772321
7.314116
8.209728
8.426712
9.104639
8.953313
8.489598
9.005329
8.773010
7.867384
7.113877
7.926848
8.937068
8.320825
8.882775
9.691731
8.843244
9.109017
7.894382
10.682725
10.213287
8.864269
9.550404
8.489845
8.313541
9.585202
7.450084
8.073418
8.903299
8.690575
7.964033
8.781052
8.826554
8.342977
8.886475
9.203541
8.281684
8.274363
8.229555
9.686410
8.972620
7.048469
10.084526
9.925564
9.639243
9.729407
8.094938
7.519752
8.313249
7.782837
8.452604
10.021163
8.604768
8.472059
8.165246
10.115601
8.924045
8.098240
8.742806
7.834869
8.532715
7.724802
9.320011
9.519976
9.493381
8.791039
8.339611
8.479845
7.966029
8.859701
8.934324
8.612013
9.084492
9.447286
10.049454
8.959297
8.990684
8.058553
10.950440
8.719190
10.215766
9.321908
9.040141
8.393921
9.666713
8.512329
7.656400
8.683539
8.502002
9.181579
8.743261
9.157316
8.668864
8.054035
8.825353
8.503497
7.402215
10.404236
9.550319
8.359715
9.403343
8.766938
7.650898
8.226206
9.651959
7.661438
8.101899
10.357047
10.210533
9.696732
8.817064
11.198940
8.182294
9.319955
9.102773
8.183719
9.457376
8.622014
10.342319
7.982625
9.780699
8.995515
9.401285
9.391188
8.113874
8.679636
8.666703
8.862849
8.938518
8.671419
8.359732
9.133728
8.558250
9.695337
9.346377
10.443857
9.346326
8.987300
9.228437
9.571147
8.163716
8.292299
8.593994
9.582366
9.563174
10.429492
8.090644
10.662508
9.825594
9.340217
8.446643
11.338284
9.588989
9.403556
8.124663
6.854245
8.654960
8.072033
7.555659
9.430557
9.189639
8.623398
9.635616
9.182272
7.810550
8.895634
9.592961
9.288336
8.411334
8.803517
8.133521
9.622784
11.029280
9.889492
9.051258
7.654017
9.428218
8.352633
8.104829
9.548793
9.293768
8.784053
9.413862
9.836955
10.509338
8.726897
8.649006
9.478734
8.667502
8.620115
10.398109
8.591095
8.852701
7.601787
9.562038
9.972358
10.839221
7.387555
9.549760
7.418745
7.700542
7.611688
8.569337
9.645952
8.346793
8.107277
8.637647
7.162004
8.969438
9.420002
7.858240
10.397384
9.826202
6.651804
8.787950
9.564715
10.015365
8.744239
10.130615
7.762538
8.718792
9.023863
6.814355
9.620401
9.387847
9.996977
9.135985
9.170927
8.473144
7.921939
8.934953
9.812895
9.303778
9.390743
9.686702
10.571200
8.735399
9.124480
8.611126
9.242273
7.192983
9.393805
8.366639
9.737907
8.384716
7.385336
9.704217
8.899710
8.994363
9.932015
8.479916
9.269524
8.016819
8.462210
9.947630
8.566880
9.273064
10.405130
9.647891
9.676137
9.543652
9.223440
9.517701
7.878864
10.266869
8.266688
8.139029
8.654262
9.196121
8.864680
9.391609
9.747259
9.053439
9.306921
8.759491
8.944858
8.083215
9.190406
8.697975
9.193959
9.747374
9.406090
8.373245
9.030728
9.087524
8.679781
8.481030
9.169202
9.027921
8.676188
8.625683
10.164120
8.963896
8.917200
10.265036
8.389355
6.695324
10.171046
9.542758
8.857243
9.700762
8.138910
10.684237
8.357818
9.599289
9.223585
8.123462
9.131625
9.471131
9.508593
8.056217
8.581119
7.953829
8.000393
9.026951
9.938997
8.575131
7.897343
9.987574
8.718064
9.987007
8.850011
9.258591
8.984791
9.861456
10.038350
8.283497
6.903782
9.539190
7.128646
8.690437
9.583479
8.881372
9.439763
9.402091
8.492592
8.562811
7.875536
10.359149
7.420828
8.967025
9.076407
8.885854
10.417769
9.601549
7.734832
8.125808
8.093737
7.812434
8.741790
9.005309
8.845341
10.249105
9.210011
8.106447
7.442037
9.580975
9.376472
9.509132
9.471707
8.993388
9.911103
8.721526
9.166214
7.661590
9.531278
11.372817
8.386677
9.401729
10.411500
7.829712
8.352681
7.971946
8.917137
8.606813
9.224532
10.146901
9.472429
8.235943
9.328843
10.211015
8.480908
9.827196
11.623410
9.877886
9.816982
9.729285
10.837201
9.603300
8.800036
9.953217
8.994206
9.721538
8.396790
8.215960
8.434543
10.036248
9.453456
9.259462
8.013247
7.966854
9.368086
8.372102
8.195331
8.116843
9.073919
7.647280
9.258043
9.069613
8.393174
8.381726
8.512607
8.452211
10.080688
8.656207
8.344573
8.749431
8.636107
7.636392
8.504681
7.770995
6.748156
8.084366
8.523307
9.374785
9.725963
9.683723
9.692498
9.813211
8.840891
8.769814
10.176846
9.738298
8.230878
8.780134
9.439747
9.676463
8.555033
9.110208
9.024447
9.690394
7.907045
9.670627
10.297277
9.495288
8.858827
7.988620
8.894585
8.399024
10.740494
9.525661
8.588116
8.550379
7.707856
10.106320
8.770976
8.881966
8.114769
9.898891
7.798482
8.794240
8.385581
9.204401
8.981042
7.554407
9.106570
10.449125
8.297682
10.109801
7.885843
8.393760
10.103105
9.217020
9.179640
8.547734
8.400465
8.423883
10.948518
8.585944
8.150074
9.208132
8.835176
10.049232
9.370466
9.289925
10.024743
10.418601
8.893897
9.226746
8.460353
10.584428
10.278648
8.857871
10.815513
8.518523
8.227663
8.146114
8.870000
9.231726
8.193511
7.368055
9.078444
8.812477
8.371232
9.779333
9.933537
9.012207
7.995017
10.844033
8.137228
8.368238
8.730326
8.851806
7.774031
8.978822
8.988768
10.828953
10.011504
8.088933
9.068857
9.401124
8.211497
8.694202
9.616075
9.623739
6.874401
7.944437
8.961814
9.001264
8.932423
7.470983
