3.658653
2.968534
3.688137
3.232206
3.600485
3.225144
3.144631
3.389508
3.384161
3.334640
3.421158
3.405294
3.130702
3.711463
3.796561
3.497546
4.184457
2.835145
3.430559
2.965586
3.325979
2.934087
4.091780
3.139468
3.669391
2.600041
2.793454
2.464137
4.947728
3.204249
3.338546
2.492057
4.175912
3.142744
2.894845
3.155719
3.207133
2.546656
2.982946
3.415060
3.286943
3.311657
3.265990
2.952485
2.668320
2.644536
2.820270
2.812545
3.860937
3.399248
3.932026
3.378448
4.526999
2.735994
2.921271
3.008811
2.844817
4.040826
4.168016
2.938031
2.898799
5.872486
3.776231
2.795721