3.783333
2.429846
3.626097
3.823394
2.679314
2.631835
2.973325
3.455862
2.783094
3.632956
3.458858
3.332928
3.945399
3.674588
2.738907
2.883462
3.139199
4.220622
3.454899
3.907057
3.205247
2.689076
2.555852
3.129906
2.776975
3.921273
3.317900
3.347952
4.209288
2.669519
2.583478
2.811868
3.142778
2.753606
2.738688
3.272553
2.431795
3.182901
3.855783
3.224767
3.176059
3.078662
2.668335
3.248401
3.949187
3.626479
3.318137
3.051484
4.215332
2.937142
4.438148
2.865549
3.363374
3.532963
3.041811
4.716297
3.888710
3.129397
3.912463
3.141015
3.233716
4.561247
3.465899
2.428712