3.739495
2.884389
3.381907
2.919414
3.862834
3.946424
4.229006
3.085837
4.029479
2.597337
3.662798
3.443398
2.704758
3.044114
3.541198
3.392823
3.202639
3.551766
3.681697
2.809000
3.170777
2.665646
3.364504
3.554775
2.549891
3.976546
2.596112
2.930677
5.024661
3.037769
4.531562
3.037010
2.830510
3.587569
2.670537
2.783862
3.784149
2.704780
3.183849
3.860792
3.240278
3.629338
3.424055
3.345164
4.492017
3.290835
2.971591
2.893745
3.736211
3.365108
3.371611
2.886387
2.965830
3.863202
3.497165
4.379245
3.107931
3.371672
2.795392
3.100337
3.916383
3.896362
3.884344
3.959956