3.259393
2.726665
2.686792
3.293887
2.754995
3.489114
3.188067
3.427080
3.356275
3.354553
2.913648
3.543658
3.968808
4.245189
3.390406
3.417526
3.271839
2.993245
3.038741
3.224435
3.165279
3.159939
3.471405
3.001801
3.324131
3.058066
2.957179
3.638844
2.929713
3.267042
3.420861
3.312472
2.980074
3.477634
3.269908
2.791366
3.189826
3.314143
3.066770
3.179922
3.739913
3.392066
3.417890
3.298374
2.889974
3.009543
3.010103
3.550824
3.362502
3.718627
3.022231
3.638235
3.458635
3.210740
3.649473
3.536295
3.216779
3.443687
3.223024
3.080514
3.078131
3.273758
3.293785
3.326686