3.077706
3.095366
3.260297
3.341776
3.063987
3.368138
3.250377
3.321920
3.400031
2.998302
3.212713
2.884980
3.138508
3.406786
3.518074
3.013627
3.515416
3.006602
3.073390
3.467801
3.252380
3.496849
3.109726
3.210621
3.116757
3.106577
3.610196
3.214602
3.762759
3.023374
3.448668
3.648734
3.078185
2.904905
3.458891
3.059069
3.047917
3.148102
3.555745
3.651600
3.466543
3.196839
3.038681
3.046649
3.291120
2.994084
3.336516
3.154954
3.452862
3.519241
2.992938
3.233211
3.503655
3.987541
3.091405
3.787694
3.139404
3.129600
3.206697
3.727189
3.402749
3.451859
3.215948
3.606007