3.903444
3.130707
3.115631
3.049073
3.161378
3.538354
2.873485
3.718266
3.859451
3.117444
3.369361
3.838613
2.562883
2.153732
2.785826
3.579717
3.704529
3.290366
3.284473
4.179495
2.687829
2.443985
2.952805
3.142176
3.534066
4.616702
4.703504
4.413360
3.218147
2.983981
3.572804
3.563504
3.858515
2.785688
2.987438
3.661977
3.407014
2.848978
3.956525
3.361188
3.649608
5.409486
3.989268
3.152574
3.247311
4.012383
3.369249
4.010170
2.412321
2.931681
4.183329
2.599150
2.895126
2.463366
2.922861
4.446367
3.259778
3.245158
3.017165
3.508216
3.352566
3.275099
3.320702
3.932332