2.793953
2.882651
2.824066
2.766848
2.615574
2.567758
2.764234
3.232478
3.031132
3.434491
3.337459
2.906335
3.105986
4.199488
3.012987
2.428680
3.222229
4.442258
3.362241
2.971985
3.353821
3.775408
2.579537
2.497355
2.673739
3.474226
4.068803
3.656959
3.727765
3.200414
3.006866
2.135716
3.630361
3.305700
2.699721
3.164854
3.259684
3.123740
2.957054
3.321498
3.769795
4.834521
3.213520
2.690840
3.945776
2.977722
4.107799
3.246306
3.408922
3.280661
3.185191
2.504447
3.028863
3.636749
2.723932
3.911213
3.241790
3.447848
3.283568
3.570242
3.601352
3.930723
3.841901
4.086936