2.805666
3.103912
3.149495
3.189128
3.207784
3.398618
3.541892
3.528490
3.269725
3.490085
3.175572
3.162673
3.290950
3.275098
3.503995
3.439127
3.324302
3.564906
3.151902
3.755085
3.745236
3.592305
3.679804
2.946581
3.165257
3.445619
3.522289
3.096761
3.690430
3.468910
2.933881
2.938566
2.971802
3.276431
3.029673
3.814303
3.354714
3.582902
2.890534
3.210600
2.977324
3.217428
3.344048
3.412872
2.846484
3.174462
3.167423
3.274924
3.718709
3.823914
3.715277
3.084939
3.261771
3.736462
2.995537
3.432440
2.977850
3.086430
3.140749
3.096146
3.250997
3.713415
3.371826
3.299567