3.053719
3.468470
3.594348
3.350604
4.080620
4.404951
3.392044
3.323441
3.288606
3.392824
3.554789
3.199469
3.260217
3.605959
3.336728
3.052655
3.291506
3.646729
3.404613
2.881714
2.943068
2.641770
3.561402
3.469344
3.551447
3.247571
3.238138
3.918225
2.767899
3.245335
4.085781
3.942683
3.272770
3.705249
3.156406
3.275015
3.174457
2.964220
3.062737
2.528444
2.722333
3.327913
3.064450
3.111504
3.236294
3.286619
3.480338
3.806354
2.974159
3.495090
3.875094
3.281426
3.566455
3.259316
2.864680
3.246108
3.183077
3.321064
2.860128
3.967714
3.258782
3.789301
2.844575
3.148298