2.821678
3.901630
3.768049
3.685879
3.061721
3.918774
2.729557
3.220109
2.844763
3.002204
4.014122
3.300821
4.093598
3.233351
3.716979
3.820456
3.917061
3.167942
3.135735
4.379515
2.086837
3.769858
2.873404
3.205474
3.169396
3.488711
2.926880
3.066530
4.091901
4.283470
3.752900
3.151519
2.786945
4.169342
2.770443
3.385955
3.030127
2.815174
3.167566
2.449813
3.286269
4.208043
3.172342
4.024959
3.103475
2.768748
2.903412
2.917562
3.068106
2.487631
4.140546
4.779830
3.180263
3.685310
2.520942
2.613502
2.749192
3.437226
3.052982
2.565931
3.286264
3.857353
3.369260
4.801957