3.658653
2.968534
3.688137
3.232206
3.600485
3.225144
3.144631
3.389508
3.384161
3.334640
3.421158
3.405294
3.130702
3.711463
3.796561
3.497546
4.184457
2.835145
3.430559
2.965586
3.325979
2.934087
4.091780
3.139468
3.669391
2.600041
2.793454
2.464137
4.947728
3.204249
3.338546
2.492057
4.175912
3.142744
2.894845
3.155719
3.207133
2.546656
2.982946
3.415060
3.286943
3.311657
3.265990
2.952485
2.668320
2.644536
2.820270
2.812545
3.860937
3.399248
3.932026
3.378448
4.526999
2.735994
2.921271
3.008811
2.844817
4.040826
4.168016
2.938031
2.898799
5.872486
3.776231
2.795721


3.739495
2.884389
3.381907
2.919414
3.862834
3.946424
4.229006
3.085837
4.029479
2.597337
3.662798
3.443398
2.704758
3.044114
3.541198
3.392823
3.202639
3.551766
3.681697
2.809000
3.170777
2.665646
3.364504
3.554775
2.549891
3.976546
2.596112
2.930677
5.024661
3.037769
4.531562
3.037010
2.830510
3.587569
2.670537
2.783862
3.784149
2.704780
3.183849
3.860792
3.240278
3.629338
3.424055
3.345164
4.492017
3.290835
2.971591
2.893745
3.736211
3.365108
3.371611
2.886387
2.965830
3.863202
3.497165
4.379245
3.107931
3.371672
2.795392
3.100337
3.916383
3.896362
3.884344
3.959956


3.871444
2.909526
3.925655
2.621357
2.817828
2.607331
2.993856
2.868274
2.621519
2.596815
2.080659
2.631414
2.517805
2.918486
3.077769
3.554941
2.854584
3.404320
3.553267
3.050215
2.841328
3.202942
2.785630
2.073173
3.104004
4.233546
2.553252
2.847620
3.647698
3.390267
3.559114
3.373850
2.683269
3.037227
3.184702
2.901819
2.890320
3.958666
3.644915
4.577146
3.534694
3.247331
2.535077
3.026834
3.660325
3.405935
2.625490
3.061717
3.897726
2.886393
3.210186
2.990153
2.751113
2.322174
2.809153
4.737752
4.630434
2.616038
3.016600
3.073012
4.511961
4.760657
4.453789
3.873973


3.052918
2.779658
3.179771
2.750909
3.809814
3.122261
2.930989
3.171568
3.060980
2.772224
4.281628
3.237978
3.117295
2.410890
2.855401
3.680540
2.887036
3.647176
3.359062
3.384429
3.262400
2.548052
2.718169
3.399854
2.615825
3.631344
2.700919
3.437677
3.876027
3.894072
3.109200
2.709667
2.666127
3.768704
3.212157
3.738022
2.946697
3.610462
3.011674
4.008038
3.117144
3.583934
2.332626
3.908681
3.293936
2.913374
2.865990
2.261478
3.376900
2.914882
3.906166
3.237181
3.170644
2.579333
2.888920
2.761151
3.267374
3.006941
2.864192
2.871766
3.194333
2.945530
3.576316
2.951929


3.903444
3.130707
3.115631
3.049073
3.161378
3.538354
2.873485
3.718266
3.859451
3.117444
3.369361
3.838613
2.562883
2.153732
2.785826
3.579717
3.704529
3.290366
3.284473
4.179495
2.687829
2.443985
2.952805
3.142176
3.534066
4.616702
4.703504
4.413360
3.218147
2.983981
3.572804
3.563504
3.858515
2.785688
2.987438
3.661977
3.407014
2.848978
3.956525
3.361188
3.649608
5.409486
3.989268
3.152574
3.247311
4.012383
3.369249
4.010170
2.412321
2.931681
4.183329
2.599150
2.895126
2.463366
2.922861
4.446367
3.259778
3.245158
3.017165
3.508216
3.352566
3.275099
3.320702
3.932332


2.793953
2.882651
2.824066
2.766848
2.615574
2.567758
2.764234
3.232478
3.031132
3.434491
3.337459
2.906335
3.105986
4.199488
3.012987
2.428680
3.222229
4.442258
3.362241
2.971985
3.353821
3.775408
2.579537
2.497355
2.673739
3.474226
4.068803
3.656959
3.727765
3.200414
3.006866
2.135716
3.630361
3.305700
2.699721
3.164854
3.259684
3.123740
2.957054
3.321498
3.769795
4.834521
3.213520
2.690840
3.945776
2.977722
4.107799
3.246306
3.408922
3.280661
3.185191
2.504447
3.028863
3.636749
2.723932
3.911213
3.241790
3.447848
3.283568
3.570242
3.601352
3.930723
3.841901
4.086936


2.408092
2.801176
2.720310
2.797270
3.550899
3.978602
2.541401
2.602165
2.936965
2.825307
3.787541
3.068657
3.070289
2.764141
3.074990
2.778432
2.977369
3.448349
3.605617
3.304802
3.137135
4.223346
3.142385
2.897495
2.483121
2.789409
2.901546
2.481999
5.298591
3.291574
3.646033
3.831209
3.675793
2.835778
3.375869
4.883014
2.966883
2.723995
3.356527
3.790027
3.253576
2.967613
4.017513
2.527883
3.981053
3.011410
2.836088
3.518418
3.660352
2.719649
3.403183
3.074219
3.471339
2.953914
3.294442
3.082709
3.093414
2.885350
3.542195
3.200349
3.434531
3.324108
3.352690
3.003266


3.368213
2.657191
3.203458
2.281098
5.286251
3.250871
2.670299
3.322068
3.356387
3.704464
4.865186
4.983397
3.588685
3.349354
3.534139
2.729620
3.572101
4.042501
3.164869
2.837133
2.789937
3.688656
4.153818
3.226919
3.047853
3.131673
4.078787
2.500791
4.498853
3.103242
3.434161
3.340276
2.802783
2.867150
3.131954
3.161425
3.474332
3.702000
3.348112
3.839535
3.273463
3.051893
2.884905
2.859305
2.616214
2.877268
2.762238
2.660330
2.995661
3.617472
3.620989
3.906527
3.164571
3.443738
3.135608
3.344901
3.419834
3.583262
2.714971
3.762024
3.624094
3.826356
3.008584
2.463181


2.821678
3.901630
3.768049
3.685879
3.061721
3.918774
2.729557
3.220109
2.844763
3.002204
4.014122
3.300821
4.093598
3.233351
3.716979
3.820456
3.917061
3.167942
3.135735
4.379515
2.086837
3.769858
2.873404
3.205474
3.169396
3.488711
2.926880
3.066530
4.091901
4.283470
3.752900
3.151519
2.786945
4.169342
2.770443
3.385955
3.030127
2.815174
3.167566
2.449813
3.286269
4.208043
3.172342
4.024959
3.103475
2.768748
2.903412
2.917562
3.068106
2.487631
4.140546
4.779830
3.180263
3.685310
2.520942
2.613502
2.749192
3.437226
3.052982
2.565931
3.286264
3.857353
3.369260
4.801957


3.783333
2.429846
3.626097
3.823394
2.679314
2.631835
2.973325
3.455862
2.783094
3.632956
3.458858
3.332928
3.945399
3.674588
2.738907
2.883462
3.139199
4.220622
3.454899
3.907057
3.205247
2.689076
2.555852
3.129906
2.776975
3.921273
3.317900
3.347952
4.209288
2.669519
2.583478
2.811868
3.142778
2.753606
2.738688
3.272553
2.431795
3.182901
3.855783
3.224767
3.176059
3.078662
2.668335
3.248401
3.949187
3.626479
3.318137
3.051484
4.215332
2.937142
4.438148
2.865549
3.363374
3.532963
3.041811
4.716297
3.888710
3.129397
3.912463
3.141015
3.233716
4.561247
3.465899
2.428712


