3.489471
3.315307
3.558031
3.461542
3.494624
3.342421
3.173762
3.052656
3.253370
3.001816
3.666734
3.415450
3.779706
3.428614
3.514969
3.517889
3.140894
3.143602
3.544126
3.381874
3.286807
3.672890
3.232241
3.582150
2.880596
3.398211
3.240230
3.373157
3.155575
3.149239
3.305479
3.519701
3.064849
3.348987
3.544272
3.539540
2.973248
3.214856
3.487007
2.873760
3.483052
3.579636
3.558783
2.992090
3.327315
3.081927
2.811606
3.870673
2.882380
3.497271
3.045946
3.712638
3.116100
3.225440
3.900052
3.306626
3.989137
3.240138
3.648052
3.149034
3.050615
3.306454
3.568934
3.724555


3.380084
3.698502
3.213218
3.481374
3.162163
3.674186
3.338041
3.095618
3.487681
3.541544
3.324918
3.523291
3.620504
3.176107
3.238178
3.335059
2.823493
3.371901
3.098337
3.640771
3.184904
3.331815
3.520598
4.020474
3.405889
3.385773
3.323300
3.361034
3.294951
3.034459
3.464697
3.647605
3.413536
3.385894
3.672031
3.204286
3.288667
3.082810
3.211275
3.007518
4.011604
3.475230
2.961106
3.456323
3.590066
3.018285
2.953893
3.272740
3.008869
3.685838
3.072040
3.352014
3.756332
3.353604
3.190035
3.526625
3.551661
3.307104
3.017920
2.980982
3.398616
3.437662
3.456433
3.066671


3.259393
2.726665
2.686792
3.293887
2.754995
3.489114
3.188067
3.427080
3.356275
3.354553
2.913648
3.543658
3.968808
4.245189
3.390406
3.417526
3.271839
2.993245
3.038741
3.224435
3.165279
3.159939
3.471405
3.001801
3.324131
3.058066
2.957179
3.638844
2.929713
3.267042
3.420861
3.312472
2.980074
3.477634
3.269908
2.791366
3.189826
3.314143
3.066770
3.179922
3.739913
3.392066
3.417890
3.298374
2.889974
3.009543
3.010103
3.550824
3.362502
3.718627
3.022231
3.638235
3.458635
3.210740
3.649473
3.536295
3.216779
3.443687
3.223024
3.080514
3.078131
3.273758
3.293785
3.326686


3.077706
3.095366
3.260297
3.341776
3.063987
3.368138
3.250377
3.321920
3.400031
2.998302
3.212713
2.884980
3.138508
3.406786
3.518074
3.013627
3.515416
3.006602
3.073390
3.467801
3.252380
3.496849
3.109726
3.210621
3.116757
3.106577
3.610196
3.214602
3.762759
3.023374
3.448668
3.648734
3.078185
2.904905
3.458891
3.059069
3.047917
3.148102
3.555745
3.651600
3.466543
3.196839
3.038681
3.046649
3.291120
2.994084
3.336516
3.154954
3.452862
3.519241
2.992938
3.233211
3.503655
3.987541
3.091405
3.787694
3.139404
3.129600
3.206697
3.727189
3.402749
3.451859
3.215948
3.606007


3.314244
3.491545
3.007992
3.602045
2.790755
4.150550
3.396554
3.500483
4.079538
3.419831
3.166400
3.463100
3.426823
3.321537
3.171750
3.331971
3.017466
3.505333
2.854442
3.243911
3.285492
3.651301
3.115102
3.249851
2.954721
3.178896
3.244529
3.132082
3.605315
3.114297
3.263577
3.376454
3.094395
2.950075
3.583291
3.178764
3.312159
3.275462
3.601150
3.953569
3.489272
3.411577
2.832179
3.474725
3.016420
3.466911
3.530290
3.643584
3.451163
3.471630
4.013377
3.421517
3.483626
3.274217
3.182258
3.288963
3.283051
2.919703
3.400013
3.077266
3.456664
3.113559
3.542737
3.272374


2.794682
3.105139
3.312717
3.406527
2.979015
3.680666
3.063549
3.103356
3.687502
3.494148
3.118626
3.362917
3.776256
3.375814
3.318816
2.935674
3.400088
3.190010
2.985606
3.357905
3.771332
3.326769
3.624093
3.477737
3.526436
3.311382
3.458100
3.083264
3.285033
3.012123
2.900115
3.947815
3.672059
3.391878
3.584371
3.267035
3.083939
3.405666
3.426635
3.205642
3.346083
3.237973
3.045328
3.151929
3.537070
3.677998
3.433772
3.153180
3.577210
3.098660
3.210382
3.215066
3.433564
3.162785
3.179293
3.158633
3.578500
3.715048
3.529980
3.476743
3.340949
3.092609
3.501580
3.425021


2.805666
3.103912
3.149495
3.189128
3.207784
3.398618
3.541892
3.528490
3.269725
3.490085
3.175572
3.162673
3.290950
3.275098
3.503995
3.439127
3.324302
3.564906
3.151902
3.755085
3.745236
3.592305
3.679804
2.946581
3.165257
3.445619
3.522289
3.096761
3.690430
3.468910
2.933881
2.938566
2.971802
3.276431
3.029673
3.814303
3.354714
3.582902
2.890534
3.210600
2.977324
3.217428
3.344048
3.412872
2.846484
3.174462
3.167423
3.274924
3.718709
3.823914
3.715277
3.084939
3.261771
3.736462
2.995537
3.432440
2.977850
3.086430
3.140749
3.096146
3.250997
3.713415
3.371826
3.299567


3.325392
3.389183
4.202750
3.317113
3.382366
3.559172
3.164265
3.365346
3.209148
2.836243
3.610749
3.329778
3.309626
3.719649
3.801162
2.998329
3.220511
2.836668
3.039849
3.219793
3.312924
3.451907
3.542714
3.395565
3.093420
3.216109
3.410062
3.573161
3.303044
3.461889
3.372044
3.360221
2.999502
3.378297
3.717692
3.226162
3.073085
3.350029
3.484434
2.868016
3.240782
3.676927
3.682905
3.516510
3.054809
3.217285
3.259969
3.711162
3.194718
3.083632
3.031099
3.135426
3.602342
3.908358
3.015744
3.470850
3.483244
3.073126
3.275510
3.121821
3.343000
3.631278
3.836434
3.046778


3.411956
3.250640
3.751118
3.604474
3.104640
3.417272
3.654909
3.048086
3.612842
3.033581
3.729791
2.893288
3.492752
3.896153
3.262438
3.140532
3.118542
3.386606
3.466650
3.425083
3.385550
3.826951
3.507713
2.701708
3.050873
3.444728
4.048370
3.516451
3.059703
3.478365
3.551158
3.374004
3.123523
3.643656
4.037290
3.106632
3.262299
3.491609
3.458908
3.227565
3.400400
3.378569
3.652630
3.224483
3.445442
2.826831
3.609836
3.698744
3.162707
3.230768
3.210757
3.048201
3.185846
3.579555
3.051246
3.186446
3.247386
3.150657
3.415785
3.116166
3.452923
3.617804
3.313589
3.239652


3.390166
3.113376
3.552063
3.550601
2.931236
3.660067
2.745824
3.054425
3.133145
3.731948
3.459736
3.809886
3.520000
3.462527
3.181499
3.317246
3.591949
3.592027
3.247734
3.737934
3.253400
3.189086
3.040394
3.462546
3.208062
3.290536
3.191658
3.297635
4.000209
2.837660
3.630672
3.101518
3.136091
3.962861
3.762605
3.309696
3.063130
3.373060
3.198299
3.144864
3.467822
3.307798
3.992825
3.394145
3.585194
2.865051
3.378696
3.359979
2.915705
2.992066
3.814194
3.214353
3.119558
3.123290
3.157580
3.391217
3.658561
3.166717
3.515556
3.246792
3.206404
3.303750
3.369664
4.038220


