2.201154
1.161551
1.453731
1.271539
1.484605
1.358976
1.750915
1.641466
1.483954
1.264813
1.567329
1.576944
1.079676
1.304899
1.469818
1.399001
1.405513
1.877508
1.130212
1.269030
1.711633
1.330845
1.192377
1.468587
1.426320
1.424209
1.535461
1.522654
1.687198
1.337397
1.461468
1.386125
1.604902
1.805390
2.082441
1.240441
1.321658
1.331403
2.327406
1.429478
1.747957
1.625412
1.515438
1.545039
1.624747
1.692252
2.555305
2.404728
1.181608
1.815387
1.272748
2.092231
1.645346
1.421031
1.454081
1.353024
1.600492
2.480916
1.650612
1.570023
1.543072
1.588086
1.458145
1.444122
1.645235
1.707397
1.951141
1.728143
1.499085
1.404455
1.463004
1.890573
1.738905
1.413013
1.377173
1.666505
1.379844
1.909440
1.037154
1.635442
1.621175
1.469800
1.332175
1.684351
1.507368
1.382851
1.398785
1.254504
1.120744
1.996444
1.366696
1.372222
1.233221
2.326674
1.872194
1.537886
1.494761
1.353903
1.661964
1.804045
