1.584362
1.620472
1.706294
1.674389
1.760435
1.586797
1.733157
1.529984
1.607871
1.575627
1.633935
1.571956
1.753009
1.672457
1.773436
1.624246
1.763626
1.537116
1.762816
1.634216
1.517565
1.576234
1.660690
1.679379
1.756652
1.753985
1.771080
1.643576
1.546312
1.554472
1.616871
1.704848
1.587986
1.745698
1.506249
1.553148
1.727952
1.622722
1.508730
1.828140
1.814466
1.565144
1.683446
1.645894
1.561471
1.557588
1.764690
1.587249
1.775585
1.775263
1.889359
1.683558
1.607435
1.754067
1.843765
1.614460
1.714053
1.538449
1.715934
1.564372
1.587063
1.487483
1.526742
1.928549
1.475648
1.557262
1.685800
1.685014
1.629807
1.561675
1.532006
1.660790
1.699249
1.733384
1.766132
1.497567
1.733078
1.718674
1.860941
1.610862
1.763924
1.679906
1.750303
1.619002
1.657206
1.719629
1.478785
1.659243
1.800857
1.633694
1.565725
1.651564
1.664258
1.487203
1.758642
1.561891
1.643593
1.620584
1.665299
1.695747
