1.791843
1.644017
1.579640
1.627556
1.709878
1.395784
1.281075
1.477993
1.437051
1.303774
1.455633
1.346615
1.690950
1.757217
1.651663
1.674927
1.862496
1.741898
1.692137
1.490785
1.555835
1.397756
1.593154
1.883101
1.670979
1.381507
1.393115
1.383398
1.864466
1.903200
1.710353
1.804776
1.619308
1.626556
1.750635
1.789424
1.773366
1.432233
1.709036
1.684781
1.762395
1.511864
1.341407
1.499730
1.459503
1.902687
1.430863
2.166422
2.071873
1.502804
1.645392
1.856268
1.549756
2.001480
1.295247
2.030299
1.682405
1.967906
1.416190
1.537673
1.716760
1.763668
1.500803
1.521936
1.606040
1.100454
1.713163
1.652305
1.145609
1.709713
1.249863
1.475963
1.638913
1.737690
1.742760
1.633504
1.894777
1.761538
1.374838
1.767121
1.463403
1.233772
1.409596
1.649049
1.912973
1.710114
1.408445
1.464193
1.798157
1.406453
1.779933
1.405476
1.560839
1.568188
1.563354
1.741431
1.705774
1.359701
1.940406
1.246973
