1.559235
1.642906
1.664972
1.703764
1.553528
1.685511
1.592217
1.620069
1.557811
1.569022
1.566999
1.695868
1.742567
1.570256
1.542312
1.647508
1.653171
1.663472
1.615866
1.771747
1.744811
1.618767
1.684551
1.675107
1.727849
1.808014
1.666920
1.706049
1.646238
1.639574
1.601130
1.702387
1.515755
1.654322
1.516452
1.664919
1.673122
1.708331
1.767195
1.700620
1.848160
1.593048
1.655174
1.533515
1.717762
1.656674
1.632822
1.610581
1.608450
1.677808
1.680153
1.522567
1.605981
1.748071
1.639604
1.690203
1.668408
1.673277
1.594364
1.633001
1.632436
1.689816
1.609025
1.626637
1.683406
1.630393
1.610416
1.636573
1.694459
1.574494
1.693374
1.604021
1.711514
1.770918
1.598949
1.601349
1.630402
1.800804
1.583487
1.582185
1.646882
1.577124
1.623248
1.712867
1.685226
1.594856
1.706200
1.628587
1.753695
1.625804
1.626433
1.637972
1.749709
1.592880
1.556428
1.652224
1.560845
1.677911
1.711801
1.618891
