1.638169
1.651162
1.580611
1.628527
1.610388
1.612091
1.655361
1.614374
1.668874
1.663759
1.697751
1.676550
1.699730
1.700025
1.657513
1.626593
1.572028
1.586968
1.653729
1.692488
1.666492
1.608547
1.632102
1.614941
1.666127
1.637760
1.676884
1.697738
1.662980
1.589716
1.639997
1.680505
1.678058
1.644417
1.653851
1.665934
1.669586
1.580140
1.687531
1.611199
1.625159
1.618109
1.588793
1.608959
1.687570
1.664484
1.706404
1.558665
1.627768
1.648749
1.631381
1.728565
1.650102
1.632930
1.668308
1.699725
1.636503
1.665938
1.566019
1.689492
1.665627
1.591369
1.587516
1.681930
1.694060
1.602536
1.582975
1.611390
1.604806
1.617470
1.742953
1.659789
1.618028
1.636843
1.675061
1.724057
1.624434
1.647394
1.618859
1.589154
1.624510
1.695945
1.618928
1.654281
1.703307
1.592696
1.663399
1.672422
1.799192
1.671670
1.680673
1.670625
1.803722
1.635155
1.728407
1.570855
1.645079
1.663057
1.698761
1.543388
