1.708013
1.405967
1.544754
1.582628
1.640080
1.685480
1.682036
1.800065
1.606558
1.566324
1.576394
1.410062
1.622837
1.616104
1.719725
1.557677
1.534223
1.453747
1.535020
1.686962
1.570760
1.696061
1.685726
1.536449
1.661467
1.507873
1.776581
1.504646
1.611897
1.655436
1.529808
1.661546
1.645584
1.535962
1.826123
1.570213
1.605779
1.741602
1.621435
1.760985
1.782133
1.366017
1.712202
1.662854
1.781786
1.575917
1.578683
1.760026
1.740138
1.572048
1.753527
1.599877
1.577908
1.751197
1.729789
1.612544
1.563888
1.513111
1.536916
1.459533
1.700185
1.627366
1.610234
1.551565
1.496305
1.493690
1.551874
1.796809
1.624568
1.612620
1.655093
1.500424
1.590954
1.619963
1.526416
1.665657
1.711899
1.781586
1.908998
1.767746
1.798953
1.850109
1.505355
1.820061
1.735605
1.466881
1.647128
1.768902
1.539236
1.628256
1.638000
1.785227
1.844188
1.793349
1.474670
1.727173
1.519678
1.810118
1.760524
2.000454
