16.157287
15.895840
16.735440
16.613255
14.103751
14.883207
16.032827
15.730168
18.184004
16.580613
15.901987
15.971046
15.318588
17.288394
15.294539
16.833387
16.975955
16.179846
14.641646
16.902597
15.348593
16.448107
15.779505
15.592217
15.804769
15.060476
16.430509
15.139342
16.758030
14.469864
16.205416
15.069060
16.482620
16.189831
14.208851
14.174623
14.470405
17.025115
15.105176
14.660881
15.666616
16.656303
16.588249
16.960835
16.960206
14.974739
15.334120
15.064528
15.624263
15.154800
16.004993
15.822127
17.064779
13.978802
15.191468
14.014846
14.958369
16.207883
17.123951
16.343024
17.121836
17.093638
15.812634
14.642787