14.338819
15.619920
16.567816
16.287299
15.896600
14.685441
15.119304
15.445877
16.915216
15.520085
14.716536
17.033350
17.077850
15.359680
15.042083
15.552253
17.324600
17.276536
16.894108
15.746341
16.433231
15.374392
15.958096
14.396941
14.749620
15.554824
15.905458
16.549725
14.779334
16.400268
15.001775
17.118492
15.022473
16.831200
15.990348
16.163129
15.074499
16.197879
16.600731
17.050410
16.243991
15.403895
15.818169
17.045815
14.760930
16.553009
15.499307
13.963199
15.306029
16.284631
15.759831
15.931513
14.206761
13.723784
15.907568
16.491150
15.581386
14.590459
15.676261
13.912857
14.025839
16.879138
14.558382
15.720276