15.635297
15.651986
17.233011
15.896561
15.088963
15.328638
15.805254
17.175797
14.370558
15.788295
15.204801
15.623953
16.251089
16.262267
14.821993
16.965454
15.530508
14.868549
17.578862
16.108170
16.591444
16.391035
16.117315
16.028186
18.128420
17.077388
17.640553
16.001159
16.127365
17.790239
15.378599
14.881591
16.813521
13.985129
16.843398
14.710753
14.393402
16.830024
15.729288
16.310785
15.488988
17.309384
16.986150
15.219526
15.818950
15.189213
16.313356
15.918949
16.649101
16.467777
14.637246
13.568289
16.176017
16.344535
15.117974
16.785003
13.920744
15.507573
15.584548
16.045549
15.155370
15.604651
16.141987
14.558254