14.337511
13.824173
14.941123
16.232240
14.022804
15.462616
15.950076
16.582916
16.145262
16.341958
14.791349
14.965459
15.070168
16.358679
15.211918
13.211629
15.493086
14.708704
15.196845
15.527921
15.995418
17.022311
15.873198
15.666579
14.570073
15.422109
15.590334
15.453511
15.143676
17.205435
13.564158
15.374465
18.186273
15.668198
18.015988
15.646970
14.970408
14.222621
16.251034
15.218942
15.607458
15.532478
14.122429
14.476297
16.554453
16.498885
16.647601
16.809245
15.586265
16.561927
16.567061
13.737673
15.659423
15.524995
14.196586
13.924323
15.886119
14.789529
15.337842
15.749748
16.744580
14.793594
15.599195
16.888316