15.133081
15.324484
15.586055
14.992074
17.183515
15.269227
15.274460
15.588174
14.394261
15.492709
16.875612
13.778265
16.473242
14.035059
14.986868
16.484488
15.852388
15.096911
15.249661
14.862552
16.825490
15.911596
15.936605
14.552675
16.029585
14.904371
14.490875
14.073429
14.982896
15.571337
15.684844
16.172137
17.408338
15.639267
14.237646
15.532077
15.578749
17.396867
17.414916
15.163617
14.602469
15.199676
14.408664
17.986473
16.635898
16.500647
17.558070
16.163043
16.375473
15.136939
15.349979
14.942679
16.169886
15.698137
16.406398
15.665584
14.036662
15.879066
16.496614
15.359157
15.267546
16.184425
17.178069
15.081044