16.194695
16.254723
13.389861
15.095417
13.908027
17.454001
17.011978
16.848679
15.601326
15.181737
14.001779
14.825754
16.285277
15.324374
14.618171
15.083637
15.663033
14.614300
14.672814
18.203386
15.209536
14.205831
17.350311
14.704833
15.493700
17.045548
16.445804
15.606861
14.301920
15.181871
16.301624
17.325482
14.781159
16.764106
16.722308
15.939709
16.132417
17.444408
16.834168
15.309622
17.031172
14.758883
15.394356
16.378829
18.048792
15.953344
14.994649
16.623205
17.937744
16.567847
15.125982
15.006104
15.912979
14.945149
14.838008
15.092993
16.020545
15.260716
17.069969
14.063211
17.388481
16.447227
16.646248
14.199018