13.672877
16.196861
16.475967
15.052706
15.602663
15.338405
15.075753
16.805791
14.279211
16.144039
16.340931
14.069824
14.142720
15.812329
15.677623
15.833503
17.424973
16.470065
16.661647
15.794542
14.563499
16.626223
14.440685
14.642682
15.438421
15.487838
16.824533
15.267776
16.145223
14.977977
16.001336
14.281439
15.908381
14.214277
14.832092
15.083422
16.387820
15.160825
16.897882
14.884274
14.771948
15.297152
15.929980
15.877701
14.650294
17.435947
16.291053
16.397904
15.418745
15.776458
17.210182
15.935191
17.489531
15.566942
15.943322
15.635473
17.224441
17.576880
15.625904
17.111685
17.533762
15.359168
15.992677
15.986432