14.239331
15.251795
14.493834
16.235414
16.837619
13.859417
18.072588
15.734690
14.970255
17.030514
15.353783
15.646029
15.679073
14.356602
15.203353
15.966078
16.404079
15.222904
17.505198
16.545623
16.956182
17.989872
16.665492
14.639818
16.701120
17.192293
15.983029
14.852055
14.716059
13.464368
13.944461
15.180370
15.521232
14.883246
15.059417
16.320567
16.351799
15.176920
15.548748
14.932107
14.476671
14.881460
15.043102
16.322074
14.159730
15.958237
17.540990
17.427696
16.753843
16.561053
17.075979
17.556441
15.353957
16.765772
13.955807
14.047516
14.352445
16.018146
16.185587
18.621342
16.343158
16.100316
17.042947
14.296565