14.713225
17.443792
15.818336
15.438394
14.444622
15.533387
14.730207
16.895497
15.788994
14.537322
17.021679
16.004849
14.908746
17.067866
15.138246
15.391831
14.605956
13.995441
14.427375
14.831449
16.308514
15.215234
15.187235
14.272378
16.675425
15.963574
16.323109
16.008596
15.684291
15.847516
16.626405
15.459979
17.487935
15.745158
16.318810
15.035709
15.074325
14.036378
16.004011
16.882170
16.594521
15.790874
13.420734
15.097515
15.517556
17.496488
17.717104
15.297515
14.505853
13.794740
14.574445
17.073735
15.275533
16.148982
14.321929
14.756524
15.012347
17.123264
14.898715
14.650112
16.275180
16.180626
17.075216
15.920641