15.400255
15.526637
16.403017
16.058996
16.138308
15.325608
15.748121
15.417083
15.365545
15.785368
17.535896
15.161831
15.192575
16.375607
16.828055
15.951160
14.796701
17.747304
15.376075
14.355215
15.971169
15.491407
14.514576
17.428616
15.130095
16.648598
17.319983
14.692490
16.543969
16.881828
17.952240
16.103837
16.465029
16.191810
15.152752
16.354024
14.511031
16.378597
15.062758
15.303426
16.099429
15.551240
15.708223
15.684176
14.726758
13.772290
15.725390
15.165530
15.097235
16.378859
16.850090
16.325504
16.923944
15.774073
14.345052
15.831079
14.635175
13.935164
16.169532
15.783959
15.613754
16.137268
15.707788
14.691770