16.157287
15.895840
16.735440
16.613255
14.103751
14.883207
16.032827
15.730168
18.184004
16.580613
15.901987
15.971046
15.318588
17.288394
15.294539
16.833387
16.975955
16.179846
14.641646
16.902597
15.348593
16.448107
15.779505
15.592217
15.804769
15.060476
16.430509
15.139342
16.758030
14.469864
16.205416
15.069060
16.482620
16.189831
14.208851
14.174623
14.470405
17.025115
15.105176
14.660881
15.666616
16.656303
16.588249
16.960835
16.960206
14.974739
15.334120
15.064528
15.624263
15.154800
16.004993
15.822127
17.064779
13.978802
15.191468
14.014846
14.958369
16.207883
17.123951
16.343024
17.121836
17.093638
15.812634
14.642787


15.635297
15.651986
17.233011
15.896561
15.088963
15.328638
15.805254
17.175797
14.370558
15.788295
15.204801
15.623953
16.251089
16.262267
14.821993
16.965454
15.530508
14.868549
17.578862
16.108170
16.591444
16.391035
16.117315
16.028186
18.128420
17.077388
17.640553
16.001159
16.127365
17.790239
15.378599
14.881591
16.813521
13.985129
16.843398
14.710753
14.393402
16.830024
15.729288
16.310785
15.488988
17.309384
16.986150
15.219526
15.818950
15.189213
16.313356
15.918949
16.649101
16.467777
14.637246
13.568289
16.176017
16.344535
15.117974
16.785003
13.920744
15.507573
15.584548
16.045549
15.155370
15.604651
16.141987
14.558254


14.192995
14.336123
16.193562
13.976511
15.085652
15.981227
16.303486
17.055883
14.561873
14.749794
15.715613
15.657835
13.643165
15.349867
14.773381
15.351513
16.267028
15.968806
16.313050
14.973032
15.343401
15.690878
15.529385
15.767973
14.994498
14.957955
17.918453
16.446378
16.107584
15.406339
14.623470
15.095071
16.024840
15.720298
14.261213
14.511608
17.017659
17.303521
16.444596
15.397761
16.314057
14.821214
15.617800
15.086301
14.907152
13.813941
15.607573
14.969101
16.705446
15.125622
15.895602
16.121976
15.861352
15.404115
15.003802
12.738500
15.423652
15.837053
15.753123
16.479212
15.298337
15.506713
15.708242
14.170044


15.133081
15.324484
15.586055
14.992074
17.183515
15.269227
15.274460
15.588174
14.394261
15.492709
16.875612
13.778265
16.473242
14.035059
14.986868
16.484488
15.852388
15.096911
15.249661
14.862552
16.825490
15.911596
15.936605
14.552675
16.029585
14.904371
14.490875
14.073429
14.982896
15.571337
15.684844
16.172137
17.408338
15.639267
14.237646
15.532077
15.578749
17.396867
17.414916
15.163617
14.602469
15.199676
14.408664
17.986473
16.635898
16.500647
17.558070
16.163043
16.375473
15.136939
15.349979
14.942679
16.169886
15.698137
16.406398
15.665584
14.036662
15.879066
16.496614
15.359157
15.267546
16.184425
17.178069
15.081044


16.161610
15.036694
14.157669
14.128757
17.857307
16.428978
16.103225
16.174049
13.783884
14.808505
16.757821
14.251165
15.122360
15.647387
13.876458
17.564444
15.335538
14.612174
16.111852
15.198915
16.873686
16.235546
16.090853
13.624802
17.345970
16.516305
14.850774
16.394377
16.637419
16.095820
17.869727
15.816644
16.516008
15.117360
15.463562
16.419768
17.039415
15.590044
16.383373
17.897431
15.472227
16.855954
14.273322
15.267494
15.478575
14.802906
16.135692
16.239217
14.793986
17.081424
16.245604
14.979161
14.024307
13.865883
14.980705
15.158740
14.180201
15.914950
14.786045
17.099115
16.657254
16.641822
16.297038
13.713016


13.672877
16.196861
16.475967
15.052706
15.602663
15.338405
15.075753
16.805791
14.279211
16.144039
16.340931
14.069824
14.142720
15.812329
15.677623
15.833503
17.424973
16.470065
16.661647
15.794542
14.563499
16.626223
14.440685
14.642682
15.438421
15.487838
16.824533
15.267776
16.145223
14.977977
16.001336
14.281439
15.908381
14.214277
14.832092
15.083422
16.387820
15.160825
16.897882
14.884274
14.771948
15.297152
15.929980
15.877701
14.650294
17.435947
16.291053
16.397904
15.418745
15.776458
17.210182
15.935191
17.489531
15.566942
15.943322
15.635473
17.224441
17.576880
15.625904
17.111685
17.533762
15.359168
15.992677
15.986432


14.114493
16.060568
14.893500
16.386303
14.468550
16.848065
15.897134
16.228994
15.618679
15.528955
14.255782
15.945193
15.572343
16.520400
15.305976
17.110681
17.264956
17.693000
15.324234
16.266279
17.211413
16.087557
14.311600
15.360264
13.469556
14.337119
15.978367
14.264908
16.573885
15.922054
14.995588
15.951117
14.306102
14.527544
15.432053
14.813623
15.168236
17.979166
17.080922
16.890423
16.374226
17.181343
16.438390
16.491140
13.695739
14.401197
14.986883
16.367083
18.621175
15.793732
16.179879
15.465456
17.445077
14.683593
16.547987
14.891847
14.421636
15.869410
15.457124
16.596241
14.670394
17.368022
14.542217
15.416375


15.302091
16.933393
15.753575
14.569399
15.413150
15.173866
16.475999
15.039735
16.317797
15.924257
15.824935
15.407781
15.675889
14.650710
13.856158
14.804102
15.554596
15.376624
15.194041
15.129478
15.986135
16.443655
15.856798
15.479665
17.235859
14.859317
17.427781
15.645679
15.110240
15.520160
14.353634
16.386992
16.618927
16.569468
13.643745
15.220410
16.323979
16.918443
16.422452
14.637715
13.362028
15.652512
16.030730
15.916143
14.457092
14.983171
16.047556
15.197543
15.410271
16.365647
16.009331
16.169788
16.029231
15.416945
14.773818
14.427218
15.018567
14.648865
16.445290
15.909040
14.371693
15.196964
16.385337
15.123077


15.400255
15.526637
16.403017
16.058996
16.138308
15.325608
15.748121
15.417083
15.365545
15.785368
17.535896
15.161831
15.192575
16.375607
16.828055
15.951160
14.796701
17.747304
15.376075
14.355215
15.971169
15.491407
14.514576
17.428616
15.130095
16.648598
17.319983
14.692490
16.543969
16.881828
17.952240
16.103837
16.465029
16.191810
15.152752
16.354024
14.511031
16.378597
15.062758
15.303426
16.099429
15.551240
15.708223
15.684176
14.726758
13.772290
15.725390
15.165530
15.097235
16.378859
16.850090
16.325504
16.923944
15.774073
14.345052
15.831079
14.635175
13.935164
16.169532
15.783959
15.613754
16.137268
15.707788
14.691770


13.917714
16.595047
16.104560
16.615835
14.306369
14.578449
17.236845
15.532381
15.295655
16.609544
17.429819
14.262711
15.692798
17.522097
16.817166
17.287326
15.371550
15.680552
14.674025
15.119253
15.110148
15.778312
16.730187
15.628349
14.833145
17.001788
15.363314
16.020967
16.546764
15.411288
16.043717
16.689011
17.079280
15.585695
15.674026
16.588527
14.703315
16.892579
14.650967
14.143426
17.024591
15.321912
14.733296
13.859917
16.358164
16.145375
14.573035
15.618917
13.413215
16.312197
14.902290
15.389934
15.337768
16.249028
14.389381
15.446131
16.487437
16.551441
16.242886
16.913345
15.392469
17.274385
16.041197
15.781903


