16.344507
17.080375
14.736374
17.391645
16.320613
13.758110
14.383459
15.309519
16.011287
16.751399
18.045294
16.504879
16.430816
15.692030
15.465975
16.128705
16.890331
15.880253
16.856329
16.083710
17.515084
15.758217
14.059797
18.098808
14.327552
16.533977
16.568334
16.133934
14.370159
16.986302
15.222148
15.702464
16.622932
14.890216
15.215688
16.914641
14.245932
16.384290
15.418990
14.993416
16.916275
15.499017
14.291693
14.228842
14.922575
14.298316
17.197106
15.344009
14.209269
16.574789
16.166526
15.870647
16.672623
17.931141
16.258355
16.095807
15.530035
14.195042
15.593549
15.534255
15.625134
14.351638
17.883158
15.447659


15.784354
15.552652
17.100951
17.331395
14.790867
14.620191
16.127426
15.630789
16.716385
15.830330
14.512144
15.404190
15.405094
15.064662
16.905282
16.589561
15.715608
14.426753
17.094689
16.378763
15.571519
14.185931
17.661982
16.732807
16.688447
16.556286
15.963853
16.229806
16.082141
16.681458
18.662175
16.355040
18.061218
16.613140
15.465725
18.089793
15.194715
16.326411
14.934738
15.986512
16.814683
13.817767
16.253831
14.614517
15.177165
15.854225
15.926966
16.074296
16.421856
15.387179
17.199085
17.226365
15.945943
15.436253
15.641681
15.956017
14.730292
15.960134
16.347608
16.324409
16.554601
16.295362
11.869208
14.781369


14.337511
13.824173
14.941123
16.232240
14.022804
15.462616
15.950076
16.582916
16.145262
16.341958
14.791349
14.965459
15.070168
16.358679
15.211918
13.211629
15.493086
14.708704
15.196845
15.527921
15.995418
17.022311
15.873198
15.666579
14.570073
15.422109
15.590334
15.453511
15.143676
17.205435
13.564158
15.374465
18.186273
15.668198
18.015988
15.646970
14.970408
14.222621
16.251034
15.218942
15.607458
15.532478
14.122429
14.476297
16.554453
16.498885
16.647601
16.809245
15.586265
16.561927
16.567061
13.737673
15.659423
15.524995
14.196586
13.924323
15.886119
14.789529
15.337842
15.749748
16.744580
14.793594
15.599195
16.888316


15.030027
15.118601
15.149204
15.570598
15.312639
17.478981
15.527784
15.140191
15.822301
15.215088
13.855810
15.961841
16.712818
15.288018
13.388741
17.266230
13.684943
15.254030
15.846078
15.521740
16.552231
14.930039
15.752852
14.844817
15.308221
16.886535
16.221391
16.350110
14.351002
14.170799
16.735043
15.034723
13.954720
16.773433
12.611252
15.723474
15.188251
15.672150
16.917788
16.610248
15.350431
16.463656
14.229359
15.254333
16.133899
16.238548
17.056835
17.864918
15.322600
15.258369
13.319466
16.199677
14.477149
18.847557
16.838529
14.813553
18.487811
16.716222
16.519219
16.062556
16.257695
14.876185
14.842337
15.154409


16.194695
16.254723
13.389861
15.095417
13.908027
17.454001
17.011978
16.848679
15.601326
15.181737
14.001779
14.825754
16.285277
15.324374
14.618171
15.083637
15.663033
14.614300
14.672814
18.203386
15.209536
14.205831
17.350311
14.704833
15.493700
17.045548
16.445804
15.606861
14.301920
15.181871
16.301624
17.325482
14.781159
16.764106
16.722308
15.939709
16.132417
17.444408
16.834168
15.309622
17.031172
14.758883
15.394356
16.378829
18.048792
15.953344
14.994649
16.623205
17.937744
16.567847
15.125982
15.006104
15.912979
14.945149
14.838008
15.092993
16.020545
15.260716
17.069969
14.063211
17.388481
16.447227
16.646248
14.199018


13.450152
16.649068
15.168562
16.863993
15.339685
15.483622
15.248350
15.347960
15.358385
16.495026
14.503742
16.937570
15.806171
14.343315
14.433372
14.154693
15.978360
15.100276
16.399808
16.978513
16.704899
16.193732
16.554991
16.470848
15.394021
14.982162
16.163650
14.670390
14.674280
13.722431
16.905384
15.318178
16.825693
14.898031
17.793631
15.369274
14.533105
15.995172
14.551241
15.032245
15.169166
14.697599
14.593870
15.035442
15.652158
16.816021
14.931001
16.925627
14.745688
14.516323
15.183866
15.993899
16.093328
16.287741
14.527698
15.765035
17.170072
16.538317
15.909399
15.449826
16.593839
15.850424
16.432815
16.098056


14.239331
15.251795
14.493834
16.235414
16.837619
13.859417
18.072588
15.734690
14.970255
17.030514
15.353783
15.646029
15.679073
14.356602
15.203353
15.966078
16.404079
15.222904
17.505198
16.545623
16.956182
17.989872
16.665492
14.639818
16.701120
17.192293
15.983029
14.852055
14.716059
13.464368
13.944461
15.180370
15.521232
14.883246
15.059417
16.320567
16.351799
15.176920
15.548748
14.932107
14.476671
14.881460
15.043102
16.322074
14.159730
15.958237
17.540990
17.427696
16.753843
16.561053
17.075979
17.556441
15.353957
16.765772
13.955807
14.047516
14.352445
16.018146
16.185587
18.621342
16.343158
16.100316
17.042947
14.296565


14.713225
17.443792
15.818336
15.438394
14.444622
15.533387
14.730207
16.895497
15.788994
14.537322
17.021679
16.004849
14.908746
17.067866
15.138246
15.391831
14.605956
13.995441
14.427375
14.831449
16.308514
15.215234
15.187235
14.272378
16.675425
15.963574
16.323109
16.008596
15.684291
15.847516
16.626405
15.459979
17.487935
15.745158
16.318810
15.035709
15.074325
14.036378
16.004011
16.882170
16.594521
15.790874
13.420734
15.097515
15.517556
17.496488
17.717104
15.297515
14.505853
13.794740
14.574445
17.073735
15.275533
16.148982
14.321929
14.756524
15.012347
17.123264
14.898715
14.650112
16.275180
16.180626
17.075216
15.920641


14.968762
15.066863
16.857580
16.342918
16.104751
16.357807
15.524807
15.199377
15.765525
15.832621
15.276060
15.909899
17.160915
15.736688
15.042721
15.808827
16.406412
16.892190
15.733834
15.272648
16.288927
17.077474
16.704820
13.130776
14.998661
16.347240
15.628050
14.272475
17.907478
14.579341
16.599251
16.964240
16.820735
15.100007
15.398706
17.696148
17.385075
17.345812
16.141730
16.459836
16.446217
15.694655
14.817532
16.316797
14.057765
16.122014
16.582395
15.226215
14.979996
15.607066
15.394605
16.743907
14.516811
16.700984
14.598484
13.544981
15.200413
15.289074
15.232118
15.460824
15.359785
16.632435
17.070541
16.457297


14.338819
15.619920
16.567816
16.287299
15.896600
14.685441
15.119304
15.445877
16.915216
15.520085
14.716536
17.033350
17.077850
15.359680
15.042083
15.552253
17.324600
17.276536
16.894108
15.746341
16.433231
15.374392
15.958096
14.396941
14.749620
15.554824
15.905458
16.549725
14.779334
16.400268
15.001775
17.118492
15.022473
16.831200
15.990348
16.163129
15.074499
16.197879
16.600731
17.050410
16.243991
15.403895
15.818169
17.045815
14.760930
16.553009
15.499307
13.963199
15.306029
16.284631
15.759831
15.931513
14.206761
13.723784
15.907568
16.491150
15.581386
14.590459
15.676261
13.912857
14.025839
16.879138
14.558382
15.720276


