18.793840
21.010118
19.747713
17.972184
22.942825
19.739742
19.800743
18.307188
16.526920
20.159115
18.644870
25.039488
20.551297
21.979848
20.142818
20.123033
20.538058
23.266640
18.073229
18.371942
19.854721
18.712071
18.412062
16.017947
23.598234
20.173758
16.615804
15.979141
19.551502
17.921485
18.899338
22.016998
17.955151
20.033374
17.098790
20.098503
16.322477
18.202081
18.618318
16.688036
16.208702
18.994494
16.143785
18.500713
20.434700
22.395487
15.918937
18.549716
21.511595
23.841624
16.227268
16.773332
18.978867
21.910387
21.067069
21.246172
15.881286
20.881093
19.678362
18.070956
21.264606
21.487428
17.880036
19.660731
17.683084
23.712509
17.934654
22.480709
17.315992
17.744350
18.632735
19.483456
18.105478
19.253169
15.208068
20.422812
23.252479
18.794380
23.016815
21.981975
22.678238
18.655084
20.040493
19.008958
19.410366
20.468663
16.472369
20.925413
17.783890
15.737027
17.874948
16.987434
19.364362
15.162828
17.887875
18.913548
22.458057
18.057508
22.542395
19.221688
21.106106
16.954138
21.443699
21.473993
20.475533
20.530085
19.027439
16.407335
18.630091
23.073521
20.122058
17.137624
18.440524
17.852568
17.351937
18.452477
22.270776
19.925054
17.644038
18.132606
18.222963
15.067872
17.372598
17.720190
20.257923
18.614512
16.164601
18.127052
19.365392
18.858424
18.231255
16.775953
19.439452
15.110225
18.821060
15.823825
16.158597
21.355323
15.742187
18.749694
19.628486
17.166656
18.131629
19.970905
18.168548
17.955782
19.459069
18.554090
21.340346
18.856367
19.554201
15.806365
15.626678
16.127621
20.132141
18.498640
16.422575
19.392604
23.299952
18.230140
22.105887
19.738467
18.771684
21.039192
23.924061
17.571319
18.172802
17.751654
15.274898
17.569580
13.710301
16.787734
18.757585
18.136326
22.510900
21.804916
20.371814
16.910748
22.658442
16.971382
17.761086
20.851292
17.246804
25.099250
22.902208
19.994640
21.528260
21.790480
21.268290
18.233302
21.888715
21.031432
19.546303
15.648079
15.696341
16.956808
17.454015
22.972589
28.892366
20.482680
24.642923
18.577914
20.936790
17.286411
20.647475
23.052780
17.147571
19.616383
16.670378
18.988620
16.199557
19.367802
21.950992
16.267378
16.720930
22.182003
18.765607
21.901978
17.241821
18.751613
19.640689
21.442124
18.096761
18.351760
20.597018
20.151998
18.467228
16.898541
17.159486
22.242794
20.823113
19.149510
20.938092
18.339585
17.761620
22.791877
20.005684
22.421915
20.028852
20.495112
18.571756
19.168420
19.531067
16.895313
16.770073
19.872462
20.325879
18.877354
17.620067
18.539128
19.333778
21.474418
18.411358
17.749710
18.359065
16.307943
19.659204
19.575010
18.615984
21.561080
17.267580
18.468422
23.284587
20.370318
18.497662
18.587650
16.968267
25.350983
16.630270
23.493367
18.702264
18.234489
18.767690
19.554975
18.442589
20.151438
17.112033
20.725636
26.413275
21.390888
18.390049
19.347971
21.741434
23.955678
21.447171
18.615644
17.125512
15.352850
19.621887
18.895129
18.880845
20.766553
18.906865
20.763952
16.814106
19.396336
20.062457
17.583610
19.627336
16.051359
21.203559
19.187183
16.515538
17.969599
15.803643
17.006375
17.939215
17.963150
18.125837
19.268023
19.598734
22.693355
22.789276
21.312910
18.999184
16.881650
21.350652
19.789745
19.225455
20.810858
17.595986
17.326712
24.495349
19.759470
20.186957
18.086594
17.638354
16.952132
24.520855
18.711631
17.828863
17.077159
16.313837
14.112013
20.107101
19.137518
21.091865
24.276810
21.601944
16.665522
17.848375
17.027150
15.975943
18.275481
17.947279
15.658499
21.103422
21.986097
17.542766
16.908077
21.972199
26.606380
18.456927
17.420608
14.299953
16.221413
21.906226
19.417730
17.361446
16.658681
21.450112
19.586334
18.724157
21.207225
19.502923
20.813028
19.065472
19.210934
15.985550
23.331862
27.623740
17.916459
16.455656
18.633509
20.907916
19.419219
18.424865
21.864608
18.027852
18.098983
19.224295
18.890184
23.126104
19.131225
19.313064
22.284141
19.066353
17.016294
16.728232
19.337789
16.809283
18.783131
20.041669
19.520525
20.698258
20.265555
17.896409
17.707507
19.631017
17.535086
18.369334
22.817983
17.244079
19.292426
15.859930
21.936153
19.931786
20.564824
19.082827
17.329595
23.178951
16.809314
19.203183
20.367827
19.722189
25.154433
17.756110
20.885005
20.866221
18.814137
19.552988
20.972593
20.921471
17.679019
20.087063
17.860769
19.756678
22.005002
22.987660
21.861037
14.877694
18.757458
19.732484
18.817123
15.535948
27.529938
24.815549
16.654744
19.044132
23.451188
17.286009
15.439214
17.481774
19.568935
22.664528
19.889357
23.122939
22.350432
18.667067
20.125536
20.485037
17.758378
19.748244
17.700745
21.792376
17.332407
18.490980
17.176905
21.326965
17.287530
19.199879
16.397360
17.890594
19.813242
20.052626
18.820831
17.764962
16.992659
17.175766
19.463029
19.881538
24.680464
18.699050
18.074349
18.504723
18.225501
17.719435
15.324092
17.184262
18.440246
21.627098
19.651384
19.808220
21.951564
17.466116
19.406275
18.367774
20.462952
22.675695
17.286075
17.495991
18.021975
18.492911
16.358195
19.647829
18.140896
19.780934
18.212364
18.858666
17.054550
17.191149
17.139237
24.226485
19.889754
17.601988
23.136906
20.315862
17.780740
18.826272
17.024383
19.485233
22.108783
20.193504
17.613302
22.863732
21.348523
23.901856
20.046391
21.951922
19.158735
16.009826
15.954188
18.638379
18.118726
19.700529
20.426672
16.055007
24.225139
17.767226
18.095456
18.214617
19.658069
18.871284
21.726862
18.929701
18.754826
17.976063
18.353501
18.421998
16.632190
18.805393
20.273199
18.499473
19.406538
18.400852
17.756453
22.147203
20.966302
24.304055
18.341222
18.127231
15.941338
20.281717
17.846462
16.659589
15.830819
17.520786
19.165435
15.858471
21.725671
18.726962
17.834371
16.382846
20.668736
22.817780
24.322264
19.698137
20.796286
18.652392
17.503697
26.078809
18.392236
24.315529
17.259213
17.891019
24.470490
17.523057
18.815536
19.570676
16.514095
17.347289
22.685962
26.343738
23.374650
20.836735
16.797624
19.857956
21.121542
18.101830
18.873427
18.716487
19.831481
18.659322
20.432785
19.240477
17.528250
21.963529
19.654897
17.730399
19.273806
20.847289
15.421951
19.215170
20.629769
21.829646
20.639151
19.350733
18.019977
18.171412
27.215823
20.122272
16.707931
19.876398
19.881412
18.984724
18.267545
22.721659
20.029422
19.663637
21.422972
17.649347
20.326198
18.843999
17.460528
20.492835
21.644956
18.232268
17.279384
19.160983
20.418752
18.895130
19.002069
17.609038
21.436455
23.713582
20.608767
21.824150
20.117050
21.540002
15.898594
18.163103
24.134307
21.704777
16.723855
20.082743
16.092281
18.271701
22.594724
18.825377
19.997063
19.346421
17.133395
20.797739
19.992734
21.089354
23.591813
16.879395
18.165749
19.317185
21.404995
16.809085
17.017359
18.811710
23.700600
23.106382
19.673389
18.709573
20.224727
18.600185
19.029839
15.695765
17.751157
16.288728
18.560183
18.406360
19.095328
20.047298
19.324199
16.717024
18.886347
22.045387
18.755252
18.367664
18.514997
18.076025
17.940854
17.468839
21.297894
20.240031
25.382962
20.138414
23.984150
19.144860
20.992100
18.858168
19.737362
16.388917
19.735988
20.269762
18.963923
19.112701
21.872007
21.415782
20.162057
24.301037
19.089978
18.348406
20.126236
24.703817
17.212529
19.012346
16.927331
17.809872
17.993206
19.331710
15.154013
18.308715
16.719967
16.140504
18.483746
19.464795
18.444476
17.131558
19.846745
17.800047
18.503514
18.560803
22.102728
18.700178
18.000321
25.660026
17.991442
20.066903
19.281401
18.599267
20.591567
18.754672
19.914499
17.532959
19.372966
21.017966
20.182636
17.742469
18.663334
21.594150
21.301872
26.164447
19.571413
19.630619
21.321069
21.132792
19.257771
23.606673
20.656685
21.257114
20.919328
21.077319
16.826655
18.453121
18.170373
19.459106
19.129801
17.113781
19.361813
18.163884
18.801628
17.958552
20.288880
20.243620
19.635335
17.810212
19.939364
24.954777
18.434679
15.979766
15.411634
21.184011
23.811041
21.170662
18.208739
17.792517
18.633660
18.248343
17.184816
17.203190
16.529759
17.303540
19.849271
21.548373
18.258224
19.331384
17.663990
19.797148
19.441642
16.740890
21.956367
17.209006
17.463765
19.480388
18.622767
22.820407
21.356274
18.931936
18.848141
20.446665
17.908146
20.897423
19.184008
18.161329
21.591512
16.393660
17.680011
16.752582
16.200126
16.957044
21.220829
17.281723
19.090461
17.903591
16.578368
19.754796
20.719935
22.003918
19.277784
18.637084
17.537463
17.728748
19.115102
17.722926
20.621653
19.064661
22.793994
17.437012
20.824371
18.124962
21.381306
16.777798
20.414253
16.009138
17.749454
20.126296
16.121176
22.079294
15.998454
21.658309
18.265751
20.257586
19.167115
17.073061
20.539453
17.570813
18.685168
17.306518
17.539439
27.208546
20.666332
19.644772
22.993162
20.665288
20.605635
18.876544
20.300956
20.002670
20.588923
18.217630
21.918074
24.185153
16.975696
16.688158
19.465992
17.501319
20.657441
17.664494
22.929299
18.547943
19.102292
20.861267
19.311519
18.712852
18.711464
18.852800
23.706464
18.196128
18.016594
20.115160
17.088901
18.197346
16.271162
17.214859
17.871805
19.316499
17.385015
15.878327
16.567263
16.361585
18.012431
20.461509
20.121222
20.526356
19.855065
22.214379
20.977954
16.773289
19.073099
16.139909
19.076161
19.194230
20.480590
17.767593
19.121149
20.954228
20.184496
17.567880
20.347246
21.078169
20.342371
25.968282
18.553648
20.476670
18.525653
19.596884
20.663686
19.838223
24.543643
16.705099
17.130644
18.655940
20.547512
17.371928
17.972457
17.929231
19.567728
18.024513
22.326484
22.829909
20.184035
21.418042
23.888528
18.877351
22.212175
20.960286
23.444869
17.658230
20.321537
20.583084
17.176631
18.096409
18.842329
20.621248
16.230695
18.528434
19.444239
18.355270
17.406806
17.314062
19.449989
17.809031
22.257730
19.159678
16.589639
16.684858
18.929495
19.323293
20.552310
16.312573
23.882536
23.145045
23.693661
21.427733
19.247125
17.959377
18.157945
16.849068
19.791459
18.986496
18.525363
15.421070
17.226640
17.651679
20.611064
17.610750
20.809214
18.968719
19.149177
17.158778
17.440583
19.131429
18.855572
22.710269
21.123560
20.693030
21.598808
21.402551
17.528839
17.178022
17.862630
16.249469
21.785947
21.306234
16.537030
