24.650125
12.759824
17.525628
18.366281
23.052856
14.767489
17.649445
21.163184
13.429333
12.324682
20.894531
17.400240
14.391165
18.787613
15.311382
14.627223
13.060890
14.363037
26.537394
21.799549
15.665533
13.265234
23.016789
15.032572
12.315135
9.941931
11.173904
22.549559
11.558487
17.333052
13.118139
11.691075
21.618896
22.263092
20.336978
14.891484
19.706678
14.605631
12.456621
25.529184
16.695733
15.701086
14.683340
16.128857
22.282966
17.850809
13.392544
16.087498
13.704112
13.616176
11.495995
18.353078
20.559679
18.299839
20.450563
15.923484
14.471723
16.520654
16.731798
15.056211
18.906804
12.665726
13.571605
29.138761
18.016543
18.893686
15.541946
13.631165
14.445437
15.525554
13.351494
12.615962
13.400419
18.122393
13.918692
19.323312
20.159680
19.892961
30.848481
18.073285
13.831021
17.471653
22.148743
18.772127
15.858041
15.436929
16.298845
17.318267
18.861474
18.385096
17.268752
13.538608
38.090210
24.629192
12.596916
14.711603
12.641070
13.495899
15.612724
14.145807
18.320987
15.342935
14.201218
21.909246
18.603685
20.706159
15.986315
17.736811
22.215645
19.529480
16.908516
19.918762
15.162266
11.869406
20.099387
16.480829
17.335992
11.848725
12.735500
12.828126
18.407157
19.979291
12.488300
15.096333
23.021779
19.678930
20.506140
17.346201
15.032962
13.195891
13.583636
13.545127
17.824812
16.480375
13.721741
17.673610
26.709011
13.999448
20.185311
16.521003
13.332114
19.736181
15.244415
21.402262
17.746152
17.949614
15.278945
22.701622
17.895594
14.537664
17.102661
16.169119
18.243946
12.079920
16.597274
24.087602
18.699439
15.364739
25.739910
15.568838
22.497462
24.352028
16.432621
12.516974
14.684441
19.514477
15.242411
25.498248
26.704582
23.913339
14.505775
21.622561
15.803192
13.619967
27.331141
13.450356
23.339095
10.902603
15.414594
11.430963
18.431007
22.158365
17.894625
14.267898
12.723990
12.181627
26.874418
17.427347
19.787236
15.991561
12.346639
14.913275
14.168026
16.999796
17.951444
19.235649
16.052079
15.091704
20.388589
28.813017
21.604598
17.399786
14.209227
16.353817
16.997637
15.931294
15.500132
29.587840
13.607048
18.551971
31.949406
33.698626
17.169134
19.250444
24.917352
11.837241
16.311452
11.309105
15.498006
21.156510
14.449224
13.197349
12.522735
23.615783
12.560319
12.066059
13.278722
20.051254
13.263159
20.114015
14.165018
12.513298
13.426642
22.964855
14.702875
15.776378
14.119567
13.962582
19.977720
17.371520
13.077319
18.461366
16.336661
20.627740
18.539562
21.579119
20.827613
16.074119
19.143312
18.699030
16.964024
18.353958
15.468751
15.388273
15.341557
13.805871
15.948168
15.281263
22.143588
28.619667
9.699800
23.695859
13.016505
13.613834
16.646151
13.509381
14.236399
20.405886
22.326705
11.105081
18.060808
13.183309
11.502607
15.313939
14.871973
18.397641
20.001592
15.548859
10.954268
13.585466
18.251497
10.543866
13.839929
20.901537
30.214648
23.319722
14.141477
15.241967
14.094347
38.216191
18.139229
16.060586
22.076477
14.808207
11.889052
14.984445
18.364331
15.513095
20.551261
18.802250
17.521046
34.288025
14.807338
14.350465
19.630292
26.109438
22.185772
18.374923
17.508776
21.859983
13.270590
15.566152
21.513649
14.035876
12.708837
13.030175
17.021449
23.299232
11.980988
19.346512
13.132470
14.760472
15.345737
16.476284
13.329730
17.324662
22.270013
14.755861
10.100942
23.981722
16.427354
15.003233
21.586811
13.988585
16.885348
11.000900
12.938597
18.218451
16.862056
11.661451
12.013174
24.656975
15.877234
17.803444
17.192158
15.284844
12.548222
30.587332
17.206203
16.933986
17.387294
15.341869
20.732057
12.751018
17.562145
20.358869
19.028892
15.392182
16.347352
13.320998
40.104375
26.706581
18.843714
11.015356
13.949453
16.302177
18.656040
21.178756
15.114262
16.518585
16.776676
18.840731
16.083277
14.931418
13.171622
17.146834
19.862380
14.273313
13.558628
17.876794
17.107633
25.251680
13.683442
16.830805
15.219005
23.568134
15.257754
14.261912
24.102252
20.235070
15.218815
14.995440
14.122698
12.721594
17.254034
18.942560
16.041007
25.093893
19.376912
13.197905
15.743033
15.051425
17.904252
13.748313
15.334818
14.938705
13.608445
11.214487
12.993985
13.992003
23.159986
12.855968
22.006407
14.292912
14.418985
15.373288
19.200132
12.948023
16.598609
13.749711
14.366778
16.754615
14.207233
23.409651
14.234159
15.529163
17.091890
17.956410
26.258165
30.375614
11.365418
21.420476
16.685076
21.641909
16.585878
20.005087
15.284970
12.574371
19.391755
15.011490
15.639707
17.240616
13.776865
15.345462
23.496337
17.601905
19.758051
21.908427
30.934103
16.869009
18.254825
23.558022
14.176208
13.120917
11.524607
11.120329
15.906090
14.173511
11.203903
18.936584
16.909620
16.266474
15.568659
21.998586
12.819077
20.969285
15.096851
13.581090
15.859104
20.937524
16.806682
25.464782
14.975061
15.868100
12.002997
21.921430
12.460294
18.112407
10.795652
22.716089
20.075210
22.822878
18.707511
22.168138
13.699019
16.290990
12.305200
17.007102
19.358513
12.895607
21.906776
14.394966
15.353285
20.709574
14.443596
24.479560
10.447309
25.822362
23.408746
30.243422
16.108176
21.963893
14.351451
22.912315
21.215123
18.026713
17.173235
29.341189
13.798603
13.862024
15.019372
21.158946
17.004205
23.592282
18.194967
12.479201
15.794908
24.441013
14.483928
14.721116
17.752089
14.356705
13.228588
17.191584
13.295978
18.085670
18.483218
19.317645
15.484722
19.106760
20.337364
12.835977
19.813097
23.523008
10.441234
21.774188
19.254384
15.787147
19.838475
13.651550
17.036845
15.956830
15.759121
17.170030
13.583317
18.106320
20.301127
17.918996
14.813826
12.876851
14.712015
23.909758
23.532440
16.480866
19.212043
14.775717
31.007506
22.565942
13.719192
22.051616
16.221896
12.683130
14.285393
24.021099
21.864083
23.425180
10.879981
17.507934
11.419433
21.745967
10.890324
20.254662
14.869992
19.929680
17.270593
12.822169
13.514149
13.101379
23.692150
18.989282
12.855205
17.848289
17.959746
31.831743
14.037894
23.847702
16.066650
24.009653
11.809530
20.946238
12.065419
12.420292
37.518005
13.947564
16.190366
29.354629
11.919637
15.255740
25.049073
23.965882
17.148076
17.271321
15.586451
12.520886
13.167867
14.840201
16.035175
17.294437
15.157365
15.529341
12.422061
16.634300
11.102055
27.806362
18.690449
14.622704
17.128137
13.076361
13.291479
22.572290
16.390961
13.702386
19.836631
18.668916
11.032438
10.923307
18.617096
12.623307
15.248511
28.359054
14.321532
17.406869
16.830327
24.742614
17.162520
14.927976
14.498839
13.906880
18.339266
12.561812
12.938093
15.420067
23.063966
17.842734
15.210435
14.514969
12.669687
16.862790
7.987501
21.254594
15.642584
22.061406
13.204061
23.124858
22.885119
12.925584
19.586962
15.127820
26.581270
12.196771
19.349946
21.110626
10.906535
31.560024
15.333538
12.283614
20.140418
14.902816
11.026082
13.588307
15.887600
17.088822
14.984875
18.592190
15.306948
16.974311
10.531474
19.281877
18.586932
14.404815
11.998981
19.652676
20.632379
39.798980
17.484258
14.236617
13.426260
15.931244
14.044769
19.241279
17.368174
14.413184
15.456732
24.006866
14.875328
15.213169
17.447477
12.931054
20.544718
11.566320
19.211219
14.396828
16.485949
14.258664
12.635358
17.863297
14.617950
12.738652
19.342027
12.559445
14.641571
19.403524
17.232429
15.355808
15.706064
16.386706
20.421674
11.072386
12.863137
21.733837
12.684146
17.097774
13.189907
13.529074
24.808763
14.740922
11.735965
18.425517
14.742541
15.344077
11.856744
21.277587
21.727921
17.120373
27.196511
20.989100
15.629795
16.751746
17.390096
18.954506
11.378388
20.015760
17.840727
13.688492
11.493492
16.491184
16.052016
16.589266
13.789093
22.933331
17.432108
16.271978
21.078620
16.790460
14.736310
20.348223
15.827223
14.032175
19.269700
21.709104
17.923337
12.604817
19.682343
12.265162
15.688847
14.457143
22.389692
14.498258
13.725123
17.938611
19.162972
32.877458
11.547748
11.722635
15.137923
16.844731
21.839841
22.118018
17.586524
18.685427
17.161149
29.679832
15.124104
16.952789
12.289397
19.198143
15.204855
15.375868
25.408482
20.583336
21.859260
16.991363
20.198476
16.246101
14.179623
15.373630
11.436842
19.614769
20.515228
22.425366
15.636789
15.414830
12.930999
16.163759
24.251993
13.064343
24.132441
22.647078
14.916336
12.460829
16.539889
19.165103
12.563668
16.194618
14.044953
32.426984
13.770413
20.819042
19.565295
16.123612
16.681957
14.016474
20.957519
14.950528
19.959341
14.822084
14.335307
17.879672
17.031459
14.700132
18.697106
21.569734
14.584401
20.231276
17.580769
12.089281
17.977984
21.914249
19.999043
19.179704
18.759354
12.751266
17.129731
23.313919
13.954849
15.322219
25.432669
18.103538
13.121540
14.530092
14.150782
12.883743
16.947757
14.533970
18.118688
15.058477
25.317037
18.378735
16.838479
17.536466
18.831266
11.430784
21.481373
16.259669
13.400914
13.452222
21.545779
17.391798
12.982091
16.749390
19.715080
29.731841
11.413769
13.735055
17.060646
25.125640
20.851670
20.279502
17.152988
16.645319
17.573674
16.250130
16.296933
17.106764
10.244882
11.547042
15.095790
19.054317
25.771636
16.816866
14.846771
22.728511
12.525042
19.636864
12.157018
18.276064
14.121810
11.845247
16.936561
33.212056
14.290829
11.916826
12.564247
15.016902
13.858744
17.207635
18.121089
13.900840
24.367239
15.132238
11.064272
20.599757
15.365690
17.581608
16.077279
17.098212
20.202570
15.875210
15.157501
21.698766
11.030850
19.778806
15.122261
16.073710
14.638203
25.492670
14.189939
19.627978
15.705559
16.520485
18.135216
18.022066
16.630923
17.593958
22.441233
9.776691
18.146061
13.050450
16.600308
24.203781
17.319937
11.780245
19.361977
13.175892
15.083398
13.867445
13.319169
13.333397
17.231329
15.003935
13.286240
15.849790
14.051577
18.147905
14.120054
32.673348
17.312212
22.617495
21.156339
23.452091
13.364482
10.864620
11.374396
13.637609
15.662935
14.013844
17.797398
20.581960
26.188292
14.565694
13.428754
13.987643
13.947020
19.271201
12.379140
15.086059
11.544069
14.821813
11.000464
13.278724
14.355519
16.164304
13.969750
17.276387
13.982906
14.184975
23.529203
13.718973
11.762318
16.848822
19.409825
23.221824
16.053195
18.029722
21.348482
15.787217
16.498336
19.830276
10.268311
14.638680
