12.819892
9.898576
20.698007
7.938977
11.491998
7.256825
6.986872
13.571768
8.015904
12.703216
9.410170
7.411670
8.446345
11.869805
13.132770
6.198309
7.028863
16.096027
9.184026
12.569841
17.847764
13.496011
13.039663
8.203494
16.388052
16.137317
15.390670
12.721293
13.647103
8.832632
13.869161
17.726068
9.413710
13.280462
14.730386
10.216908
11.536870
17.247641
8.804612
10.006714
8.362427
7.507159
8.841550
8.883575
9.211515
16.499303
6.441369
14.509892
13.720491
11.798727
7.858004
9.055564
13.096488
20.446791
17.167560
11.059961
6.162722
7.056442
12.315427
5.939583
9.997164
7.284023
10.020685
12.119808
13.156800
9.082464
15.213816
7.228436
17.726488
10.531860
7.209785
7.309162
10.840434
7.240696
7.172988
5.332220
13.264177
6.347345
6.233788
7.683953
11.730806
6.349798
5.967615
14.144830
9.444379
13.148002
9.322645
13.767869
11.831380
10.747557
13.655698
9.106072
15.988838
14.208213
5.234394
25.908187
8.211837
15.820888
8.586753
17.757542
12.975171
4.901542
8.147840
12.987985
11.773322
9.435903
8.006982
9.777145
8.814248
8.427059
11.203501
13.931100
7.300297
7.644236
11.761688
8.699950
21.314709
7.568905
6.731188
7.901026
7.835420
8.568418
11.871374
7.102655
12.417258
8.219618
11.999287
8.926384
13.943846
7.844619
9.380760
11.868720
11.283321
12.104315
9.713688
13.596229
11.785922
8.094346
11.109448
15.842845
11.134781
6.628747
7.665159
10.219028
9.247325
13.989048
7.623419
11.164311
9.167039
13.696151
7.379153
5.691806
20.195585
7.914578
10.574752
11.232051
9.719228
6.567012
12.567848
14.218870
9.209295
13.999609
8.451435
7.924090
13.272056
11.237647
19.878564
11.964266
11.201409
8.645551
10.891273
17.071002
15.945741
6.413837
9.545873
17.853454
13.258505
12.775141
19.622999
5.958555
12.053987
8.518850
11.325390
9.350804
9.568622
9.107791
9.032643
23.019866
11.986784
8.564805
5.104765
12.828642
14.887334
11.272869
6.550986
5.070710
9.975612
7.929720
14.568942
13.500766
10.127457
11.291013
7.066227
13.935298
11.650218
7.826895
7.078519
14.741016
12.177709
13.360804
9.021068
7.691884
14.799116
11.226222
9.041694
8.383739
8.419490
8.233160
9.707574
8.745206
5.673826
14.458122
13.400292
5.488246
9.165960
13.221437
9.334449
8.791869
16.177930
22.754520
12.408810
6.175931
22.554323
7.082806
9.736324
7.644927
9.168192
10.978463
7.933659
8.921374
9.586938
17.384775
9.592053
10.772495
7.089244
11.537098
11.605115
11.724170
11.485394
10.673865
6.423582
14.920413
7.049918
17.352311
9.844990
8.042881
10.078308
11.974023
10.760199
15.741929
9.733268
8.891808
11.540768
7.503459
8.567964
11.209994
10.748391
6.862563
11.601028
5.833672
9.702422
15.047949
10.505634
5.637743
8.686814
10.091368
8.908558
15.478181
20.358081
18.592845
13.352400
8.525929
11.931560
10.336951
9.512537
7.586313
10.972606
12.673023
14.071872
12.358990
8.992574
7.527227
17.606212
8.275051
14.375954
9.743985
10.814679
6.836844
15.092591
9.635349
15.573581
5.497595
12.688734
12.121595
8.051524
10.157273
10.427368
24.366599
11.836831
16.615227
9.871250
9.814887
14.816451
8.593922
10.457655
11.400730
13.719813
13.362402
11.710397
16.706067
10.082740
12.220249
15.859723
7.424914
13.554131
15.248872
10.084787
6.188798
7.377863
11.607184
6.731066
4.505452
11.175835
14.611263
13.233445
12.010389
12.526303
10.312466
13.357877
11.305436
8.058317
11.615465
10.052149
10.344122
10.617713
11.996557
15.988117
15.107364
6.071886
8.033939
15.833436
8.566203
12.213050
10.249614
11.820955
13.116203
8.651754
9.209897
10.012475
11.178284
10.660449
9.024073
7.867753
6.873342
14.238061
9.505522
9.035716
9.408465
10.046809
21.840916
9.922576
10.023294
11.900593
7.761973
13.146290
18.676304
10.100544
13.887709
10.205939
13.575807
9.224071
10.291359
7.053491
9.441199
10.092500
12.423144
17.539903
14.609752
15.787773
9.671804
6.280878
10.162151
10.004864
6.712202
9.495716
17.846027
8.288097
8.828827
13.280949
27.605878
18.340232
8.335307
11.187948
5.507830
10.502336
7.793414
10.969112
6.568724
6.474306
17.350298
10.453218
7.178714
11.080894
6.373971
18.364576
7.571034
8.248422
10.464626
8.943724
9.730019
9.750369
10.593066
12.801574
5.086327
10.243735
11.752978
16.148357
7.940793
7.893361
9.180542
10.329346
8.391305
8.055510
8.190917
11.641040
8.224008
8.150279
5.570461
14.775727
8.880480
13.895542
10.004512
12.192998
7.695991
11.767921
9.660370
12.226179
12.600153
9.816756
17.205294
9.912710
7.003871
4.718277
13.693765
5.823555
8.371497
11.534484
15.065133
5.984456
12.928996
9.170504
9.678906
12.634841
8.780439
12.191519
12.368184
9.795183
8.403861
9.385954
8.103805
6.640947
10.901261
11.234606
8.447205
12.569558
6.702641
8.664899
12.180742
14.947706
7.897494
13.845488
10.981980
14.688333
10.980753
8.757370
9.084431
13.177482
20.348609
8.344039
12.837660
24.001283
6.741116
17.806763
11.563284
6.516507
12.351302
6.961849
12.870681
18.775229
10.207981
8.047788
10.802201
12.952878
11.557576
11.056903
12.940081
8.848296
12.799541
7.936781
5.288282
15.465725
9.878454
8.369883
13.985758
16.174057
20.313569
11.855141
13.265860
12.239078
12.308771
14.072272
5.737885
11.185446
8.448464
12.117348
10.731613
8.341021
13.440567
7.927624
12.643930
9.040614
11.188609
8.446399
11.646144
11.899989
8.829970
5.930568
9.000373
11.580652
11.871941
14.769612
7.097886
17.199611
13.753301
10.063726
10.384178
9.406977
17.951077
10.996659
7.036620
11.941969
12.038626
11.502575
10.793977
11.889633
12.044708
14.302675
11.476397
15.632439
11.707760
13.020602
10.806008
9.906069
6.264925
5.741615
8.934756
5.464029
10.306204
13.994631
7.145468
17.172599
6.854054
7.331421
4.880327
10.356930
9.376493
8.802357
15.078903
6.111803
8.912055
9.748528
20.819665
7.375513
10.649534
8.033372
6.436525
12.986202
7.802008
12.217907
14.335326
11.080337
11.483499
12.906503
5.584919
8.984650
11.337271
10.265581
10.129996
14.084026
8.450110
6.150402
12.428292
16.813057
13.540115
10.303373
13.996313
14.925329
13.311620
11.384130
14.791048
11.592018
7.443521
11.769800
8.688581
8.157566
11.053970
8.906555
10.694386
11.635079
10.811953
16.358940
9.908907
5.659272
10.099611
9.054526
6.475192
10.097328
11.643071
10.190493
13.238863
10.601640
11.884296
7.968677
11.945902
15.912913
5.811289
18.222940
15.212014
8.726919
10.626624
11.201304
8.084267
12.311931
8.785783
12.754604
11.016306
12.799784
11.038436
21.079539
8.745042
12.112435
5.902214
13.155038
8.221693
15.917811
18.314335
11.866738
7.976634
11.598734
10.958064
13.875133
9.185335
8.288536
8.937721
18.788885
12.140948
10.361914
10.125458
7.819074
13.667218
14.382943
15.421436
14.344212
8.401020
10.095193
11.207206
13.272415
12.435327
10.597811
7.054718
6.428048
11.353844
13.622018
10.090136
13.704705
18.190912
10.419799
10.266419
8.299832
8.844669
12.457388
6.720575
7.810320
12.023187
16.543599
19.143279
6.936125
9.439282
11.953167
8.266573
11.631471
7.671751
11.860696
7.434936
13.322209
5.938415
8.923694
8.108136
10.621846
7.926526
9.765813
11.301048
9.003405
8.322555
6.246482
7.307972
5.931836
17.417219
13.256671
8.672102
9.172589
8.453972
10.786066
8.387718
11.908559
9.276165
14.293706
22.459810
9.159570
10.567223
7.495113
7.433967
9.434764
10.018265
10.570603
13.264317
12.595945
8.293984
9.611066
9.229452
8.843733
8.333416
11.938454
9.639292
14.540668
8.977107
6.360603
7.680929
7.792829
15.467615
10.298881
8.656115
8.793808
8.587397
7.900977
8.213604
12.524151
8.719257
5.967494
12.194150
16.309394
7.293735
15.354919
7.132977
13.556804
11.574851
7.366847
5.786294
6.426808
10.744297
8.160858
11.565945
13.556787
6.599002
6.541542
13.855749
11.866010
6.435938
11.672743
10.250077
7.764253
7.133936
9.674465
9.877683
17.517372
10.672155
10.380340
17.351478
17.479976
11.024919
10.201919
10.056460
16.716259
16.593239
8.056503
14.658790
8.403666
10.828980
11.024744
6.820516
9.940007
8.525023
6.017323
11.245469
6.909591
6.496959
9.857975
11.148191
6.871041
8.785555
7.231338
23.641750
16.876789
10.642040
12.386459
9.600907
13.052905
7.373216
7.873982
12.253263
10.773121
10.853362
10.770772
7.334804
16.236345
14.870866
9.113144
10.398217
9.710350
11.264675
9.808658
11.801566
11.371712
13.364151
9.857222
10.962159
6.836980
17.068557
18.749042
7.091916
10.725261
10.611068
8.590344
5.689807
6.946113
8.619506
9.880969
11.805201
7.974824
9.276015
12.163171
7.504204
6.704557
14.468430
10.854768
11.954107
12.334311
8.038147
7.238139
8.501515
11.449600
12.134834
7.909871
6.648997
8.897619
12.163100
19.704520
8.104932
15.375808
20.253541
9.782186
9.366900
12.279814
12.333132
6.885322
16.570227
7.708070
12.146327
5.870247
9.397713
15.350979
12.073607
13.742906
11.598067
11.403465
13.432198
10.817980
9.523901
8.422806
15.691728
15.919558
6.481531
5.834245
7.966089
13.972757
19.103429
21.303800
18.554026
12.174137
13.390250
8.766580
6.758608
6.942602
9.503040
15.900381
12.315952
6.034019
13.723666
13.662507
8.644450
11.068918
10.701807
12.628131
12.275760
8.425726
12.064188
5.809697
8.757710
7.188966
10.671812
12.856642
7.290022
6.909074
12.455830
10.263991
12.421531
11.717567
15.849289
11.615062
16.015638
8.939938
14.963356
7.258562
13.742335
10.401255
11.709539
13.098968
10.574616
7.670267
13.293751
10.830877
10.243030
6.154971
8.532028
13.655671
11.778770
10.894206
8.919889
6.127860
8.992707
10.679596
10.224502
8.281792
5.423568
14.376076
10.575080
15.028664
10.161515
15.951157
10.109166
13.125300
8.358074
11.386353
10.139161
16.751624
14.599499
15.259605
11.643451
7.336564
15.104906
7.526315
12.231833
10.032493
12.151160
15.144832
9.215735
14.221041
9.633676
18.258715
11.430433
7.802630
13.625027
16.553625
9.071008
8.136667
8.555241
9.371553
11.196003
23.148636
5.810034
10.923554
7.881305
10.820008
10.241287
12.998473
14.958026
13.468668
12.205915
15.448618
12.093977
