19.022972
24.463984
16.361151
16.830354
15.179831
19.614498
20.981495
17.633193
15.846599
20.170705
18.785797
16.643824
17.184654
20.430024
16.293479
16.202572
17.118388
16.481043
34.484199
17.620616
16.390175
13.656438
19.572755
16.713446
14.235273
15.527536
14.099252
16.695746
19.908256
16.653678
19.082601
26.519502
19.752042
16.955751
15.571748
16.612224
16.409648
19.816131
26.198464
20.018956
27.502429
15.304612
15.197207
19.174540
21.513926
18.522963
18.387033
13.017348
12.349466
15.679930
17.176642
15.621442
20.274056
30.261110
19.683414
20.405504
20.408362
20.778023
23.245179
16.173556
15.846459
19.891302
23.064391
18.063783
14.474127
20.384071
22.859051
15.616776
19.203373
15.745790
16.560871
17.335325
14.344287
23.790769
14.132082
19.546960
16.254606
21.186926
17.445016
23.234590
13.999011
25.133943
20.291149
26.357134
20.797825
16.131849
17.453005
19.227982
20.130390
14.613048
20.321811
19.030835
13.726215
13.242802
14.227622
15.369066
15.383721
18.630681
18.807756
17.499429
14.025480
18.496200
13.235772
12.034582
13.773411
24.857676
16.947760
18.643811
18.002731
13.486632
17.324602
19.277397
16.176590
18.360288
26.011030
18.337758
16.828365
19.805645
18.297247
18.592735
13.577622
15.639626
15.626612
18.826278
16.374609
14.316235
13.869788
18.304717
19.492514
16.143155
22.172424
16.067227
19.730038
16.769423
16.870402
17.119971
14.820233
22.643187
18.132533
16.173741
14.977477
16.736864
19.982738
33.278731
24.574033
14.258407
16.041996
15.796197
17.063801
23.835017
15.874303
21.884565
21.535649
15.261274
14.075150
13.110506
16.160612
15.149609
18.103640
12.713669
13.472535
15.470617
20.295668
16.170400
21.950228
20.188815
15.763592
23.066433
18.603398
20.394032
14.793768
14.585853
17.995429
17.608858
21.761412
12.621370
19.237076
16.326910
18.419068
16.726492
16.770012
22.364093
19.304937
17.929597
17.987177
18.116292
12.282412
17.074683
17.877102
18.562065
17.750568
18.514705
21.215231
18.479003
24.822127
14.238307
18.382628
15.322294
20.283435
20.173848
22.666472
27.056893
13.200985
14.693726
19.146788
18.115531
17.760314
13.775593
14.434881
16.507268
16.344076
17.763691
17.169562
16.664991
21.340304
18.534502
16.990836
11.503755
23.582628
19.770809
17.348009
19.251316
24.620264
20.227183
20.371485
11.979986
18.804179
14.737722
24.438983
12.213563
16.628936
19.582508
19.421558
17.653396
12.162864
13.560859
23.962275
17.346248
14.418753
21.691970
23.932188
14.970050
17.894355
16.668412
16.371984
15.916254
17.169438
38.510438
19.464143
27.246659
16.121915
18.592209
17.928669
15.354328
14.382238
29.230206
15.760378
16.627561
23.046156
19.581940
13.762354
16.162583
15.935255
26.860665
21.772580
16.023452
17.350792
17.880436
15.737827
17.569812
23.020540
16.986197
17.452885
21.593730
17.073978
19.659523
23.387801
15.473916
17.915398
24.197550
17.715264
16.093187
15.926434
16.506291
17.035756
22.484944
29.514941
15.455156
17.747143
14.109808
13.684350
25.241521
15.903549
21.432583
24.379717
16.466044
13.045955
15.568885
13.660994
17.704000
19.771683
20.376605
15.178669
18.900342
18.945136
28.811804
19.255535
15.409523
23.839707
17.394613
24.225024
15.720712
18.532844
15.757807
22.012470
11.920904
18.503083
21.585534
16.927419
19.366326
22.283430
17.594470
26.612883
18.884983
16.777920
25.032693
13.834244
13.397533
21.526651
14.728230
23.923061
16.675839
19.572138
21.517613
23.061769
16.408855
20.757500
18.665975
17.890745
25.672395
18.878769
14.190857
25.282143
18.913189
23.926325
14.495692
25.289814
17.798851
17.865860
23.780684
21.836680
21.633009
19.220169
23.277727
18.052439
16.415456
21.463777
17.696979
14.559276
14.495347
32.322834
24.204413
14.465520
12.336889
21.889586
19.830738
25.282460
23.390979
16.270621
20.725014
15.734067
17.601839
13.118758
17.352385
14.963130
17.263221
22.970272
12.409031
26.517765
20.201629
23.819872
14.839087
20.898405
11.719978
15.471612
22.696653
16.226030
24.247139
24.150531
18.441689
16.548161
16.216155
17.815649
18.674596
16.814719
22.510545
20.242135
14.426788
16.813556
20.872250
23.973426
19.676854
17.174464
21.707510
22.248991
15.079985
19.892619
16.163955
20.250252
16.620536
16.239458
18.053967
21.336889
13.275699
19.842363
19.304318
20.705450
16.732805
18.231567
22.097915
20.993723
15.360881
11.891361
19.210004
15.063430
24.723221
21.015139
15.105040
17.061081
21.649464
16.183079
13.186829
14.904526
15.018911
16.963684
16.674290
17.832283
15.644987
19.394068
18.225389
14.140284
18.257448
19.659575
15.447655
17.528321
19.562113
18.386631
14.689675
22.434596
19.196695
14.583828
14.165867
15.066486
17.074358
22.366118
18.640002
19.032940
24.608608
26.076439
18.588782
25.869064
20.633601
14.522493
23.899264
24.239262
20.690743
22.499788
16.920415
14.836073
21.540996
16.405380
13.182650
17.256999
13.256100
19.488149
12.258868
15.044903
26.880356
14.713608
20.272829
19.254214
15.380578
19.511022
15.453470
17.768410
12.852003
13.445984
22.366048
20.309206
16.776042
17.027603
18.833191
17.404464
17.690463
15.074773
14.980248
18.202698
20.703251
17.967300
16.269031
17.864658
12.952138
24.173035
22.068900
16.627480
21.571445
21.162211
14.909800
12.809287
14.374919
16.608666
16.479004
19.515688
16.685898
21.755458
25.528396
16.513033
19.315174
18.149910
16.568971
17.955283
17.493114
18.802087
21.440091
16.306309
20.465741
18.371499
20.036086
14.601598
14.406725
14.466832
17.616425
18.273422
20.548933
17.457889
19.006892
12.151852
15.337064
16.317134
23.009453
14.650681
22.767548
19.491189
29.758842
24.004846
20.678004
15.897942
15.262249
17.513618
23.797796
21.417785
16.488887
14.738582
16.969420
11.509921
15.397229
12.402436
16.148466
16.762719
17.436920
14.374122
17.286240
30.138625
16.248201
15.505515
17.357966
18.609109
19.031262
16.769560
23.073054
17.287020
26.812099
20.019645
20.527584
20.163775
19.655400
19.370631
13.668419
15.368307
16.523098
25.428334
14.572451
20.691268
19.990029
28.503094
19.902352
23.628609
19.082157
14.986504
19.354427
15.983367
19.561041
22.612688
28.744142
20.885530
26.387714
18.627777
15.099015
17.073792
18.039784
18.310215
17.922737
14.556990
13.635876
15.102132
17.210973
14.919714
18.785625
15.393373
15.305829
17.267875
14.934701
13.244883
14.790891
25.106873
15.194923
22.538105
12.190375
16.359846
14.815380
18.557326
18.034348
20.491905
14.360224
26.927509
16.277566
20.462945
18.038077
29.726081
15.526933
10.871847
26.214905
28.506960
18.415491
17.766660
16.031168
17.450161
22.150903
20.562475
18.403624
20.429483
14.179354
21.323025
27.883141
15.772243
20.120630
30.424852
19.929322
16.232982
16.962478
16.026684
22.739313
15.459291
21.429894
19.187489
30.620295
18.495722
12.065846
17.370858
14.910178
21.489527
18.741149
16.329419
22.377560
22.713788
23.128036
16.268421
14.117280
16.118266
19.811887
23.056015
13.876446
16.826287
12.626260
14.373822
16.803752
15.202129
15.323408
16.040464
14.003495
12.451615
22.623528
19.843434
13.956188
20.409574
17.932424
23.490356
13.527795
16.675238
13.695217
13.708144
16.458750
19.880168
22.671993
13.901253
23.192973
15.941876
15.285462
23.232285
25.540563
17.746261
15.936611
17.264187
14.996954
14.386212
15.678593
22.315701
11.969522
14.691810
17.163932
15.024673
24.280573
14.726333
16.160459
13.442843
19.295939
19.093955
24.761874
15.962776
17.651174
14.664072
11.682143
22.877369
14.555975
15.463898
19.008114
27.101946
24.343854
15.220838
13.266361
17.263502
20.475833
15.610407
14.756833
13.954807
14.282816
18.947370
20.060631
26.932693
21.434001
17.063569
20.778110
19.866186
21.206758
21.745914
21.189638
17.129282
14.211536
23.901174
15.479059
19.015203
22.656029
24.678286
17.667864
26.971052
16.535344
23.781561
19.139111
13.077008
13.796462
23.688205
23.303603
16.083631
20.326265
22.639809
15.070683
21.141148
14.342694
12.554761
17.197724
17.753582
23.537612
16.189518
18.692233
14.937595
20.411092
15.702338
12.869534
24.253936
21.191721
16.461536
19.326111
14.983133
14.697881
15.753723
19.099127
17.008379
13.845477
20.453963
22.102938
17.402562
19.430941
13.290732
21.376190
17.815926
22.075590
18.532025
14.082021
17.412643
17.230935
26.120519
20.295587
19.421082
23.805088
14.111049
16.319128
23.530620
15.478347
11.764364
13.102161
23.325410
18.538231
14.392383
25.051690
12.859719
15.903256
17.255464
18.976815
21.978376
14.794640
16.483731
17.103011
17.591151
16.463206
16.627006
17.993745
18.881090
15.161061
24.101959
19.453269
12.991737
15.651607
20.429208
21.835118
21.133680
26.117855
17.810524
13.613269
15.098590
13.995567
20.260964
15.939643
16.393915
17.986808
15.282746
17.918264
18.527368
15.737889
16.997793
20.442118
16.093561
26.253175
13.415549
17.881895
19.563059
15.349464
15.035152
20.475685
13.928817
26.748850
16.760352
16.959231
13.498975
14.642201
22.791523
21.076138
15.308399
15.281170
15.663695
20.073345
18.156044
18.042623
18.778162
26.903085
17.416564
15.810639
18.010032
16.449823
15.453677
12.946732
14.185568
15.699350
17.716261
15.841119
17.779001
15.024790
22.458232
13.625173
16.547873
15.574138
23.277999
21.719718
19.052998
18.583930
21.188404
15.056889
20.263393
17.297038
17.502975
19.636118
16.210518
17.393837
18.037070
12.937607
17.854842
15.242379
17.392685
16.308439
15.040846
13.088339
20.497630
15.225630
15.996832
14.913782
25.923973
26.901020
22.352470
13.444963
26.479052
14.897597
16.194188
22.830028
18.219264
18.878781
16.568948
25.398631
15.543092
17.202788
18.410762
19.930097
15.733516
18.581624
17.058159
13.948815
14.995975
20.009779
21.403467
21.524071
16.739720
19.701370
17.336508
20.623756
16.099079
18.574202
17.216485
14.251829
20.475681
18.246583
20.034656
22.195606
19.722286
20.488712
18.800070
15.149415
27.643851
24.415461
17.397648
21.530461
16.412018
18.207548
16.348866
22.337988
25.003925
17.330896
15.737002
18.263878
21.456849
16.764014
16.662628
13.160630
19.838021
13.790887
20.816191
27.566852
19.066396
16.655299
20.094122
13.671332
15.782307
16.209179
12.943276
22.144187
18.850511
23.088648
19.412636
16.552255
16.146888
12.923370
22.878080
17.657169
17.182381
33.438231
21.206915
20.537415
18.119573
19.313893
15.925424
14.262395
20.883982
22.715657
