21.671657
19.595640
8.369325
11.082890
7.552173
8.681521
16.849964
7.665992
10.834135
11.914387
22.181337
13.467235
16.916945
27.766313
13.416170
15.262893
10.307632
17.524165
9.900223
23.979958
8.647795
15.250027
9.077930
9.678285
18.424985
12.354100
10.941897
12.643051
10.989483
17.371931
9.357686
29.492146
12.534249
14.076252
14.804330
16.504182
13.460781
14.199102
9.970309
8.245091
9.139645
15.481633
11.691982
16.420247
16.698158
23.077560
13.080874
24.596767
12.495075
15.233301
11.836395
9.848247
11.309287
12.108642
20.902351
12.740503
12.168589
12.881924
9.566079
12.223569
9.359449
12.633877
12.789354
10.590530
18.862126
21.879158
7.160231
12.024743
9.567081
13.825154
10.095327
14.425416
7.201950
12.943965
13.693371
14.076752
14.144905
9.600751
12.645852
12.734650
7.682712
19.791151
24.186646
10.026526
14.009454
15.629211
8.421648
13.832889
10.691761
21.219894
15.194529
17.127374
13.543818
13.594091
9.304268
11.939484
10.238904
13.722990
10.212265
11.703749
15.458636
7.893950
10.112025
11.583110
19.571428
9.512280
8.110422
11.130747
13.711902
12.035800
11.035743
10.501842
13.668280
13.561006
10.184680
14.612177
9.895229
11.599571
11.108067
8.334395
7.256484
16.775509
16.142431
9.601106
14.351334
9.862664
8.986205
11.703280
12.400339
18.711202
13.487855
11.542038
13.042111
13.247608
7.349617
11.095570
8.535929
21.188962
19.015391
7.869524
11.180936
8.901413
19.296088
14.772210
10.733041
9.323002
21.543938
18.689047
10.363107
16.865888
10.557964
15.230199
10.275358
10.701339
19.626266
13.714785
12.018706
11.167557
14.544009
27.093529
18.228316
11.462722
10.685183
21.182402
15.890427
14.810492
16.783073
18.145685
17.515252
11.593389
9.913757
11.124143
17.035050
11.754813
9.797294
9.406757
25.228612
15.566014
9.602402
13.645669
9.205986
17.579951
12.594667
13.872081
18.969524
14.053366
10.086183
20.764020
7.551659
11.381499
8.667447
11.446135
8.893116
12.347458
21.418017
5.886054
13.622578
11.964050
14.943132
11.030912
7.145340
7.828999
9.242900
10.234449
9.899832
16.630420
12.310546
9.810154
8.964165
11.758995
9.541219
10.501629
11.280492
13.729353
19.555113
12.746552
12.435192
8.999357
18.749058
9.811878
9.314118
24.115763
7.609761
13.396050
10.590368
13.901148
14.398966
10.465104
9.423918
10.572139
12.042977
13.114606
8.109774
11.600681
12.629864
18.865116
15.122998
16.326761
12.049393
18.417283
11.801394
13.624050
10.700505
11.557472
8.981266
15.429549
15.281068
16.896652
13.965360
10.294036
14.442981
19.461121
16.442974
17.292928
16.613427
13.997327
11.763921
14.852374
7.109925
16.188013
6.929122
14.540906
14.611740
10.995010
15.703670
24.926515
16.031944
8.959292
11.517870
9.720438
17.114057
11.618657
12.812521
12.583524
23.998133
8.653685
20.606399
13.873100
13.670452
10.426448
8.555162
15.840738
13.762662
8.067858
18.390142
17.046109
11.590817
13.963933
18.269415
13.642717
8.919531
13.298786
9.397541
13.829340
6.763494
14.765648
9.966148
15.770967
16.313804
11.370132
13.740938
8.774938
18.820929
12.065018
13.656879
9.398402
15.650483
11.410762
11.579568
10.568129
14.333806
14.769817
7.301469
12.444051
24.756842
8.962341
7.607079
18.199543
11.028616
18.395576
13.537839
11.528022
13.360477
18.390691
10.892099
11.848633
13.921224
7.980322
17.659165
9.894670
8.849687
14.185808
14.918081
11.788353
10.767381
16.811780
8.655146
10.632474
12.331843
9.303109
11.528568
10.096714
13.664380
20.725506
11.375669
13.597688
10.689358
8.363046
14.257688
8.948673
11.453307
12.914313
17.053731
9.608608
14.518015
18.367983
10.087272
24.209126
8.689494
12.243908
26.224914
21.138711
12.041535
12.749787
11.862897
14.391343
10.005368
13.747156
23.708024
17.703705
9.285623
10.030742
8.248888
11.921630
7.827568
14.926296
10.884645
15.532305
13.240831
7.713113
14.646316
12.547369
18.668850
14.581676
9.328206
10.880777
16.450733
8.886919
17.608446
17.826672
16.492863
11.988421
22.859806
9.419612
15.170818
6.926742
10.936206
9.239836
13.405783
9.420864
17.707585
11.145408
11.406410
18.641583
18.842062
13.799444
11.181906
14.853686
14.258183
18.999755
14.751639
13.835782
14.831005
10.119684
8.026192
13.356791
15.941732
12.230427
12.409475
9.047548
11.307189
10.694460
11.736466
13.873176
18.797124
9.908617
13.939695
9.375662
20.035042
7.567168
25.653322
17.339256
14.636967
11.434044
9.475602
8.545108
20.482055
10.560620
12.976867
12.517293
14.050240
18.724925
13.625568
22.781724
18.893330
16.138264
12.083482
11.809664
8.664076
15.332061
14.296103
15.910052
15.732613
11.116385
7.481447
11.864764
20.849377
14.445986
7.933584
11.823425
8.859260
15.324151
10.745293
9.468870
19.662343
12.863937
24.725032
16.375837
9.642575
10.166891
8.961862
10.754132
17.435199
12.965750
23.532772
9.293594
14.889645
19.009445
22.233673
8.830885
18.615093
10.042877
6.297533
7.973414
19.497017
12.629227
13.189988
15.313753
19.911359
6.155186
14.328905
19.261428
16.269999
14.381224
9.433009
11.952341
9.016145
15.788411
8.657258
17.796525
14.774857
19.465967
19.057724
8.479075
14.472661
12.167734
17.460369
11.076421
12.286766
13.503854
7.475339
8.234146
11.833894
12.078320
11.091106
13.761514
10.884742
12.440773
14.234587
13.192278
10.252933
8.078400
17.427036
16.938262
13.978431
14.237511
13.041612
11.000583
18.649623
11.613111
14.493141
14.094533
10.296151
6.543214
7.673183
11.720892
7.008872
9.243711
14.584224
8.015179
13.146246
12.656898
19.155950
11.128859
10.847984
21.524521
16.867020
12.698943
21.935231
11.426574
9.837088
15.319762
13.375474
17.485777
22.827331
8.905079
14.674803
11.854297
11.384492
6.834846
12.967364
9.385789
9.410868
11.536240
10.684516
10.496591
16.687846
19.914475
7.953323
12.826810
10.059311
13.550162
14.439659
10.180008
13.902660
16.206474
9.479433
13.172312
10.025118
12.936836
11.296307
10.728528
10.766573
14.252992
10.951299
10.466073
13.748363
21.141781
13.507587
27.261222
8.932553
10.607372
13.041965
6.488718
12.880556
10.104999
19.260812
11.172326
16.840266
16.902897
13.813265
10.723241
21.267158
17.052796
7.060395
9.273592
10.443601
13.285841
11.872415
12.375437
16.133991
14.418004
23.411284
7.217161
15.999320
18.256809
13.054965
15.370617
16.037922
12.837009
11.953482
12.738791
13.934676
12.870269
10.912610
18.017712
8.808111
6.784304
10.348786
12.289018
14.389238
12.538435
10.915576
12.699650
14.550203
17.404150
13.095794
14.290368
10.303609
15.826970
7.759638
16.016048
11.932596
16.101258
13.371496
11.003467
7.489312
10.240846
10.946841
16.588002
10.793510
9.210688
10.800201
10.292170
19.811806
7.531692
9.943051
10.342695
9.019317
10.490216
12.060940
9.818797
9.799106
11.128141
19.474190
11.888686
14.205753
20.422544
20.623198
12.534270
12.789239
14.273483
19.396352
24.330749
9.401078
12.597736
15.465526
11.005154
11.544504
9.039544
11.506940
7.073569
10.344617
9.697297
13.842235
19.871628
14.134375
9.629958
18.549148
15.150769
13.377730
8.251016
20.462361
16.627042
16.804210
9.633416
14.599037
18.621607
15.435278
13.207475
12.331522
16.252574
11.500440
10.888813
19.964774
11.504512
10.732034
11.878144
11.411076
8.350083
20.071885
17.296455
18.048503
8.422494
11.037715
9.079334
8.993250
11.585769
14.846493
17.670027
13.875159
8.426060
8.705260
13.715616
13.696914
9.757231
15.445093
9.549295
7.046153
14.895200
17.171038
10.207513
10.379202
12.438248
20.176854
8.903536
8.647218
7.269752
11.808026
10.496060
21.468381
8.957448
11.705340
14.850464
14.998648
16.581172
11.827764
9.302087
28.751521
7.304221
14.346562
18.290816
14.345556
7.878301
15.247607
9.031205
10.523618
12.644343
14.176806
11.604203
11.693227
12.446399
11.572159
15.676367
17.061721
12.517911
9.983958
8.419509
8.187742
12.304610
11.413920
11.135904
15.970322
19.246526
23.484002
10.203221
18.580888
18.632549
18.171831
7.969283
15.426358
14.831301
16.098196
8.973854
16.196488
9.013993
13.094047
10.311162
15.553178
9.966521
10.290860
13.289432
11.311656
9.101744
11.826763
15.337294
15.934447
7.530913
19.732732
11.348255
16.709442
8.978294
17.370302
9.449788
6.480925
13.252312
10.550047
10.729553
9.358052
9.624928
13.201470
12.572639
14.918324
15.663973
9.220747
17.119248
19.866580
13.552641
15.351980
13.350525
9.278808
17.631184
15.564723
8.945780
16.445627
11.528390
9.974831
11.770075
8.927385
13.753143
8.261759
13.814604
9.289950
8.041904
12.190142
20.186975
9.646120
20.574128
19.418618
16.311989
19.694202
16.590484
13.062352
8.593283
10.226374
11.765160
12.456009
10.262495
8.735124
11.600046
18.162393
12.915801
14.272132
7.576805
18.797018
24.829630
8.117972
10.086218
19.952346
8.163816
13.369860
11.033449
8.819618
11.327487
15.921729
11.092283
5.500084
11.540388
7.608360
9.929058
12.400762
11.387197
9.186721
16.845721
18.315232
14.393659
12.792021
18.417903
27.272226
14.948309
9.784003
10.226788
14.824680
16.985211
13.208259
17.890173
12.322275
11.532466
19.024987
11.529326
21.916467
18.889952
14.453460
10.726879
15.290377
22.452621
13.874625
10.024769
7.801412
18.237839
11.091839
15.065100
18.006218
9.500981
8.351125
13.671080
10.516601
13.038729
13.796117
13.781890
23.424807
12.638459
13.057392
16.012720
10.796227
17.793297
17.795265
6.540506
11.517172
10.169499
11.240995
18.782961
12.080738
12.048681
10.604065
17.632650
12.886862
13.439034
12.707319
15.815804
8.875755
8.796983
20.711599
10.266476
11.795045
12.972820
11.032030
10.377785
15.881850
10.620024
9.178870
11.226621
11.199126
9.983416
21.345955
15.600111
7.204405
16.745897
16.020415
14.783103
11.729788
21.376840
15.871238
8.469707
9.673101
10.239369
12.942865
9.678702
17.818355
13.431542
7.573117
11.550002
7.631913
9.128465
11.751344
12.700866
6.977261
8.125771
7.720333
20.653739
11.619267
9.892794
10.601282
12.345525
11.715453
13.047443
15.420864
12.775604
19.617240
16.084392
10.816181
16.669219
11.822472
15.916799
10.473680
9.427427
18.971380
8.224384
12.195548
11.325695
8.082820
15.781125
8.925312
12.867271
14.408680
8.898144
11.023532
13.219456
9.518827
10.854402
