1.757299
1.685869
1.553441
1.684085
1.870688
1.643736
1.649843
1.476859
1.478276
1.589770
1.529085
2.110195
1.816344
1.489929
1.773173
1.369749
1.696128
1.616612
1.775729
1.572542
1.419678
1.493789
1.603111
1.896400
1.504076
1.571779
1.812813
1.487965
1.707038
1.518628
1.531187
1.347029
1.893983
1.522469
1.434997
1.548401
1.562775
1.371772
1.549096
1.678122
1.536079
1.638131
1.598508
1.422700
1.309758
2.103900
1.760883
1.715722
1.591521
1.921785
1.776258
1.446199
1.988752
1.482926
1.377942
1.820394
1.757167
1.603059
1.478508
1.523296
1.933689
1.591385
1.851478
1.603677