1.465390
1.505002
2.041399
1.593176
1.606078
1.522245
1.569691
1.572608
1.772397
1.747844
1.470504
1.726863
1.479157
1.694480
1.408747
1.740945
1.641378
1.776554
1.428530
1.690759
1.396931
1.463316
1.796426
1.556882
1.633333
1.632952
1.515727
1.677744
1.631699
1.540616
1.519537
1.703944
1.720115
1.538741
1.600694
1.735881
1.384170
1.740489
1.616211
1.357316
1.673571
1.971514
1.535502
1.373911
1.531598
1.525640
1.656074
1.914981
1.605407
1.732035
1.445585
1.595798
1.748117
1.433377
1.546290
1.762923
1.573789
1.644840
1.723784
1.660355
1.779023
1.646926
1.579658
1.743447