8.689505
11.310983
8.365651
8.469069
7.356603
6.576939
8.137280
10.251120
5.552076
7.868985
8.805842
8.549958
7.737816
7.075105
8.038766
7.963851
7.406775
3.977355
4.947161
7.968328
4.990668
4.580625
9.415291
9.597076
4.357789
6.849174
8.720372
7.719892
6.246398
6.376723
6.323788
10.702072
7.970579
6.886675
6.429295
6.060354
6.217194
8.216369
5.605690
10.701520
5.659252
8.773210
6.234008
9.971090
9.989813
4.820607
13.277873
8.344746
6.973098
8.385617
6.813999
6.268662
7.317237
6.595132
13.390846
5.483843
7.379561
7.485246
8.122413
7.533984
7.248858
11.161721
11.193385
10.306282
6.327708
7.522858
5.334110
10.098419
5.989803
6.324508
5.652071
9.142650
8.527627
7.958552
7.061191
4.196697
4.164518
7.504647
6.931252
6.564688
6.308381
10.088720
10.196636
6.226243
6.967753
6.345743
9.050922
7.210349
5.943705
8.181805
7.592383
7.241445
5.403698
5.451305
5.846148
10.345689
7.941988
8.827954
8.353229
8.196294
