9.334663
8.931749
9.328405
8.726375
9.301721
9.288649
8.970002
9.096094
9.378822
9.083816
9.117535
9.364516
9.136720
9.424897
9.301841
9.252512
9.328964
9.064885
9.174674
9.092977
8.931530
9.383393
8.921676
9.044551
9.168847
9.095491
9.438346
9.074912
9.258373
9.232756
9.451170
9.316304
9.037494
8.779871
9.160710
9.085372
9.158616
9.059715
9.328687
8.846522
8.827424
9.261004
8.763243
8.987369
9.096031
9.559446
9.278279
9.174947
9.425252
8.838793
9.125393
9.573531
9.027235
9.491974
9.126120
8.975065
9.007967
9.129318
9.183783
9.434388
9.425047
8.715703
9.368292
9.173979
8.839340
9.289526
9.189593
9.101244
9.076346
8.968901
9.046846
9.068286
9.164445
8.752767
9.162100
8.976276
9.303896
9.268690
9.279625
9.228786
9.425174
9.220656
9.244336
9.403474
8.987271
9.041263
9.571941
9.159199
9.047954
9.206538
9.075289
9.513692
9.108437
8.904666
9.204353
9.476964
9.346462
9.217979
9.617230
9.000436
