9.043666
9.442128
10.326516
8.998879
9.529589
8.042253
9.650079
9.618609
8.712683
8.587164
7.635029
9.408062
9.380718
8.898208
9.136257
9.286765
8.228959
8.659731
9.384925
9.330558
8.761820
8.814257
10.209304
8.280032
10.578336
8.801018
8.401229
10.305796
9.452595
9.300692
8.967066
9.419625
10.097106
8.896137
10.348420
8.928721
9.603553
10.764211
9.085214
9.827679
9.492624
8.951146
8.804206
9.287877
8.421433
9.045296
8.179578
8.602735
9.135224
8.773920
8.223846
9.480420
9.180405
8.682077
9.771094
9.264657
8.835105
10.045326
9.023970
10.193595
9.082555
8.770330
9.471230
10.636868
8.329128
9.376004
8.432779
9.686649
9.646749
9.045891
8.388878
10.302554
7.599989
8.602609
10.110068
9.447727
8.887002
9.836305
9.161426
8.975053
9.376721
9.210694
9.087457
9.385598
8.244197
9.259930
9.283914
9.467278
9.162822
8.579437
9.359435
8.515177
9.310100
8.612731
8.235786
10.056187
9.288065
8.372257
9.326495
8.395596
