8.017267
6.697404
9.251501
7.535095
7.327946
6.793367
7.313523
12.369246
6.791032
7.713317
7.593780
8.872053
7.426879
9.510099
6.412694
6.163502
10.544447
9.670832
6.849819
10.462231
7.000556
6.178266
8.936395
9.873614
9.875728
8.884899
8.658282
8.943657
8.395694
9.943513
7.364386
9.712256
7.893099
7.347351
8.170995
5.960058
7.590465
7.897856
8.898004
6.169204
7.625920
9.720404
5.007519
8.692198
7.351743
9.919765
6.568121
8.607476
11.274143
9.412720
8.895894
10.176999
7.862807
8.916017
8.097181
6.890193
7.873889
11.411456
6.956857
6.672801
10.984002
5.946936
7.849058
7.642349
8.379466
7.353209
8.300924
8.917589
5.766028
7.125503
5.140754
6.850825
9.027940
7.539729
7.558614
7.340658
10.418176
6.243910
8.444141
7.621585
5.636058
8.792525
8.632558
7.949221
7.523026
7.499916
5.707759
5.070551
8.622859
9.305822
10.606005
5.472498
9.486548
10.066675
11.142244
10.541283
8.916372
8.733719
10.582220
9.433475
