9.167909
9.656200
9.173582
10.173069
8.212031
8.517307
9.112161
8.855338
8.686289
8.619788
9.164835
9.351021
9.411012
9.247873
10.202774
9.198474
9.521171
9.929929
9.146647
9.633186
9.171284
8.268185
9.294623
9.097649
8.501006
9.170114
9.096827
9.590973
9.330521
9.023908
9.062183
8.968911
9.314544
9.277355
8.883408
9.721136
8.463154
9.210364
9.688478
9.447128
9.549804
9.137695
9.376512
8.981010
9.655807
9.353144
8.315369
8.464374
9.284969
8.656217
9.190447
8.994851
9.418513
9.020556
9.919251
9.514799
9.419837
9.016026
9.613047
9.130868
8.716860
9.257573
9.538248
9.316823
9.385371
9.775765
9.697539
9.444880
9.414266
8.856289
9.536978
9.239570
9.210448
9.411998
9.604637
8.814978
9.416833
8.672901
9.098097
9.352622
9.734481
8.464115
9.284938
9.474407
9.039307
9.116746
9.116773
8.525567
8.551898
8.779202
9.153851
9.241074
8.939322
9.804093
8.461316
9.079358
8.947031
9.392650
9.479999
9.021145
