9.572896
9.201767
6.596605
7.116938
9.303039
10.863063
10.082881
9.576684
10.442302
8.116731
11.108372
11.181164
9.852025
9.259687
8.793475
8.874438
9.952128
8.468974
8.795940
7.535350
7.631058
9.484805
6.771075
7.104880
9.972986
9.863210
7.336214
9.274350
9.012819
9.446628
9.167853
7.841433
7.192767
7.460086
7.346451
8.521276
8.590762
8.651111
7.240985
8.510989
8.436742
6.947993
8.315097
8.171575
9.793134
9.485603
8.556947
8.419030
12.114221
9.122742
8.395871
7.322726
9.561830
8.278627
7.160610
10.911104
7.413248
8.889902
6.517807
7.981449
7.528695
9.430256
12.421932
9.953104
7.659283
7.899777
8.668161
7.631095
8.230838
10.212742
10.512118
7.708500
9.015020
7.829581
8.732794
8.495475
9.604034
6.691226
11.076312
12.747898
8.935988
7.949394
9.255361
8.939001
7.455287
6.577259
6.586268
11.259540
9.727925
8.853971
8.594367
9.177824
9.414819
9.659666
8.934020
7.608919
11.253224
9.499578
8.179864
6.222750
