9.596897
8.493097
9.333080
9.553414
9.054311
9.098490
9.184379
9.181098
9.345124
8.708792
8.911082
8.674718
9.149277
9.253551
8.601158
8.726599
9.285719
8.873905
9.032168
9.461572
9.722657
9.422826
8.934618
8.445520
9.178510
9.291489
9.513496
9.182675
9.119979
8.768812
8.837996
9.478494
9.414144
9.079584
8.905586
9.932693
9.211203
9.261512
9.042624
8.776451
9.465295
9.387643
9.091393
9.295525
9.196116
9.261475
9.210314
9.265825
9.636493
9.116582
9.081676
8.910922
9.333254
9.467210
9.341678
9.396539
8.816289
9.714925
9.349566
9.232235
9.058405
8.840092
9.206928
8.591635
9.083469
8.901133
8.945218
8.838203
9.146615
8.981769
8.784116
9.333970
9.791608
8.925634
8.970230
8.639657
9.126069
9.077144
9.074802
9.568223
8.948525
9.372546
9.210001
9.252884
9.086419
8.860666
9.543987
9.210979
9.284881
9.118572
9.507629
8.843757
9.416131
8.845873
9.131738
9.829911
9.052340
9.420091
8.728932
9.409520
