9.970671
7.564983
9.306465
9.595250
8.908908
9.530460
7.848371
8.846902
10.988082
7.812267
8.477385
9.094576
8.615177
10.136144
8.785858
10.264213
9.195396
8.370453
9.993794
7.370396
7.677136
8.343673
9.729423
8.742484
9.666279
9.374797
9.156604
7.833318
9.031004
8.397430
7.971302
11.045840
8.268447
9.570396
9.277464
9.014096
7.834854
10.063868
10.126255
11.052810
8.020019
8.060370
8.612545
8.416006
10.744946
9.085580
9.653211
7.837732
10.115757
7.644714
10.471535
10.451258
9.011432
8.912206
9.303306
10.861871
10.805049
8.848136
9.116886
9.272428
8.529416
9.121440
8.890526
8.885745
8.586436
9.058570
9.731410
9.563020
9.139792
8.502470
8.112543
11.164400
9.881281
8.816891
9.699964
9.028396
6.872780
8.098671
9.050607
10.338690
9.673727
8.544681
9.023244
9.940146
8.979937
9.496917
9.840157
7.465055
8.509737
8.561485
8.546803
8.932079
7.645465
9.569668
8.809255
8.269057
8.587764
8.569456
9.613047
9.612263
