2.201154
1.976376
1.125170
1.822233
1.858753
2.097887
1.324523
1.830942
1.789701
1.510294
1.622841
1.882262
1.549095
1.782057
1.760326
1.744804
1.513092
2.010776
1.350729
1.918998
1.260361
1.642397
1.316705
1.757391
1.900782
1.810361
1.612580
1.547333
1.358400
1.600931
1.295562
1.295091
1.678939
2.279060
2.076498
1.642690
1.362113
1.796803
1.815018
1.783656
1.455769
2.218500
1.546624
1.339038
1.669018
1.348539
1.777270
1.642581
1.556860
1.660712
1.430659
1.189822
1.432211
1.364512
1.922011
1.248096
1.291336
1.599134
2.316429
1.157934
2.300604
1.436859
1.742533
2.081357
1.685935
1.173287
1.264462
1.992974
1.320342
1.603472
1.629608
1.473077
1.169940
2.600491
1.340418
1.289242
1.406942
1.241626
1.095309
1.381547
1.671322
1.479217
1.000195
1.372975
1.502661
2.275308
1.583301
1.061338
1.925058
1.250602
1.460030
1.312313
1.377522
1.112129
1.342985
1.733450
1.556449
2.023124
1.221243
1.434675
