1.646516
1.666867
1.646564
1.598084
1.626404
1.640777
1.644866
1.647047
1.581944
1.631966
1.706605
1.647424
1.687199
1.649972
1.618796
1.684208
1.634067
1.647960
1.613818
1.733373
1.651922
1.652323
1.619402
1.612381
1.656759
1.654124
1.650188
1.671682
1.703151
1.654247
1.608283
1.675062
1.638024
1.667966
1.675417
1.677572
1.627526
1.662696
1.697024
1.694294
1.707805
1.658259
1.631345
1.661779
1.701190
1.619597
1.590297
1.649448
1.632083
1.629335
1.631389
1.695544
1.612548
1.632098
1.605227
1.663917
1.631540
1.651554
1.631351
1.693154
1.635465
1.685250
1.658107
1.666077
1.693845
1.674740
1.612144
1.640974
1.648577
1.653667
1.677506
1.666858
1.724907
1.653647
1.629018
1.704950
1.627151
1.676847
1.617632
1.680624
1.728015
1.704410
1.633480
1.636785
1.653671
1.604621
1.658846
1.684534
1.663136
1.634412
1.677561
1.640936
1.639743
1.672462
1.689168
1.745147
1.669159
1.654750
1.669492
1.679480
