1.584362
1.786385
1.720381
1.628542
1.613573
1.626609
1.812895
1.660195
1.620345
1.594058
1.594961
1.656024
1.631905
1.607671
1.594863
1.579443
1.553140
1.672908
1.840541
1.524138
1.711028
1.753695
1.679123
1.690582
1.688274
1.594306
1.629057
1.835951
1.608127
1.609521
1.635136
1.737949
1.566222
1.645920
1.776085
1.800963
1.603172
1.627742
1.586290
1.875844
1.638339
1.744742
1.666524
1.756959
1.607052
1.756548
1.721320
1.498606
1.518791
1.679422
1.793480
1.590804
1.509631
1.609962
1.673651
1.602720
1.651994
1.585845
1.828599
1.450879
1.703386
1.588392
1.857473
1.604886
1.711655
1.558048
1.593261
1.551345
1.666895
1.680228
1.621314
1.694359
1.493792
1.614526
1.683899
1.799275
1.571713
1.516712
1.687744
1.760525
1.718424
1.784671
1.719979
1.784023
1.674890
1.547867
1.815988
1.660068
1.574019
1.677165
1.695168
1.725382
1.516947
1.816706
1.648562
1.755745
1.600675
1.546068
1.603616
1.682270
