1.791843
1.295411
1.790685
1.311867
1.383587
1.317414
1.424908
1.411947
1.528565
1.308847
1.639496
1.557571
1.666277
1.540583
1.374992
2.065037
2.441620
1.511831
1.581751
1.826587
1.523646
1.244939
1.496575
1.852500
1.531594
1.516473
1.725218
1.660452
1.858398
1.727414
1.678688
2.141275
1.404343
1.502629
1.865952
1.532706
1.361271
1.625966
2.090795
1.398517
1.776441
1.265375
1.987210
1.681468
1.626308
1.394870
1.536605
2.161298
1.503402
2.146677
1.615913
1.410874
1.315833
1.807322
1.486524
1.652200
1.354677
1.489570
1.448310
1.902551
2.164006
1.521676
1.585961
1.668982
1.754776
1.708159
1.543116
2.058661
1.647510
1.342585
1.733494
1.486676
1.307374
1.550006
1.976136
1.621464
1.555160
1.631797
1.573876
1.785292
1.492617
1.425000
1.364394
1.738336
1.725054
2.307968
1.751155
1.982649
1.561547
1.481432
1.628570
1.310416
1.510209
1.887482
1.770297
1.644079
1.586954
2.187498
1.641102
1.591132
