1.559235
1.727226
1.619509
1.791406
1.674072
1.613264
1.621833
1.598062
1.635942
1.562689
1.704945
1.600992
1.587030
1.576175
1.523265
1.663920
1.664822
1.665508
1.600485
1.608082
1.691113
1.581014
1.633983
1.700863
1.611975
1.688610
1.671563
1.670226
1.629502
1.687267
1.612784
1.717944
1.655874
1.626742
1.573750
1.637487
1.568177
1.674710
1.698727
1.667866
1.792582
1.616186
1.742233
1.698490
1.663473
1.546196
1.587522
1.672848
1.579143
1.734277
1.668036
1.721467
1.609203
1.584204
1.690909
1.595420
1.626647
1.681050
1.664575
1.693151
1.653844
1.791429
1.608840
1.683283
1.699684
1.574590
1.642636
1.620192
1.686852
1.752495
1.704012
1.675055
1.663383
1.637185
1.558209
1.606285
1.686975
1.640743
1.609568
1.534999
1.767070
1.601653
1.601207
1.657450
1.678339
1.627927
1.586888
1.701588
1.669188
1.657439
1.590148
1.639775
1.628758
1.596859
1.688313
1.699143
1.660547
1.628264
1.531397
1.624425
