1.680187
1.699455
1.569306
1.940905
1.987445
1.507053
1.617508
1.719080
1.710545
1.721277
1.601830
1.634252
1.698950
1.615519
1.420283
1.638640
1.454798
1.577935
1.482813
1.443788
1.648753
1.382296
1.605660
1.445247
1.914556
1.704615
1.305543
1.882102
1.813041
1.665412
1.909751
1.831756
1.744614
1.704810
1.795401
1.527507
2.048474
1.461457
1.473078
1.662898
1.887183
1.441101
1.730139
1.688843
1.456639
1.369814
1.689149
1.797831
1.475808
1.830352
1.917931
1.318733
1.726274
1.649101
1.635715
1.804270
1.583980
1.457887
1.631200
1.527488
1.752082
1.715108
1.434502
2.099304
1.408814
1.528997
1.332400
1.599464
1.433115
2.188553
1.874479
1.785082
1.823305
1.703667
1.529979
1.716097
1.489111
1.870298
1.875098
1.698933
1.691306
1.754844
1.545661
1.388725
1.720195
1.638052
1.718880
1.521118
1.511936
1.621769
1.790978
1.589588
1.556577
1.617681
1.762072
1.806042
1.740806
1.557109
1.738316
1.345191
