1.638169
1.642781
1.646036
1.669272
1.687229
1.637241
1.655241
1.614495
1.678350
1.619271
1.604325
1.629322
1.648687
1.676795
1.663611
1.741146
1.637236
1.649843
1.675192
1.674772
1.707596
1.714210
1.703121
1.623132
1.673543
1.623140
1.652627
1.659644
1.653245
1.632965
1.677453
1.632711
1.626575
1.707315
1.629945
1.659802
1.731580
1.721707
1.672665
1.682133
1.667371
1.663885
1.650812
1.617218
1.623354
1.608720
1.646931
1.639367
1.698552
1.661626
1.649052
1.675711
1.643909
1.712105
1.578205
1.645415
1.641376
1.675384
1.713324
1.651845
1.722825
1.615102
1.683934
1.618535
1.597205
1.597352
1.617270
1.683526
1.574554
1.572684
1.714393
1.731566
1.605878
1.683114
1.659842
1.701353
1.688557
1.684009
1.645799
1.602002
1.664453
1.728248
1.621324
1.680640
1.591859
1.649448
1.627089
1.741953
1.709060
1.663281
1.665654
1.621841
1.582542
1.642337
1.603166
1.706665
1.669801
1.609251
1.694933
1.667204
