1.708013
1.534835
1.706898
1.577965
1.667911
1.717868
1.729855
1.791850
1.471672
1.557856
1.708770
1.550007
1.766886
1.545724
1.606530
1.795652
1.497934
1.502460
1.591151
1.500608
1.676989
1.480684
1.605609
1.603512
1.654428
1.697662
1.833408
1.575208
1.529006
1.538509
1.536125
1.654182
1.530657
1.590949
1.806039
1.901048
1.508835
1.643264
1.520375
1.768482
1.960337
1.584012
1.632824
1.997489
1.657534
1.953648
1.587351
1.872855
1.745147
1.458174
1.567964
1.519447
1.574156
1.757932
1.887792
1.679758
1.601515
1.739276
1.605056
1.449096
1.615198
1.508539
1.560304
1.773918
1.741689
1.552932
1.601869
1.713460
1.570440
1.611124
1.760404
1.556246
1.488875
1.715097
1.688817
1.557201
1.431231
1.724297
1.827701
1.775405
1.608287
1.539818
1.465962
1.526113
1.675470
1.721997
1.767045
1.739217
1.744392
1.884448
1.837101
1.529920
1.795734
1.794617
1.644334
1.508763
1.427808
1.727015
1.659206
1.716400
