8.689505
11.310983
8.365651
8.469069
7.356603
6.576939
8.137280
10.251120
5.552076
7.868985
8.805842
8.549958
7.737816
7.075105
8.038766
7.963851
7.406775
3.977355
4.947161
7.968328
4.990668
4.580625
9.415291
9.597076
4.357789
6.849174
8.720372
7.719892
6.246398
6.376723
6.323788
10.702072
7.970579
6.886675
6.429295
6.060354
6.217194
8.216369
5.605690
10.701520
5.659252
8.773210
6.234008
9.971090
9.989813
4.820607
13.277873
8.344746
6.973098
8.385617
6.813999
6.268662
7.317237
6.595132
13.390846
5.483843
7.379561
7.485246
8.122413
7.533984
7.248858
11.161721
11.193385
10.306282
6.327708
7.522858
5.334110
10.098419
5.989803
6.324508
5.652071
9.142650
8.527627
7.958552
7.061191
4.196697
4.164518
7.504647
6.931252
6.564688
6.308381
10.088720
10.196636
6.226243
6.967753
6.345743
9.050922
7.210349
5.943705
8.181805
7.592383
7.241445
5.403698
5.451305
5.846148
10.345689
7.941988
8.827954
8.353229
8.196294
11.430583
10.150488
6.872006
7.202548
7.092335
8.283393
6.723720
5.066088
7.438137
11.792627
8.336532
6.558994
8.073751
5.293090
6.719642
8.804294
7.435317
7.024126
9.032246
7.175238
9.133493
12.530930
8.322589
8.161685
9.318595
6.615309
11.923641
6.426905
6.781332
7.504654
7.713284
7.976439
9.747141
6.390623
8.064064
5.135145
10.949583
8.283139
5.501190
4.276323
7.079592
8.162532
5.180591
6.126041
3.970221
8.306824
10.181367
4.039099
6.978619
6.832635
5.192176
7.193580
6.933776
4.049942
6.080893
8.424650
10.935912
7.328324
8.268695
6.634879
7.302417
7.492316
5.141387
6.041905
7.377899
9.305146
7.108611
7.551637
7.407965
4.333543
5.443298
10.650529
5.931114
5.714827
5.766528
10.455804
7.092220
7.156657
8.398895
7.197368
7.571297
8.085403
8.865207
7.194291
9.264182
7.514644
13.478943
4.590426
7.435754
6.298288
9.031343
6.524748
6.160867
10.030043
6.401228
6.210608
9.155259
7.968843
6.294550
4.459718
6.153856
6.402922
6.036796
5.842149
6.292458
7.111217
8.288449
4.894711
8.316537
7.619163
6.907213
8.167520
4.848153
9.566722
9.198869
9.547005
9.630401
5.289059
6.073742
5.809870
7.628018
7.733732
9.416590
8.959645
4.335960
10.728088
11.525009
9.401924
12.772777
7.526953
7.975731
7.542922
6.697326
7.306309
11.372390
5.787552
6.548376
9.155805
8.132221
7.138414
7.480826
5.703441
5.905015
9.743329
6.292959
11.315719
8.913128
5.748263
5.867295
6.804631
7.015373
5.358806
6.045930
6.139447
6.213277
9.849435
7.033647
6.567337
5.654712
8.536891
7.901091
10.596074
5.750495
7.670764
4.492299
6.353463
5.591316
10.239824
11.071840
5.097015
5.355405
9.776039
9.591571
6.251620
5.630468
11.587017
9.150455
7.512099
7.736854
4.860465
6.287763
8.206591
4.932303
6.349508
7.774878
10.659042
10.009784
5.039379
8.156028
8.273451
7.762747
7.498697
12.286682
9.740978
6.482534
7.529603
4.880304
6.906998
5.592025
4.276965
5.170438
5.549971
7.854479
7.010804
11.036842
6.331091
9.429912
6.634904
10.441335
5.856012
6.460414
6.169139
9.463370
7.701419
6.993235
10.858243
7.276311
7.005403
7.733660
8.093371
7.522006
7.274940
12.843467
7.908932
5.793010
6.426140
9.090755
11.421404
6.141947
5.063639
9.557139
6.786694
4.164459
10.599764
7.464469
7.381578
8.356849
6.657847
10.916185
8.156195
8.786770
11.487468
6.518991
7.980768
8.892952
6.657346
8.620018
8.094634
9.230731
9.215661
4.640109
11.998028
8.149347
7.807873
6.220303
10.122626
9.126728
9.496114
7.220983
6.572485
9.065670
6.472157
6.762865
8.554082
13.978717
5.204335
7.288078
10.040253
7.121891
9.710810
6.353395
7.879218
9.190449
9.206347
7.103315
6.974987
10.445598
8.477184
6.704904
7.570635
8.773247
7.936343
8.694235
7.394789
7.962045
5.693030
7.029895
11.118951
8.464281
7.694126
5.633865
7.269348
6.698875
3.530691
9.680762
8.153583
7.788457
9.492991
6.229825
7.242871
8.696078
9.769939
7.568977
9.776661
10.706010
7.368330
7.295110
5.341765
7.004199
6.613169
3.659172
7.024589
7.378566
6.331848
8.051164
9.014648
5.113162
4.605436
6.520590
10.824015
8.660315
5.748269
8.557367
9.903887
10.860763
8.948484
14.847214
8.956280
8.705880
6.275518
10.109912
7.431259
4.967336
7.192110
7.339567
8.330467
7.559461
11.647628
6.062168
10.249216
7.178847
10.246874
12.096502
6.289030
8.617279
4.351036
5.252339
5.718630
6.484441
6.424315
6.855198
12.574548
7.535112
9.844382
10.168176
7.434456
11.386390
5.994784
8.037943
8.994852
5.976709
4.880141
8.258130
9.640583
4.624235
5.357801
5.801124
10.695193
10.704407
8.323403
5.937981
7.913672
11.898526
11.732188
8.996804
8.272113
6.414175
5.054335
9.109229
4.986548
5.509990
7.643258
9.618611
10.138275
3.653665
6.885786
7.608757
7.530533
8.490433
8.710685
6.988338
10.893978
7.559626
4.755905
9.566516
6.879965
14.847450
6.975300
6.281304
10.958706
5.632331
7.427546
6.056883
11.855049
6.137390
6.568737
5.872353
4.827774
9.523227
6.273731
6.642556
4.883987
10.735557
6.506031
6.818658
9.859465
6.162472
5.629595
6.711136
7.006704
7.207812
10.186944
8.572041
9.790484
8.171101
6.810324
6.499636
7.777368
7.798599
7.116446
5.956069
10.492993
6.891108
8.534887
6.939775
9.323804
5.702591
5.959836
9.477296
4.008165
11.367393
5.728679
8.205751
6.268260
6.883976
7.192140
7.567983
8.694877
6.424772
9.857655
10.023746
9.245306
7.756330
5.424263
7.988731
9.957993
7.488473
11.694878
10.917641
6.891417
9.024223
9.213029
5.576312
9.113265
4.318569
6.981513
8.626352
7.724144
6.419465
7.028870
5.318355
8.979238
8.716811
6.435971
7.718497
6.304961
10.303087
8.296726
7.805425
10.386492
9.383196
7.696972
6.999848
6.177767
7.111488
8.084384
9.492073
7.274748
9.903502
8.405297
7.359113
8.974463
6.038195
6.232377
5.857540
4.177016
6.167563
6.838455
8.286312
7.903127
7.559074
6.172572
5.987595
7.595588
9.108085
12.122875
5.089443
6.662197
5.297679
14.904992
7.574655
5.004882
8.442795
8.880484
5.896176
7.728463
9.099480
6.687585
5.619615
7.995386
7.081030
5.439029
12.938680
6.658506
4.238061
8.776354
5.866511
5.503672
6.699398
7.724046
6.067046
4.990841
5.774200
6.482232
10.262692
9.057972
4.654252
10.735456
8.382665
8.599915
6.318413
7.390847
6.788902
5.763609
4.597003
8.582843
7.415220
7.282374
8.845835
8.521672
4.388652
7.152900
6.388842
6.026324
6.660280
6.870098
7.486886
6.813056
4.739743
5.874809
6.979531
8.240095
6.509225
6.897400
5.970768
9.040630
10.740694
6.989883
6.604933
5.947157
7.902386
6.360393
10.859950
9.413105
7.548341
8.922444
4.635340
5.701528
6.505411
7.510977
9.569981
9.554758
5.220552
5.703852
5.431610
6.977813
9.523844
7.308429
6.469784
7.944518
10.531900
5.122704
4.371539
6.894161
5.455577
8.654173
9.736192
7.283872
7.153696
5.767443
8.037440
9.100344
5.055820
5.959734
8.379369
7.489581
5.077549
4.804007
9.003599
7.897686
6.075192
8.837239
9.402708
9.422638
6.006802
5.708616
5.129982
6.951672
4.684674
9.329285
3.322446
13.811114
7.170612
9.783574
4.985430
6.232925
10.071680
6.500063
6.801024
8.131246
6.861208
8.846500
8.065045
3.567584
4.049186
7.702111
7.792118
6.547590
7.602758
11.575341
8.526222
12.039176
8.482889
4.471279
7.475882
5.401319
10.512208
8.936971
4.866996
4.782369
5.338410
8.494826
9.766507
8.372349
10.636236
8.383098
10.863040
6.975218
6.387954
8.626684
5.127020
6.123309
9.433646
7.099620
6.814111
4.272243
6.360896
8.290764
6.945732
8.574903
4.977339
7.753447
10.156718
8.754039
9.162120
7.462137
8.205960
9.010484
9.506996
10.225355
6.895666
8.338404
6.430573
3.317835
6.381578
5.500018
5.569922
9.193977
5.998208
7.080220
7.742158
5.488542
3.656972
6.855157
11.729090
10.076345
10.461118
7.705825
4.929924
7.286149
6.386244
11.538612
6.910180
9.886713
7.153586
8.022006
6.112580
7.735958
4.868033
8.011950
5.588505
7.192395
9.286310
8.934470
8.087401
7.440416
12.061569
5.857369
8.364965
10.973668
8.042733
5.949466
10.995742
6.172203
5.784613
10.796081
7.264192
6.807916
14.380893
4.494271
7.766578
6.290201
5.956036
9.499014
10.451590
8.953344
5.750430
7.626250
5.959081
10.930693
6.261921
10.199782
7.430950
8.555460
6.950686
12.173864
6.350327
8.784429
5.962244
9.435404
6.830535
8.157854
11.782726
10.786303
5.112634
6.425419
8.849182
6.006723
8.694141
10.401218
9.557385
6.917202
6.952599
7.712677
8.113442
9.666330
4.748905
4.406349
5.812072
6.471251
5.717034
6.711162
8.707526
8.818434
9.164766
5.759967
11.340595
5.684236
4.490043
4.559906
5.390868
6.450073
8.677650
6.529399
10.336984
6.865801
6.589687
8.080982
10.006901
8.333867
8.843697
6.340857
7.122847
7.780938
6.459801
9.462715
7.960333
7.062054
9.560357
11.694599
7.505122
8.163422
6.910459
8.185128
6.687212
6.900434
6.124499
4.660592
4.720923
4.813387
7.718433
8.821776
8.058204
5.987734
7.816491
5.320848
8.899131
5.861012
9.740082
13.571607
8.763307
9.707031
6.935915
5.555937
11.082261
6.183296
4.892351
6.804950
7.188491
6.750835
9.378722
5.725566
6.455260
6.360215
9.151051
6.011551
10.175322
4.079972
7.388745
8.669746
7.984025
6.708077
8.894758
9.642502
9.762907
6.276578
6.115649
7.523519
7.790987
7.141514
4.932134
7.383529
6.525661
7.095649
6.586921
10.775320
9.196695
5.346534
8.649289
12.476716
7.298145
5.406657
6.798636
7.540735
5.417062
5.162310
9.259637
5.661008
8.219173
5.662524
4.741377
9.386795
5.403983
5.673790
9.581114
8.232113
4.698115
7.507546
7.208374
11.053549
9.513826
10.100569
5.624990
5.287580
9.218642
8.244010
9.155454
11.280864
6.598087
10.745319
10.469724
11.171232
6.106312
6.346024
10.019290
3.059625
6.024455
7.946903
8.456665
10.058770
