9.334663
8.931749
9.328405
8.726375
9.301721
9.288649
8.970002
9.096094
9.378822
9.083816
9.117535
9.364516
9.136720
9.424897
9.301841
9.252512
9.328964
9.064885
9.174674
9.092977
8.931530
9.383393
8.921676
9.044551
9.168847
9.095491
9.438346
9.074912
9.258373
9.232756
9.451170
9.316304
9.037494
8.779871
9.160710
9.085372
9.158616
9.059715
9.328687
8.846522
8.827424
9.261004
8.763243
8.987369
9.096031
9.559446
9.278279
9.174947
9.425252
8.838793
9.125393
9.573531
9.027235
9.491974
9.126120
8.975065
9.007967
9.129318
9.183783
9.434388
9.425047
8.715703
9.368292
9.173979
8.839340
9.289526
9.189593
9.101244
9.076346
8.968901
9.046846
9.068286
9.164445
8.752767
9.162100
8.976276
9.303896
9.268690
9.279625
9.228786
9.425174
9.220656
9.244336
9.403474
8.987271
9.041263
9.571941
9.159199
9.047954
9.206538
9.075289
9.513692
9.108437
8.904666
9.204353
9.476964
9.346462
9.217979
9.617230
9.000436
9.109877
9.406979
9.173887
8.997232
9.229389
9.248719
9.117567
9.071251
8.876681
9.369586
9.248924
9.135038
9.316773
9.240869
9.144369
9.028287
9.425247
9.140671
9.190441
9.489835
9.324287
8.966086
9.405189
9.171597
9.210175
8.846525
9.159233
9.053269
9.516760
9.231908
8.993832
9.180296
8.848846
9.099584
8.879502
8.873499
8.903775
9.489730
8.913504
9.496666
9.029848
9.045529
9.222082
9.137352
9.136472
8.875747
9.156859
8.950224
8.794681
8.964700
9.021607
9.129189
9.130714
8.997090
8.851240
8.980559
9.117657
9.680448
9.344109
8.931763
9.117214
9.327620
9.252095
9.065349
8.679495
9.329714
9.162607
9.164667
8.932560
8.787607
9.061524
9.204199
9.269485
9.166955
9.360892
9.405264
9.289116
9.531857
9.379488
8.962164
9.073499
9.339407
9.190924
9.315453
9.239056
9.154041
9.499853
9.304598
8.913389
9.299746
9.541860
8.930126
9.231297
8.813076
9.353038
9.419894
9.112484
10.012424
9.164725
9.330553
9.120340
9.462783
9.121289
9.024252
9.106016
9.474568
9.529429
9.303614
8.908716
8.877653
9.189062
9.067488
9.211457
9.238423
9.138514
9.293453
9.352589
9.112756
9.184856
9.279459
9.585049
9.302951
9.553723
8.983211
9.522203
9.147053
9.274308
9.281849
9.049989
9.040154
9.450037
9.559523
9.123170
9.427725
9.250666
9.295730
9.365083
9.288892
8.853650
8.976724
8.940185
9.316816
9.156098
8.832452
9.276023
9.119472
8.983044
8.814339
9.469112
9.160897
9.371019
9.086306
8.784976
9.035952
8.807975
9.599471
9.158194
9.463447
8.949834
9.155351
8.772347
8.836385
9.273180
9.147706
8.970918
9.249333
8.831593
9.281723
9.219984
9.095293
9.331345
9.158533
9.095105
9.211021
9.099736
9.146215
8.994842
9.329493
9.004287
9.193836
9.367003
9.192559
9.337081
9.280485
9.192720
9.049888
9.218883
9.191230
9.320740
9.188006
8.982389
9.324911
9.156003
9.183342
9.113887
9.313681
9.398454
9.276875
9.547397
9.155525
8.759381
9.058033
9.274757
8.758337
9.190677
9.308923
9.265908
9.302442
8.957527
9.075272
9.257704
9.334516
9.138328
9.038209
9.394601
9.177078
9.110521
9.050959
9.059331
9.383384
8.844082
9.626134
9.400109
9.038383
9.255642
9.268801
8.973220
9.296670
8.950035
9.094460
9.126817
9.122869
8.992948
9.476393
9.213908
9.330710
8.985357
9.094231
9.022235
9.421372
9.183146
9.555560
9.190661
9.318383
9.110737
9.108112
9.052055
9.190119
9.286961
9.146280
9.100880
9.137287
9.176543
9.252266
9.338896
9.111321
8.817658
9.273422
9.228360
9.550439
9.302655
9.465543
9.236686
9.445644
9.210378
9.180160
8.542465
9.204697
8.840331
9.122343
9.127361
9.303103
9.281670
9.303236
9.190521
9.365643
9.098649
9.025753
9.343644
9.477639
9.531638
9.290606
9.315680
9.490206
8.991663
9.499959
9.352933
9.422313
8.792188
9.290936
9.031951
9.249547
8.665377
9.172518
9.385970
9.116592
9.102771
8.945136
8.904241
9.029318
8.884146
9.393089
9.156075
8.966234
8.927126
9.075174
9.160177
8.997125
9.043030
9.253594
9.175582
9.135552
9.299622
9.617537
9.216647
8.964081
8.981891
9.221406
9.288988
9.202008
9.260471
9.215804
9.095809
9.741214
9.209571
9.277520
9.392078
9.291662
9.202957
9.039521
9.253762
9.509461
8.905367
9.351107
9.044806
9.520798
9.383173
8.959078
8.938485
9.093637
9.301419
9.482709
8.930135
9.172937
9.128265
9.182949
9.196782
9.188578
8.984901
8.924448
9.079958
9.397917
8.941723
8.960632
9.049271
9.013303
8.875140
9.240331
9.112955
9.474777
9.386905
9.283723
9.086932
9.232373
9.141290
9.308533
9.101371
8.937476
9.161783
9.261781
9.116486
9.148546
9.207271
9.185085
9.125511
9.141507
9.059798
9.455711
9.229182
9.202624
8.985971
9.170022
8.698709
9.180095
9.195679
9.437102
9.117670
9.315281
8.919904
9.133530
9.091050
9.021795
9.215203
8.713012
9.027398
8.899284
9.086484
9.097325
9.194374
9.020024
9.287284
9.293512
9.168705
9.311428
9.246582
9.178882
9.079032
8.780379
9.084703
9.283420
9.122627
8.972784
9.102136
9.195403
9.286511
9.107505
9.471961
8.784832
9.322866
9.080525
9.349814
9.010874
8.963189
9.489783
9.000611
8.941400
9.386417
8.716043
8.997704
9.450552
8.938090
9.274536
9.048186
8.534763
9.190597
8.948285
9.226299
9.189710
9.281700
9.487115
9.254766
9.513395
9.186209
8.957973
9.293312
9.231176
9.113962
9.110267
9.123233
9.492655
9.697114
8.815997
8.954681
9.270572
9.210561
8.974404
9.146683
8.950213
9.327448
9.411186
9.309764
8.895798
9.180445
9.569795
8.879222
8.743202
8.986490
9.331649
9.091508
8.867068
9.278352
9.172722
9.285313
9.467088
9.091950
8.938708
9.324514
8.840461
9.232000
8.814676
9.596390
9.461904
9.239796
9.215731
9.250189
9.219145
9.367836
9.426589
9.212088
9.211131
9.067581
8.860229
9.140046
9.274375
9.206889
9.383588
9.317236
9.184005
9.140955
9.114776
9.138694
9.252070
9.199632
9.133663
9.426798
9.063403
9.177332
9.107153
9.253429
9.422091
9.445630
8.772070
9.131305
9.124695
9.144218
9.399636
9.500844
9.056296
9.028404
9.253511
9.003241
9.111618
9.394410
9.100463
8.787384
9.536029
9.464537
9.277370
9.488673
9.090983
9.227316
9.328868
9.205816
8.942277
9.116028
8.893128
9.094245
9.232766
9.537170
9.595681
9.142456
9.442851
9.354752
9.280581
9.342023
9.121229
9.292893
9.311989
9.031578
9.484103
9.207481
9.175447
9.109540
9.129052
9.647947
9.331668
8.945573
9.218491
8.976945
9.210755
9.068440
9.053272
8.494791
9.403316
9.532861
9.456199
9.293295
8.986411
8.986209
8.929129
9.365795
8.966834
9.217591
9.155935
9.357942
9.098348
9.467203
9.237859
9.267918
9.529770
9.146160
8.992298
8.935556
8.914686
9.660423
9.303177
9.108961
8.794477
9.677256
8.791720
9.047398
8.996457
9.303667
9.204195
9.269329
9.136956
9.521761
8.874069
8.910852
9.043446
9.647657
9.211093
8.823498
9.029243
9.258348
8.974862
8.928821
9.405455
9.427975
9.303413
8.770279
9.517898
8.790250
9.243772
9.438599
9.024179
9.487847
9.230391
9.454015
9.500452
9.028427
9.143389
8.735697
9.571342
9.395241
9.489388
9.093879
9.532769
9.124962
9.511250
9.084294
9.558789
9.357993
9.504672
8.650746
9.085714
9.165727
9.327991
9.335319
9.335648
8.949638
9.030348
9.131152
9.236142
9.446271
8.876764
9.288154
8.901573
9.184308
8.815875
9.159852
9.415165
9.237919
9.249210
9.543818
9.255716
9.355550
9.311890
9.114887
9.274085
9.256738
9.139206
9.286964
8.963580
9.454642
8.952734
9.567040
9.194444
8.999883
9.121957
9.238985
9.791838
9.396725
9.436672
9.300199
8.844467
9.197803
9.427194
9.418925
9.249374
9.063826
8.938057
9.300536
9.211807
9.306000
8.732834
9.529427
9.530656
9.024825
9.445602
9.391796
9.123970
9.351211
8.931117
9.234313
9.201143
9.281607
9.125255
9.331681
9.216186
8.867271
9.184387
9.317437
8.731478
9.114199
9.461883
9.360964
9.119823
9.296336
9.240673
9.131860
9.323986
9.040927
9.018263
8.986217
9.239082
9.027245
9.472680
9.384100
9.542726
8.916028
8.978197
9.254900
8.934028
9.009266
9.074899
9.187604
9.303360
8.726407
9.050185
9.078320
9.314601
9.269961
8.854282
9.229968
9.611164
8.969956
8.948913
9.197907
8.979419
9.030648
9.349537
9.016538
8.911436
9.149341
8.853422
9.310449
8.843013
9.124430
9.271578
9.217695
9.349467
9.196324
9.565362
9.067825
9.203222
9.471338
9.319705
9.213374
9.363346
9.091148
9.323377
9.125243
8.802999
9.031748
9.267931
9.401986
9.247956
9.094349
9.330036
9.567357
9.728029
9.238634
9.051908
9.408316
9.206751
9.281700
9.385617
9.050405
9.177489
9.248778
9.073948
9.396045
9.113303
8.967678
8.976934
9.040414
8.913667
9.094639
9.354864
9.419424
9.265365
8.868316
9.099068
9.420689
9.338835
8.847921
9.018308
8.985924
9.044065
8.959748
9.284670
8.914753
9.190392
9.005412
9.111859
9.025434
9.074851
8.949833
9.229254
9.268392
8.962223
9.207916
9.302408
8.841329
9.671856
8.849927
8.760421
9.146654
9.256625
9.294336
9.326671
8.956858
8.834942
9.078242
9.536148
8.866274
9.315615
9.120597
8.880691
9.139426
9.492309
8.953280
9.237711
9.086925
8.721264
9.316505
8.976401
9.392127
9.437838
9.045957
8.665514
9.439700
8.924187
9.169508
9.403820
9.501072
9.041918
9.284771
8.998831
9.263845
9.118521
8.996571
9.106542
9.211547
9.033429
9.426957
9.459521
9.193960
9.148154
9.278532
9.274646
9.163467
9.365242
9.548781
9.059737
9.322923
8.561373
9.143145
9.018522
9.144350
9.276871
9.080554
9.458907
9.284221
9.158021
9.104432
9.178132
9.177929
8.883246
8.998780
9.000075
9.164175
9.230541
9.044616
9.412003
9.267449
9.609647
9.156675
9.115958
8.963188
8.882247
9.254512
9.421891
9.259586
8.982323
9.607389
9.140145
9.426403
9.372682
