9.043666
9.442128
10.326516
8.998879
9.529589
8.042253
9.650079
9.618609
8.712683
8.587164
7.635029
9.408062
9.380718
8.898208
9.136257
9.286765
8.228959
8.659731
9.384925
9.330558
8.761820
8.814257
10.209304
8.280032
10.578336
8.801018
8.401229
10.305796
9.452595
9.300692
8.967066
9.419625
10.097106
8.896137
10.348420
8.928721
9.603553
10.764211
9.085214
9.827679
9.492624
8.951146
8.804206
9.287877
8.421433
9.045296
8.179578
8.602735
9.135224
8.773920
8.223846
9.480420
9.180405
8.682077
9.771094
9.264657
8.835105
10.045326
9.023970
10.193595
9.082555
8.770330
9.471230
10.636868
8.329128
9.376004
8.432779
9.686649
9.646749
9.045891
8.388878
10.302554
7.599989
8.602609
10.110068
9.447727
8.887002
9.836305
9.161426
8.975053
9.376721
9.210694
9.087457
9.385598
8.244197
9.259930
9.283914
9.467278
9.162822
8.579437
9.359435
8.515177
9.310100
8.612731
8.235786
10.056187
9.288065
8.372257
9.326495
8.395596
9.501739
9.423632
8.676777
8.162228
9.727939
9.176704
8.341411
8.810535
8.359663
9.598431
9.697105
8.807884
8.407790
9.618060
9.173106
9.034178
9.876171
8.823622
8.365950
8.135004
7.754860
9.912466
9.707964
9.108602
8.321245
9.336828
9.139899
8.705499
10.236387
9.484181
9.971079
7.974963
10.561193
8.593264
9.966327
8.566592
9.033413
8.759349
10.249464
8.637658
9.086494
9.336391
10.125857
9.144763
9.656760
8.541641
8.222522
9.492207
8.832309
9.418635
8.287282
10.123256
9.743203
9.653423
9.681970
9.685781
9.017127
8.835999
8.939683
9.084972
9.692979
9.441266
8.892190
8.524650
9.657829
8.877821
8.692326
9.258200
9.192246
9.460576
9.187967
9.497956
9.002194
9.223982
9.518906
8.963671
8.177314
9.250649
9.852811
8.507411
8.674968
9.802243
9.659112
8.444860
8.470857
8.710911
8.743408
9.275405
8.494679
8.594609
8.502422
8.581852
8.204642
10.056104
9.940821
8.732959
8.460703
7.689377
8.950542
9.420293
8.264317
8.076927
9.076261
9.279223
9.024585
9.095854
9.025442
8.912809
9.041566
10.184088
8.961244
8.981181
8.758091
9.142102
8.891713
8.582570
8.994416
8.595734
7.797486
9.602511
9.885067
10.253892
9.124163
9.235077
8.403958
9.224356
8.945060
9.259603
8.631113
9.523409
9.940552
9.112270
8.871014
8.722639
9.117427
8.869626
10.169249
8.363551
8.908599
8.718561
9.443242
10.154068
8.989578
8.689527
8.998398
9.089971
8.947929
8.722047
9.016902
9.338495
9.760544
9.932137
9.734473
9.065924
9.317401
8.041233
9.471918
9.168996
8.988403
8.752101
8.682527
8.307645
8.861812
9.359060
9.510967
7.944350
10.363485
8.281691
8.112506
8.709542
10.002939
8.152071
9.428606
9.753179
8.955619
9.780974
9.566341
8.912269
7.754621
9.648335
9.238884
7.999173
8.863718
9.595343
9.616850
9.004780
9.894365
8.528824
8.722843
9.169485
8.561741
8.153055
7.838782
8.549656
8.505984
8.023286
8.381284
10.021577
9.298363
8.768627
8.712911
8.499467
7.842234
8.403776
9.519286
8.852143
8.750815
9.285641
10.510041
10.028558
9.388384
9.059659
9.450233
8.986734
8.441231
9.136941
9.046782
8.356024
10.146757
9.269516
9.146953
9.635111
8.397611
9.015082
7.383839
8.854842
9.352599
8.351156
7.602848
8.511580
9.190680
9.709815
9.625500
9.118600
8.691708
9.924943
10.039268
8.686807
8.565445
8.571090
10.030419
9.071632
8.404116
9.830435
8.839045
8.750916
9.787701
8.654682
9.593705
10.166538
8.997422
9.478661
9.420266
9.093390
9.338945
8.668191
9.463125
8.722118
8.452746
9.805442
8.673318
8.845731
9.158741
9.005772
8.991460
8.777550
9.369107
8.869603
8.608263
9.163228
9.478997
8.765487
9.234324
8.526554
9.002500
8.752334
8.817916
9.306442
8.288626
9.353608
9.535369
9.526290
8.326388
9.773309
10.422419
9.214363
9.313192
9.730284
8.597527
8.032223
9.104360
9.211593
8.565155
8.709538
9.651294
8.602285
8.550663
9.396524
8.289526
9.654993
8.146500
9.554218
10.008748
8.977847
8.843800
9.668149
8.644685
10.066195
8.726385
10.834228
9.120125
9.217639
8.622288
8.439536
9.510318
9.496750
9.330617
9.710697
8.316584
8.568381
9.330548
9.566686
8.086993
9.070223
9.251189
9.203909
9.084421
9.366627
8.438464
8.617731
9.854259
8.479934
8.773822
9.164762
9.252270
9.277313
8.602482
10.327445
8.634136
8.546029
7.800460
9.243211
8.691633
8.947150
9.395926
9.619654
9.303526
10.202555
9.011994
9.216645
8.774433
8.506766
9.892996
8.778904
9.437193
9.537393
9.847346
8.364770
8.714118
8.765278
9.150068
9.162340
9.074416
9.007129
8.888946
8.578077
8.616151
8.231469
8.333604
9.126900
8.889210
9.218701
8.623899
10.176845
9.636232
8.474900
9.181844
10.211697
9.835885
9.019366
10.684403
8.231266
9.363723
8.832658
9.182416
9.813571
8.187125
9.334919
8.279782
8.244400
9.000882
8.706552
8.472089
8.628195
9.281406
8.091529
9.466016
9.289463
8.706407
9.179656
9.619650
9.866391
7.848669
9.188142
9.176786
8.711063
9.151713
8.874832
8.707467
9.405634
8.902083
9.502919
8.760331
7.965070
8.861264
8.405801
8.065379
8.520255
9.326405
8.054709
8.660653
8.341577
9.115964
9.419220
9.319581
8.863494
9.707235
8.279434
9.662383
9.552257
9.580830
8.731328
9.757168
9.420198
7.878811
9.322759
8.465631
8.378057
8.926347
9.169644
8.978700
8.628500
10.028909
8.983214
8.448438
8.949540
9.089042
8.969547
9.382373
9.477878
9.264595
9.403316
8.644213
8.085984
9.113729
9.814753
9.115636
8.471654
9.726963
9.104584
8.960394
9.547454
9.263958
9.491308
9.355665
7.185858
9.343121
9.156293
8.857916
9.424787
9.098903
9.529174
8.598528
8.869671
8.654674
8.888374
8.169331
8.803502
8.099188
8.981341
8.614552
9.976079
8.990165
8.551207
8.987561
9.036339
8.769290
8.364049
9.641151
9.712851
8.268772
9.037896
9.210948
10.980628
8.991191
9.794769
9.496047
8.759508
9.090307
8.793505
9.531448
9.195034
9.486941
8.620711
8.309566
9.710646
10.052518
9.184153
8.994524
9.434056
9.032737
8.889047
9.295279
9.999948
9.735614
7.956634
9.436276
8.506928
9.888799
8.344248
8.698512
8.880502
8.572436
8.499877
9.295847
8.407415
10.247640
8.858673
8.312145
8.755405
9.184816
10.067844
10.297380
8.420689
9.412367
9.324922
10.192476
9.361845
8.817946
9.593341
10.264684
9.523746
9.621352
9.834541
8.410160
8.620393
8.274674
8.818913
8.539349
9.215960
8.925120
7.817003
9.410143
9.145281
9.659972
9.323042
9.179321
9.109415
8.800315
10.299265
8.463961
9.635933
8.684199
9.449470
9.613032
9.280726
9.875638
10.289381
9.554366
9.336350
8.725571
9.892729
8.164757
10.392268
9.362124
8.841593
9.655468
9.559106
10.020408
9.265523
8.924805
8.680548
8.559977
8.406614
7.935908
8.948833
9.426344
9.581501
9.330761
9.177754
8.398172
8.828381
8.182192
8.842875
8.603766
9.277267
9.491616
8.420774
9.542323
8.855947
10.145169
8.977754
8.949219
9.725112
8.328524
9.598894
9.569926
8.747164
9.649860
8.212271
8.805978
9.121821
9.642542
9.200378
8.387694
8.847125
8.466496
9.019622
9.473427
9.576078
9.686439
8.617454
7.894840
9.776923
8.631908
10.141284
8.892571
10.520869
8.797444
9.386487
9.021411
9.398072
9.154265
8.579339
8.456538
10.012838
8.896290
9.908337
8.062896
9.300591
9.374044
9.181709
7.819101
9.264372
8.546780
9.447593
8.215850
8.327368
9.173400
7.872041
8.325182
9.242400
9.140445
9.200859
9.622266
9.513217
8.729645
9.059459
9.028886
9.068305
9.824471
10.375471
9.524746
8.321880
8.198153
8.788947
9.022649
8.890319
8.422358
9.077574
8.293281
8.645775
8.821960
9.114666
9.287307
8.933782
8.897080
10.080046
9.047230
9.808101
8.955442
8.522104
9.799802
9.206099
9.244480
9.119542
9.292320
9.579641
9.176857
9.105890
9.156116
8.054119
8.315912
8.655408
9.384905
9.882765
10.310319
9.479041
8.250853
9.098911
8.663727
9.462056
7.899320
9.140483
8.750277
8.685665
9.230483
9.102834
10.021893
9.496077
9.369829
9.306342
8.342122
8.639240
9.632991
9.267702
10.314287
8.460521
8.834963
9.811588
7.391136
9.223074
8.433108
8.442657
9.291427
8.823948
9.501227
9.898345
9.572053
8.196971
9.241903
10.207322
7.737713
9.669997
9.244343
9.123811
8.764740
9.641684
9.601716
8.611593
9.204050
10.198374
9.153188
9.913580
9.422764
9.623339
8.111927
9.600003
9.396825
8.711895
8.448891
9.892888
8.657280
9.707852
9.404229
10.271666
8.297949
9.255826
9.371676
8.276223
8.813936
8.257542
8.566401
8.644807
9.213646
9.827346
8.381648
8.280785
9.086835
8.957083
8.898744
8.754434
9.242751
9.364687
9.900015
9.026895
8.297930
9.308068
8.091613
9.020483
8.487736
9.815232
9.811364
9.826645
8.202856
8.824804
9.583136
8.926755
9.061495
8.291947
9.738935
9.438556
8.213935
7.816169
9.027540
9.424584
10.151474
8.537135
9.000921
9.455421
9.112792
8.816925
8.462054
9.458545
8.299176
9.255884
8.822533
9.389287
9.185906
9.351351
9.565602
8.764493
10.111418
10.019926
9.094437
8.485347
7.748427
9.510239
8.577312
9.664043
8.859373
8.664622
8.650467
9.587039
9.549466
8.316344
8.451339
8.225998
9.098393
9.879934
8.445438
8.936150
8.627723
9.192128
9.009317
8.826771
9.005275
9.044634
7.833034
8.510157
9.797928
9.588733
8.701111
8.817428
8.611310
8.179364
8.943878
8.797540
10.275501
8.429989
9.390302
9.857856
8.720911
8.600198
8.827882
10.554115
9.606175
9.957766
8.629155
8.816677
9.501272
8.649357
10.567957
9.516759
8.884385
10.009816
8.702155
9.927470
8.878128
8.822931
8.799344
10.324720
9.426312
10.737693
9.450025
8.509971
9.635186
8.749477
9.724751
8.520859
8.537601
9.472719
9.513089
8.994215
9.404569
8.882877
8.723145
8.475406
10.011131
9.349348
8.193011
8.459451
8.987858
8.622056
8.827002
8.858051
9.191019
9.332781
9.051223
9.681378
