8.017267
6.697404
9.251501
7.535095
7.327946
6.793367
7.313523
12.369246
6.791032
7.713317
7.593780
8.872053
7.426879
9.510099
6.412694
6.163502
10.544447
9.670832
6.849819
10.462231
7.000556
6.178266
8.936395
9.873614
9.875728
8.884899
8.658282
8.943657
8.395694
9.943513
7.364386
9.712256
7.893099
7.347351
8.170995
5.960058
7.590465
7.897856
8.898004
6.169204
7.625920
9.720404
5.007519
8.692198
7.351743
9.919765
6.568121
8.607476
11.274143
9.412720
8.895894
10.176999
7.862807
8.916017
8.097181
6.890193
7.873889
11.411456
6.956857
6.672801
10.984002
5.946936
7.849058
7.642349
8.379466
7.353209
8.300924
8.917589
5.766028
7.125503
5.140754
6.850825
9.027940
7.539729
7.558614
7.340658
10.418176
6.243910
8.444141
7.621585
5.636058
8.792525
8.632558
7.949221
7.523026
7.499916
5.707759
5.070551
8.622859
9.305822
10.606005
5.472498
9.486548
10.066675
11.142244
10.541283
8.916372
8.733719
10.582220
9.433475
5.919949
6.366375
7.544523
11.406758
8.493272
9.420587
8.987179
8.531581
9.740055
5.531287
5.709462
7.563615
7.376360
7.205973
8.100969
8.067691
6.611764
7.996263
6.941088
10.207186
7.168771
8.718490
7.946802
6.676180
7.553723
9.395076
6.535869
8.659274
9.434791
6.778010
9.182370
6.775715
7.506931
9.083690
8.625746
7.082029
9.712416
10.887397
7.586831
10.891610
10.497011
8.960311
6.547697
8.202626
8.879230
8.527535
6.791882
6.597177
8.049617
5.968445
6.290008
10.857485
9.378848
10.254812
7.854992
8.449162
9.271610
8.789759
5.860156
7.418015
7.910664
6.554984
7.628163
10.051655
7.648284
6.155761
6.828659
11.175002
7.725103
9.798689
7.774033
9.775718
9.801477
7.983757
9.703110
11.532316
8.408611
9.897168
9.340678
10.092357
6.858407
5.967285
7.100061
6.511292
9.175812
8.901680
9.713896
8.226804
11.889270
10.096954
9.720540
9.534451
8.209312
9.013800
10.456636
8.292687
7.445201
6.110866
7.714761
8.441020
9.240055
8.145017
8.132886
9.600049
8.491993
10.338612
7.655815
6.723706
8.975313
5.205875
8.156174
7.735180
9.924097
8.648485
10.938735
5.481156
10.468876
10.152184
10.299164
9.605844
7.364950
6.459332
6.005202
6.110102
7.781826
7.778112
9.380271
11.251816
7.142558
8.337533
8.212992
8.229157
7.432033
6.321738
7.530939
8.430672
8.400283
8.260475
8.276591
7.418256
10.997675
8.652606
9.110214
7.694064
8.811347
8.524045
11.146487
7.553664
10.050940
7.480140
6.680748
9.160175
11.267634
8.821041
9.312205
7.326273
8.029215
8.983653
7.252959
10.610998
4.876410
9.704764
7.432569
6.357614
8.069752
10.818396
10.160247
7.021186
7.959787
7.354219
7.660348
6.762917
8.294350
6.747456
8.696100
4.777781
10.018553
5.841569
9.225527
9.226750
7.945124
7.952754
8.348588
6.622483
10.773894
8.481317
12.848290
8.547245
8.367259
7.333287
10.617380
7.771078
7.599620
6.869737
9.098479
7.919532
9.299695
9.629391
5.807999
8.852056
8.360761
7.632795
9.054845
10.354732
7.401714
8.812642
9.166339
8.244469
8.833016
9.976341
8.439080
6.418537
8.717842
6.227492
9.829276
8.719883
6.814248
6.892115
11.128697
8.472643
9.289598
7.463856
11.350373
5.948688
7.812862
6.976662
7.603954
7.331509
5.612943
7.597530
9.470599
6.623910
7.023471
6.303402
9.399895
6.796917
6.154184
7.640317
9.088453
5.044892
10.813588
8.615554
5.499034
10.900861
8.588697
6.412075
12.535407
8.299977
7.986855
10.925074
9.235332
5.442120
7.880571
10.245594
10.800229
8.927881
7.518571
10.588614
9.579245
4.457688
7.220873
6.992565
7.682747
7.871548
9.644677
7.219414
10.431046
7.575681
5.825004
9.523937
12.002475
9.004044
7.456744
7.107739
7.192628
7.208987
8.766416
6.053024
10.462110
6.966303
6.920542
7.299927
6.732990
5.265523
8.410851
8.363918
7.105727
8.078607
7.152438
7.199675
10.201208
9.596611
8.863519
8.318076
6.878177
8.863478
9.302207
8.812391
8.487896
6.239122
6.516122
7.810876
8.572932
9.567271
5.694725
7.341450
6.576642
7.526806
7.251023
8.162087
8.328941
7.302377
9.406081
8.758558
7.868124
10.149749
9.765926
7.087921
6.954789
9.353847
7.730749
7.189087
9.078594
9.427264
9.568540
8.698113
6.664007
7.808516
9.138023
7.873453
8.128845
8.979152
7.628008
10.418674
9.037733
7.316319
7.333602
6.426636
9.068179
9.628737
9.428101
7.131734
10.799823
9.682427
6.342283
7.016423
7.710995
9.006184
9.049675
7.524028
12.708949
7.208185
7.844246
7.664310
9.493850
7.674459
8.556890
8.979139
9.759577
8.581894
10.057772
7.091080
6.779214
9.670782
10.093866
9.503657
8.302104
9.196923
8.291274
8.415510
7.190132
9.634109
10.044831
8.245612
6.389798
8.315479
8.784739
9.986812
5.977915
10.303471
8.955559
10.380793
9.601247
10.726425
6.495769
10.479394
8.696624
7.564542
9.337256
10.996691
8.977636
6.004578
11.700908
9.414578
9.021702
7.849518
8.649674
7.567208
8.924198
7.084323
6.568590
7.560905
8.734888
6.341568
8.251930
8.913292
8.752539
5.708762
7.293370
9.104631
8.581752
10.545620
6.517286
8.058718
7.222692
8.979630
6.719707
8.857506
7.342230
8.056841
8.603211
6.788287
7.320290
8.787359
8.410033
7.844387
7.654684
7.377890
8.105088
9.414130
7.067461
7.921711
7.044098
7.541016
9.407051
8.479843
8.381854
7.831907
8.933524
10.516031
9.160383
7.809140
7.503797
7.495323
10.395621
5.766151
10.354829
8.659422
10.215987
9.383264
6.248381
9.247741
6.771709
10.503600
6.616459
6.697310
10.331250
7.900177
7.213606
7.212883
6.691696
10.112202
10.710845
8.325050
8.838843
5.376307
9.655081
9.391436
9.297961
10.768782
5.980191
8.624898
9.077663
7.949386
7.960646
6.831186
8.869187
7.811482
8.425297
11.778033
9.881665
10.749452
8.401439
10.323608
7.410580
6.619091
8.349313
6.347085
8.718159
8.330426
8.468994
10.903903
6.907173
6.425620
10.160562
8.547963
7.321300
9.280780
8.385927
7.318088
8.028407
8.965850
9.506637
8.866107
5.855069
5.903739
8.702591
6.600010
11.052857
8.255872
9.429121
7.324221
6.043499
6.632615
9.623418
9.873256
8.608647
9.824273
9.814450
8.151429
7.076606
5.660279
6.967055
8.709026
10.149651
9.335779
7.413739
8.547209
7.425339
8.975223
9.518085
7.702941
6.335013
8.160584
7.501849
8.366845
7.955170
10.207367
7.639519
10.824704
7.862518
7.957551
6.048608
9.559204
10.646203
5.941152
8.665796
10.094937
6.736161
6.393621
8.011451
9.229088
8.678695
8.766238
7.945213
8.149816
8.200843
7.626939
8.520356
12.977344
7.858486
9.140001
8.121323
5.825658
7.725938
11.308376
8.397969
8.290974
8.952328
10.096095
7.606189
8.755818
7.730757
9.022211
8.866878
7.145350
8.000315
6.733199
6.250698
10.069170
6.777447
9.643669
8.426425
10.054710
6.706038
13.922933
8.637876
9.848339
8.715521
7.697254
5.530537
7.910539
8.861791
6.326116
9.368287
9.504468
6.723566
7.516949
9.510543
11.173786
11.083308
8.417251
10.445285
7.251528
8.447098
7.273793
6.671689
7.610100
10.569561
13.617193
7.955598
12.041213
9.004112
7.673114
8.238824
9.138713
7.734906
8.522551
7.897010
7.571051
6.592839
8.642410
8.363590
7.395388
8.231160
8.901527
9.280380
9.645448
7.360650
8.425565
8.969563
9.441344
8.332613
10.215407
7.936314
8.506138
10.107410
12.393762
4.953628
7.933802
7.334711
9.441341
9.306973
6.628788
13.897973
11.312896
6.050357
7.001310
6.532753
4.907949
7.365226
7.717836
5.952048
6.111041
8.896733
7.430285
9.684826
9.696464
10.522013
9.662293
8.150002
8.568575
9.560761
7.920105
8.915343
9.411073
8.059305
7.122861
6.724457
8.957100
7.661348
5.244769
8.363305
8.154494
9.335192
6.055204
5.699586
7.965031
9.157138
7.921285
5.942638
6.117374
11.345740
8.746925
6.745516
10.261893
7.712935
9.143324
7.823563
7.984573
8.806944
9.661265
4.953490
6.851835
9.408491
9.161667
12.030401
6.590412
9.744494
7.510763
5.490365
10.410178
9.830409
8.308786
8.246165
9.883313
8.402381
10.275531
7.102253
9.375258
4.730385
7.913780
7.847465
7.786486
9.326271
9.215320
8.923156
8.683300
7.103732
7.770367
6.872269
12.003031
7.516185
8.837740
8.295605
7.205002
10.178704
6.040333
9.186580
7.860044
6.818852
7.214697
7.543577
7.464040
8.513010
8.383673
8.008302
8.919443
8.328302
7.052711
6.459756
9.356507
10.502575
6.527831
6.058059
7.543454
8.594075
9.178689
9.609173
9.366784
9.080895
8.143498
10.670374
9.972164
9.511493
8.547926
7.421121
7.650789
6.916234
7.774291
6.153411
7.063396
7.793877
9.407294
7.994319
10.370095
9.081158
10.845532
7.526704
7.405103
9.975060
8.154421
7.871224
6.441755
7.006663
7.745029
7.913742
6.059161
8.144342
9.931642
8.179415
10.286635
6.507815
10.223050
8.364556
5.040913
8.598042
10.660621
8.717277
7.786626
6.885778
7.493235
8.434371
9.827770
7.217314
7.610894
9.890651
10.353850
7.947775
6.942840
6.726149
5.248401
8.711980
12.705938
7.671774
11.983635
9.507036
10.457797
9.408411
9.327935
10.888229
7.313063
8.769701
7.778630
7.890777
8.026175
8.366641
8.291794
10.437382
8.215874
8.898457
7.491874
7.595177
8.571831
6.382777
10.329882
8.242029
5.603950
6.973861
6.718609
6.768144
11.630797
11.546403
9.216706
10.519165
8.746615
8.014109
9.083003
6.789224
7.331228
10.343254
8.646398
11.756725
9.893656
11.099602
8.927683
7.716843
8.366925
7.947905
11.167259
7.477448
6.966198
6.181596
6.571904
5.642601
8.317383
10.296951
8.638314
11.101076
9.708697
6.090279
7.630810
9.235517
8.665918
7.963972
7.593805
8.126862
9.132614
8.691403
7.025704
8.317696
7.925120
7.979803
6.572230
7.318885
7.150022
6.677380
6.729231
8.898336
8.249566
8.673326
9.446370
9.990654
7.383722
6.185705
11.023220
5.799034
9.010633
11.284654
6.078685
8.804895
7.665738
5.933237
9.287055
7.764665
7.515232
10.407507
9.746438
8.099677
7.837866
