9.167909
9.656200
9.173582
10.173069
8.212031
8.517307
9.112161
8.855338
8.686289
8.619788
9.164835
9.351021
9.411012
9.247873
10.202774
9.198474
9.521171
9.929929
9.146647
9.633186
9.171284
8.268185
9.294623
9.097649
8.501006
9.170114
9.096827
9.590973
9.330521
9.023908
9.062183
8.968911
9.314544
9.277355
8.883408
9.721136
8.463154
9.210364
9.688478
9.447128
9.549804
9.137695
9.376512
8.981010
9.655807
9.353144
8.315369
8.464374
9.284969
8.656217
9.190447
8.994851
9.418513
9.020556
9.919251
9.514799
9.419837
9.016026
9.613047
9.130868
8.716860
9.257573
9.538248
9.316823
9.385371
9.775765
9.697539
9.444880
9.414266
8.856289
9.536978
9.239570
9.210448
9.411998
9.604637
8.814978
9.416833
8.672901
9.098097
9.352622
9.734481
8.464115
9.284938
9.474407
9.039307
9.116746
9.116773
8.525567
8.551898
8.779202
9.153851
9.241074
8.939322
9.804093
8.461316
9.079358
8.947031
9.392650
9.479999
9.021145
9.733127
9.047102
9.504859
8.296828
9.831646
8.653958
8.689904
9.060745
8.259532
9.088448
9.328688
10.105470
8.945441
8.698611
9.224842
9.431150
9.385401
9.391640
9.111182
8.944882
9.492447
9.083394
9.298463
8.700403
8.959873
9.575443
8.767475
9.412329
8.913482
9.455726
8.687373
8.693026
8.646745
9.312809
9.120568
8.584161
9.483201
8.599986
8.540558
9.184943
9.106604
9.546070
8.751865
9.598378
9.141861
9.427521
9.177763
8.596433
8.683442
9.021777
9.025788
10.055280
9.647411
9.451985
9.516480
8.543336
8.999212
8.879914
9.107771
9.296290
9.060497
8.338234
9.200262
8.727904
9.050393
10.220106
9.186202
8.765109
9.059031
8.641293
8.863811
9.293988
9.198200
9.782113
8.774793
9.237163
9.663832
10.073063
9.247113
9.159500
9.954625
8.767878
9.031947
9.167770
8.463222
8.678217
8.866479
8.351282
8.749750
8.019296
9.659776
9.710136
8.985198
9.038897
9.061007
9.274550
8.242834
9.257034
9.000856
9.105561
8.579409
8.875121
9.196115
8.049685
9.029452
10.099728
9.462814
9.320437
9.210141
9.195700
8.984127
9.058721
8.622653
9.749435
9.396823
9.315935
8.987194
9.753799
9.370743
8.988579
8.612328
8.914260
9.360917
9.008725
9.519346
8.820341
9.814994
9.436462
8.782385
8.694828
9.180950
9.618593
8.833274
7.955516
8.630304
8.959119
9.587772
9.579511
9.289712
9.557191
10.694866
9.388387
10.058550
8.352320
9.353995
9.397332
9.149711
9.393205
9.324521
9.381000
8.707267
8.453443
9.367844
9.352680
9.613753
9.107477
8.456744
9.128692
9.241483
8.772391
9.003444
9.170203
9.430335
9.638432
9.255670
8.900736
8.681650
8.782733
8.546735
9.353247
9.247068
8.996111
9.258106
9.139377
9.166505
8.581594
8.815393
9.240895
9.052260
9.573218
9.779761
9.133154
9.154977
9.328120
8.912765
9.577555
8.615250
8.820062
9.891632
9.178550
9.306711
9.900985
9.781750
9.623831
8.893087
8.836796
9.840786
9.016924
9.662460
8.387230
9.087152
8.625251
9.311311
7.437216
9.192583
9.503622
9.448235
8.979466
9.837369
9.093547
8.643927
8.970482
9.286201
10.097167
8.891546
9.065829
9.262194
8.273687
9.196609
9.484573
9.803090
9.766262
8.856121
8.481673
8.758208
9.082493
8.735210
9.405295
9.212942
8.634303
9.246931
9.147846
9.629393
9.318537
8.438977
9.404358
8.884589
9.064555
9.259709
8.913354
9.484054
8.526684
9.551560
8.718029
8.795766
8.872561
8.961389
8.798954
8.851922
8.524688
9.682068
8.668703
9.661180
8.907029
9.510149
9.772862
8.992417
9.615442
8.964843
8.899250
9.349485
8.762109
8.869495
9.525891
9.502241
9.039452
9.597756
9.074425
8.972764
9.210686
9.696976
8.798474
8.635265
8.561653
9.109308
8.674518
9.169760
9.523485
8.912898
8.888111
9.199243
9.848570
8.878890
9.367409
9.403010
9.026881
9.467691
8.784536
8.988034
8.977601
9.519077
8.999462
9.627516
10.038635
9.390515
9.293896
9.246326
9.016630
9.979944
8.825415
8.773233
8.406935
9.643312
9.305656
10.178096
9.748276
9.676364
8.642787
9.247079
9.293376
9.819054
8.568332
9.722952
9.995080
8.804970
9.279726
8.132463
8.783711
9.186981
9.542835
9.239195
8.983876
8.308697
8.770131
9.748179
9.234244
8.761595
8.363235
9.147521
8.552433
9.356026
8.781860
9.310458
8.625992
9.253615
8.876160
9.959778
10.179163
8.884940
8.585786
8.817445
9.249387
8.338760
9.370667
8.993002
9.458782
8.540907
8.224147
9.260802
9.585128
8.678879
9.276497
8.504991
9.620678
9.608164
8.951073
8.915752
9.039499
8.433603
9.319258
8.870253
8.745426
8.964754
9.478772
9.422480
8.954377
8.967085
9.101746
9.150242
8.516487
9.377096
8.624998
8.901833
9.028838
9.331474
9.584981
9.244873
9.682068
8.651967
8.226380
9.203611
9.775491
9.154698
8.800549
8.710723
8.708315
8.754718
8.651244
9.755323
9.003686
8.960101
9.508895
8.564831
9.201215
8.621866
8.875713
9.404793
8.548860
9.019610
8.835538
8.688150
9.440549
9.502524
8.784022
9.136147
8.331242
8.724348
9.200309
8.940024
9.364019
9.213443
8.670864
9.836257
9.238414
9.171373
9.018391
8.949427
9.921118
8.822785
9.010457
8.682499
9.080015
9.900318
9.431524
10.056258
8.634534
9.269032
9.424521
9.235808
8.765908
9.850592
9.145154
9.266206
8.848041
9.125897
8.644022
9.192782
9.576920
9.419244
9.275721
9.271954
9.898848
8.937408
9.027278
9.049586
7.855623
9.043105
9.257287
8.686402
8.901042
9.124372
8.944553
8.964879
9.318163
8.925269
9.008030
9.153074
9.411080
8.797386
9.103792
8.733509
8.532404
9.633113
9.255118
9.603832
9.160568
9.042513
9.637254
9.669112
9.098907
9.198310
9.211839
9.027124
8.832066
9.226613
8.763726
8.971470
9.106694
8.352249
9.709546
9.368446
9.316288
8.887763
9.328615
9.737763
8.754239
9.296947
9.909736
8.231129
9.365454
10.103842
9.249596
9.377498
9.030386
9.883249
8.089679
9.027379
9.294765
8.800476
8.651327
9.654928
8.686540
9.651828
8.722580
9.206719
9.040732
9.086070
9.712052
9.462108
8.844248
9.199906
9.153147
9.566119
9.211727
8.552055
9.091636
9.057450
9.298003
9.107288
8.733130
8.444621
8.631783
9.022773
8.960382
9.217725
8.605867
9.409923
8.900637
9.198253
9.243747
9.342042
9.544769
9.638350
9.530250
8.708258
10.155745
8.480621
9.221748
8.836052
9.395831
9.040294
9.656684
8.481620
9.163739
9.192782
9.086319
9.101581
9.511996
9.235145
9.619890
8.291066
8.412189
9.211536
8.756698
9.013904
9.204346
8.839659
8.372947
10.092518
8.872438
8.501625
9.625019
8.872182
9.252216
9.019058
9.068819
9.542714
9.208687
9.147623
9.161461
8.859389
9.389811
8.291410
9.628681
8.889397
9.132992
8.953130
9.151156
8.496516
9.211492
8.368560
9.964705
9.774445
9.057193
8.597461
9.146519
9.017785
8.996737
8.422580
9.428523
8.813783
9.482009
9.018164
9.444464
8.931942
9.361577
9.857841
8.828204
8.789679
9.242502
8.686322
9.006451
8.629166
9.395437
9.272074
8.812010
9.866822
9.340180
8.845153
9.663787
9.371291
8.969688
9.142550
9.262109
8.785192
8.809088
9.197363
9.532951
8.354097
9.451362
8.729436
8.335493
9.435403
9.143398
9.001371
8.963576
9.283407
9.318667
9.160136
8.937166
9.596063
9.146317
8.489576
9.197916
9.015572
9.603894
9.563159
9.798160
9.478605
9.405228
9.868484
8.710522
9.221862
9.248613
9.147329
9.828020
9.264313
9.329245
9.845468
8.671567
9.228072
9.065491
9.643723
8.963514
8.981809
8.782406
8.855383
9.460430
8.978097
8.819930
9.078824
8.712536
9.211202
8.711548
8.667845
8.680343
9.050317
9.364762
9.586650
9.343782
9.551481
9.258920
9.200883
9.124119
8.513541
9.106729
9.595980
9.300537
8.789176
8.579783
9.020401
8.899747
9.987572
8.852649
9.607910
9.293820
10.168793
9.393367
10.135630
9.115059
9.097438
9.463651
9.906135
9.335016
9.393445
8.851432
8.345728
10.289215
9.581886
8.117640
8.992256
9.385361
8.783344
9.446781
9.376525
9.437670
8.968492
9.013946
9.137750
8.436035
8.908444
9.663462
9.242089
9.525598
8.922443
9.580354
9.085614
9.154513
9.010082
9.053668
9.566905
9.198140
9.518496
9.069365
9.450760
9.456253
9.632213
8.740115
9.111591
9.761449
9.722140
9.718321
9.126317
9.055295
9.196871
9.080617
8.512539
9.627163
9.512103
10.241127
8.927616
8.950453
9.110506
9.481541
9.165511
8.986326
9.093366
8.326416
8.725824
9.005835
9.066522
8.724825
9.325542
8.968728
8.654438
9.197556
9.227661
9.199448
8.884115
9.241481
9.379146
9.189773
8.869820
8.316757
9.691377
8.585148
9.563282
8.698653
8.745014
8.728367
8.902048
10.593580
8.729033
9.551292
9.597381
8.897601
9.446833
8.496672
9.260966
8.836516
9.059705
8.949546
9.842042
9.182187
9.440671
9.286506
9.005074
9.490327
8.925927
9.160251
8.876248
8.911935
9.157704
9.956987
8.472189
9.069244
8.023004
9.072853
9.497910
8.821860
8.881274
9.165182
9.440136
9.650445
9.029893
9.311846
9.005866
9.564789
9.281220
9.132976
8.791114
8.969279
10.031994
9.354022
9.612280
9.341301
9.312596
9.577600
9.429769
8.823395
8.957459
9.116608
8.658049
9.136667
9.942597
9.716588
9.059313
8.958305
9.300576
9.216961
9.083668
9.265663
9.347982
8.813365
9.383159
9.019195
9.903830
8.419109
9.036852
9.244023
8.279482
9.021231
9.001208
8.883320
9.247573
8.593905
8.950077
9.747128
8.473663
9.641473
8.759650
8.649044
9.385246
9.880135
9.717164
8.956517
8.691829
8.689257
9.530314
9.396742
8.872243
9.610727
9.565719
9.217140
8.719113
9.221161
9.047848
8.958899
8.770097
8.995282
9.202600
8.661293
9.063389
9.675147
9.264665
9.286126
9.161467
9.537053
9.858959
8.906896
10.002322
9.483222
8.857111
8.701064
9.680153
9.029147
9.116100
9.429258
8.563366
9.727202
8.360323
8.637987
9.364672
9.101817
9.897032
9.574912
9.037397
9.494971
9.200290
8.656362
