9.572896
9.201767
6.596605
7.116938
9.303039
10.863063
10.082881
9.576684
10.442302
8.116731
11.108372
11.181164
9.852025
9.259687
8.793475
8.874438
9.952128
8.468974
8.795940
7.535350
7.631058
9.484805
6.771075
7.104880
9.972986
9.863210
7.336214
9.274350
9.012819
9.446628
9.167853
7.841433
7.192767
7.460086
7.346451
8.521276
8.590762
8.651111
7.240985
8.510989
8.436742
6.947993
8.315097
8.171575
9.793134
9.485603
8.556947
8.419030
12.114221
9.122742
8.395871
7.322726
9.561830
8.278627
7.160610
10.911104
7.413248
8.889902
6.517807
7.981449
7.528695
9.430256
12.421932
9.953104
7.659283
7.899777
8.668161
7.631095
8.230838
10.212742
10.512118
7.708500
9.015020
7.829581
8.732794
8.495475
9.604034
6.691226
11.076312
12.747898
8.935988
7.949394
9.255361
8.939001
7.455287
6.577259
6.586268
11.259540
9.727925
8.853971
8.594367
9.177824
9.414819
9.659666
8.934020
7.608919
11.253224
9.499578
8.179864
6.222750
11.624334
8.017313
7.896380
8.719842
8.036295
7.655633
8.155137
8.262989
8.198242
8.902021
10.537636
6.238388
11.382274
9.157611
7.613215
9.038980
9.338692
7.233568
7.503525
8.513756
8.718501
9.123589
8.725706
8.789770
8.510726
8.608453
9.876700
12.041344
7.147925
10.046248
9.977528
8.716630
8.512603
8.953943
7.677243
7.639317
7.318517
8.792997
7.823165
7.732018
9.326519
8.965440
9.555292
9.257111
8.472207
9.068215
8.574504
9.887119
12.097645
9.838879
7.901500
9.307147
8.450470
8.745333
9.046258
7.768190
8.013940
9.333664
11.491460
7.290355
9.491333
9.195987
5.929292
10.825453
8.963227
8.193528
7.270189
8.889386
7.455401
7.916764
8.098000
7.924320
7.277405
7.135487
9.315946
8.098793
7.582261
7.719241
8.409730
8.402424
8.050331
8.444104
8.730627
9.833471
7.285008
7.829642
6.821819
8.746010
8.126176
9.152109
9.710696
6.886847
7.446249
8.761042
10.463521
7.764038
7.239057
9.675520
7.872277
8.462392
9.644535
7.427892
8.686938
8.149412
10.868760
8.606630
10.639938
7.985194
10.769211
10.277687
8.592782
5.512064
8.558332
9.537250
11.098325
8.465233
8.929569
10.813871
8.186851
8.199398
8.679809
10.023725
9.643929
6.358377
9.273632
10.684914
8.839994
8.668316
8.503260
8.584218
11.628124
7.795426
8.831796
8.877138
5.788225
9.231745
8.402717
9.389890
8.815751
7.822790
8.594863
9.460126
8.840315
7.537482
8.321604
9.484580
9.144285
7.913071
7.166202
12.145634
8.733504
9.912999
7.690031
9.989559
9.979296
8.198345
7.874364
7.274305
7.838298
9.236077
7.963512
9.464779
10.288087
7.785911
8.426646
9.943263
9.253131
8.905050
8.239350
8.458262
8.889515
8.674680
7.639916
8.040236
7.168381
9.448272
8.395300
7.143917
10.813464
7.993600
8.471126
10.381488
10.072630
9.202228
10.045090
8.883610
9.210664
8.422781
10.482121
7.477981
10.118400
8.113359
8.908632
6.860777
8.508185
9.315353
8.596744
9.360568
9.061928
8.720643
7.398146
6.899520
9.921883
13.367733
7.918198
10.090902
8.326587
10.422870
9.721475
6.845915
8.210073
11.710335
8.642523
10.580350
10.166021
8.531373
10.079507
8.561581
7.749392
9.330065
8.662023
7.397192
8.310625
9.042735
9.082367
10.870213
8.730683
7.865745
11.397402
10.140115
8.314940
9.038197
9.537277
8.801722
8.972971
7.554145
9.830960
9.210045
10.075941
8.210373
7.909107
10.193900
9.392250
9.061414
8.599666
7.788470
6.789554
9.099556
9.132286
9.018072
8.690486
8.083010
9.174632
9.165460
9.717720
5.924602
9.288683
7.984336
9.035975
9.351152
8.408877
10.303078
8.606151
7.971597
9.627675
6.702315
10.615365
9.911750
9.269633
9.233117
9.373372
7.094995
7.517317
8.774607
7.137065
8.578088
7.505622
7.186340
7.290143
9.017132
11.469784
8.557802
8.551345
8.771202
9.055459
9.969549
7.883313
9.015339
7.487520
10.244268
8.275791
8.700872
10.078892
9.502557
9.672886
7.593248
9.765828
8.498549
8.699393
9.882450
7.640631
10.417473
8.493760
8.239426
8.604726
9.589032
8.923998
8.696807
7.818164
8.975146
7.781943
9.901889
6.048413
10.167153
7.719443
12.528683
7.797900
10.557746
7.128479
7.126110
9.132574
10.844761
7.193959
7.895899
8.139119
7.140132
8.897175
10.833678
10.756147
7.772573
7.547254
8.926423
8.143998
8.802175
9.921367
9.634402
7.689847
10.009526
8.411197
9.262314
8.515911
9.644042
8.478272
9.684704
7.984859
9.075677
8.989275
9.205325
11.140683
7.355813
8.905341
9.520737
9.851959
9.985641
8.731666
9.135166
7.709443
6.312115
8.712507
9.001857
10.162982
8.781893
8.568779
9.341484
7.889080
8.505255
8.500759
8.523371
7.736485
7.039725
8.069394
11.073350
8.784721
8.517701
7.431474
9.971348
8.263100
9.268786
7.684020
8.433089
7.746853
6.578443
6.538007
7.417596
9.555094
8.221181
8.190620
10.029430
7.634881
7.552070
9.680875
9.536735
8.789349
6.796674
12.073667
8.255773
8.537084
8.308627
8.885156
8.064501
8.705573
10.529931
8.338221
8.950978
9.943902
8.205302
8.156549
8.974430
8.669995
8.566283
8.999268
9.828857
8.556633
7.456974
8.486433
8.755925
9.117629
9.958033
7.919251
9.980046
9.642740
10.769743
7.400171
9.655321
7.994164
7.411831
9.506464
8.154132
9.701632
9.189398
7.756916
9.543580
6.208226
7.634187
8.018275
8.874333
8.987891
10.401361
6.864199
7.362951
10.183265
10.484783
7.373069
10.228619
8.931030
10.167874
7.737957
9.076903
9.134632
7.993273
9.459632
9.348186
8.654743
9.305893
11.096613
6.974566
9.387045
7.090218
10.546313
7.075680
7.452308
8.473010
8.722784
9.079184
8.263080
9.078945
8.229409
7.312113
7.302689
9.426338
8.425369
8.626963
9.156023
9.267038
8.952043
10.407979
8.493790
12.511903
8.933484
7.963892
7.659329
5.452353
9.171462
8.758025
9.263241
7.206335
7.637229
6.961282
8.659558
8.748738
8.706437
7.975247
9.867332
9.953952
9.948082
7.578909
11.413967
12.155331
8.046465
7.627347
10.539915
8.754816
9.778734
8.042945
7.411409
9.595411
8.666164
7.126546
10.462698
9.963946
6.794853
10.205762
9.509073
10.461250
7.981596
9.180539
7.862289
8.653262
9.798961
9.236173
8.658843
8.817944
9.061966
8.810063
7.972726
7.402671
7.865791
8.619162
6.866414
9.898253
10.429310
10.889802
9.128960
7.443600
8.303735
8.771869
10.078299
8.635334
8.367121
9.408613
6.536232
9.652369
9.374891
7.570406
7.724199
8.668123
9.906856
8.863263
9.876318
8.360586
8.874107
9.153454
10.617611
11.061015
9.669250
9.730625
8.991487
8.364107
8.925249
7.763557
8.772116
7.208070
10.039538
8.178223
8.498787
11.369635
9.348843
9.650308
8.186851
8.194178
9.749904
8.792651
8.112567
9.367920
8.027707
9.355270
10.080656
7.624675
8.293796
10.645896
6.915683
8.932032
7.881069
10.769172
8.616727
8.223852
9.785529
8.657930
7.444538
11.637461
8.627899
10.063395
6.756411
9.335301
7.958916
8.322782
9.450695
8.905288
10.313802
7.513497
6.936568
9.397390
8.154753
7.733882
7.368287
6.884471
9.418532
7.382033
10.988860
8.156743
9.378587
6.243489
8.125087
7.814487
11.194155
8.370023
10.035403
8.728411
6.529973
8.899483
5.157373
9.255472
8.100622
10.821692
9.008678
8.819355
9.840127
8.387497
9.327757
6.184780
7.469333
8.048356
7.453713
8.998966
8.944092
9.174356
8.250548
7.079851
9.624711
8.565346
9.899572
8.726114
9.207411
8.470767
8.848464
8.546206
9.128059
8.193009
7.810265
7.559349
11.280347
8.984779
8.883941
8.323371
9.650354
6.828634
8.937400
9.335093
6.408361
7.351622
8.010320
8.204091
9.684923
10.912438
9.390321
8.492876
7.695799
6.914058
8.171522
8.049814
8.980450
10.708834
10.060114
10.242493
8.481598
9.574307
6.564786
7.668459
8.752208
9.391513
9.922021
8.430126
8.293471
9.402202
9.584114
8.100000
9.318623
7.932571
7.982987
7.728971
8.905374
6.639040
6.832398
8.874219
10.563743
9.132723
9.079293
10.082111
8.203913
9.639668
8.430857
8.823955
9.032229
8.383889
7.537713
7.755881
9.192527
9.139895
7.667181
11.641185
8.577609
7.998017
9.728092
7.891923
9.959270
8.286831
7.620559
8.301991
8.389005
7.895947
10.665368
9.278310
7.246276
7.315158
6.638023
6.796055
9.535055
10.297224
8.019442
9.706389
10.118101
8.893399
8.457558
9.533538
9.739188
9.101191
11.056032
8.822735
9.603094
10.603701
9.107297
8.336650
8.597730
10.204186
8.400296
9.820715
6.439223
8.669771
8.017166
7.358901
6.992517
9.869814
9.147148
6.372920
12.472844
11.973301
8.714380
5.746344
8.431941
7.301423
8.117280
9.283734
10.056486
7.921330
8.192786
8.474076
6.775013
10.212757
7.765929
7.396522
9.323780
8.368127
7.990075
7.473660
6.608168
11.551558
10.589538
7.800744
8.530664
7.134119
9.554036
9.955557
11.259967
10.029449
7.318082
11.516415
9.305107
9.601747
7.667224
10.707236
8.722104
8.600514
9.977509
7.900776
7.917371
9.800933
7.779557
9.518836
9.526436
7.899486
10.338939
9.177997
8.609439
9.942381
10.379737
9.010291
8.205587
9.129128
9.722467
7.817356
7.209522
8.976916
8.141386
9.962668
9.821756
9.290977
8.832744
7.949277
10.708443
11.540293
8.698448
9.402485
7.482662
9.987919
8.279318
9.777217
11.419787
8.011571
9.079457
9.404089
10.265363
8.843405
6.799155
7.618311
7.217905
9.007020
6.545913
10.543134
6.636721
6.526544
8.531645
8.815257
10.220068
8.353478
8.311471
7.876231
9.373794
7.447768
9.811955
8.459376
7.157873
9.448182
6.901169
9.236556
11.136007
8.698755
8.232780
8.860606
7.297557
10.046968
8.452870
7.690293
9.047039
11.873610
6.442615
7.775645
7.458771
9.328349
8.490275
8.204768
8.094781
9.224813
6.243346
10.391733
7.562702
10.997517
8.271392
9.063442
11.131318
7.669807
7.891230
7.108280
7.152448
7.986585
9.506900
8.629628
8.975601
6.580776
8.538137
8.369112
6.829752
10.096804
8.742672
8.085013
9.200414
7.209576
10.288285
9.647255
6.863143
9.067452
