9.596897
8.493097
9.333080
9.553414
9.054311
9.098490
9.184379
9.181098
9.345124
8.708792
8.911082
8.674718
9.149277
9.253551
8.601158
8.726599
9.285719
8.873905
9.032168
9.461572
9.722657
9.422826
8.934618
8.445520
9.178510
9.291489
9.513496
9.182675
9.119979
8.768812
8.837996
9.478494
9.414144
9.079584
8.905586
9.932693
9.211203
9.261512
9.042624
8.776451
9.465295
9.387643
9.091393
9.295525
9.196116
9.261475
9.210314
9.265825
9.636493
9.116582
9.081676
8.910922
9.333254
9.467210
9.341678
9.396539
8.816289
9.714925
9.349566
9.232235
9.058405
8.840092
9.206928
8.591635
9.083469
8.901133
8.945218
8.838203
9.146615
8.981769
8.784116
9.333970
9.791608
8.925634
8.970230
8.639657
9.126069
9.077144
9.074802
9.568223
8.948525
9.372546
9.210001
9.252884
9.086419
8.860666
9.543987
9.210979
9.284881
9.118572
9.507629
8.843757
9.416131
8.845873
9.131738
9.829911
9.052340
9.420091
8.728932
9.409520
9.217220
9.207973
9.200287
9.933977
9.179249
8.826771
9.471542
9.761393
9.236909
9.193247
9.135760
9.204517
9.135044
9.716616
9.199974
8.844268
8.909403
8.974854
8.948325
9.392922
9.327248
9.511947
8.819671
9.305700
9.094491
9.064913
8.500850
9.204333
9.091220
8.652426
8.802963
9.075025
9.078538
9.069658
9.171896
8.904019
8.865930
9.341788
9.208160
9.048866
8.870028
9.003134
9.377366
9.191684
8.922742
9.688838
9.509011
9.028389
8.989030
9.034922
9.226673
9.099518
9.472639
9.326058
9.623005
8.997417
9.183468
9.168110
9.364375
9.144820
9.350679
9.016793
9.410898
8.843496
9.365131
8.951203
9.922696
9.111558
8.733715
8.981721
8.667428
8.681508
9.563358
9.093425
9.056834
8.905656
9.188472
10.056744
9.154496
9.244000
8.844607
9.601890
9.540851
9.743582
9.114606
9.350742
8.366612
8.859155
8.970813
8.904233
9.357564
9.520678
9.147546
9.462491
9.152441
9.568517
9.377110
9.041448
9.304164
9.309456
9.091431
9.523626
9.392056
9.331202
9.361865
8.963764
9.581834
9.453610
8.878014
9.096937
8.858431
8.931120
9.192651
8.704193
8.647416
9.142434
9.220286
8.945401
9.334283
8.566429
8.838885
8.487983
8.907738
9.099322
9.110879
8.895911
9.185143
9.840960
8.704058
9.327165
8.678754
9.211160
9.161543
9.058345
9.141647
9.004625
8.914813
9.523363
9.409649
8.757755
8.972269
9.298088
9.457194
8.426986
9.168820
9.203395
8.880762
9.052089
9.598949
9.390808
9.529963
8.932724
8.859995
9.199591
8.580556
8.742512
9.724466
9.104819
9.230906
8.485116
9.555842
9.300561
9.550286
9.492113
8.663914
9.541584
8.988252
9.060090
9.243303
8.795813
8.829696
9.777264
8.963986
9.441545
8.965238
9.494942
8.896371
8.996392
9.278116
9.207835
9.324956
8.771195
9.179473
9.334394
8.833492
9.337038
9.401910
9.030594
8.826594
9.172477
9.446728
8.869356
8.681706
9.816595
8.622408
9.141369
8.809047
8.828643
9.095640
9.126125
8.988541
9.248690
9.514541
8.907345
8.997533
9.203839
9.147956
8.907194
8.795289
9.616545
9.166862
9.391904
9.900768
9.185949
9.840088
8.847037
9.556486
9.266651
9.059535
9.253191
9.128904
8.606695
9.409400
8.667582
9.034397
9.371932
8.728349
9.099312
8.712317
9.144569
9.275670
9.139927
9.250356
9.450034
9.200133
9.048703
9.184638
8.855085
8.917532
9.019088
8.720033
9.538244
9.195645
9.237770
9.568614
9.167881
9.494516
8.979749
8.551110
9.733626
8.822602
8.797664
8.979436
9.818106
9.370449
9.329336
9.106178
8.928937
9.802485
9.352566
8.517088
9.169923
8.800074
9.349658
9.084082
9.015676
9.108173
9.673075
9.205304
9.036500
9.140525
8.934114
9.348635
9.525696
9.124942
9.193264
9.265871
9.070006
8.933464
9.083297
9.326241
9.562023
8.859917
9.134591
9.395760
9.490161
9.414642
8.483717
9.467529
9.405169
9.354818
9.340212
9.494603
9.285311
9.141485
9.497144
9.171021
10.493581
9.088622
8.491221
9.213811
8.837077
9.838743
9.455947
8.609519
9.067662
8.816459
9.165329
9.240358
9.492445
9.283256
9.551604
9.757196
8.739943
8.712763
9.353928
9.272414
8.748420
9.065875
9.256333
8.689030
9.683528
8.895806
8.660634
8.632149
9.138478
9.200605
8.575815
9.229726
9.244652
9.411279
9.323987
8.964031
9.082469
9.013990
9.038612
9.207249
9.357248
9.159604
9.230441
9.167556
9.116321
9.131098
9.069500
9.070421
9.056339
9.207788
8.819011
8.795421
9.121701
8.916075
9.050635
8.585715
9.368443
8.931026
9.289868
9.638289
9.523960
8.582717
9.607132
9.224555
8.849466
9.264832
9.310776
9.074946
8.517100
9.596053
9.344388
9.187297
9.460964
8.854635
9.645874
8.897111
9.221247
9.208076
8.841926
9.382147
8.848492
8.619888
9.248064
9.438672
9.588569
9.159926
8.918261
8.912306
8.861242
9.113177
9.080690
9.214374
9.424712
9.426518
9.197592
9.497830
8.640766
9.003202
8.896086
9.068284
8.835402
9.851213
8.835051
8.990785
8.544609
9.439892
8.754808
9.316532
8.844220
9.361133
8.922855
8.894401
9.017639
8.797776
9.091125
9.636999
9.361292
9.984985
9.618399
8.939617
8.940606
8.957915
9.444295
9.086454
8.893295
9.128428
9.695241
8.994633
9.333721
9.256640
8.958158
9.223544
8.867035
9.450700
8.944708
8.932834
9.249923
9.064920
9.355260
8.876606
9.196264
9.200144
9.416710
9.448987
9.626985
9.218852
9.266098
9.173088
8.707016
9.156447
9.005600
9.384155
9.073388
9.128752
9.748363
9.237229
9.006935
8.602837
9.426262
9.044276
9.523881
9.810244
9.337083
9.566048
9.262588
9.064049
9.024110
9.904524
8.824138
9.438993
9.161692
8.750678
9.317113
9.199861
9.540485
9.192978
9.724292
9.129788
9.835605
9.207502
9.034766
8.667769
8.923302
8.999289
8.693703
8.963362
9.576345
9.065471
9.519381
9.030968
8.801113
8.720138
9.541669
8.769558
8.881446
9.401338
8.839103
9.114897
9.171470
9.379834
9.085576
8.985313
9.224620
9.622296
8.691656
9.759019
9.334738
9.358326
9.351981
8.974681
8.921039
9.537559
9.007627
8.969434
9.470725
9.176313
9.196657
9.035852
8.714957
9.030420
9.065554
8.951492
8.980562
9.116252
9.270012
9.361880
8.847164
9.228881
8.656235
9.284315
9.352733
8.935647
9.289410
9.382050
9.147431
9.402403
9.301945
9.176564
9.410223
9.336381
8.627650
9.122952
9.406509
8.786897
9.176414
9.672754
9.829066
9.252407
9.589368
8.951093
8.951392
9.113417
8.941986
8.985022
9.108870
9.161084
9.471608
9.093503
8.781405
8.914247
9.020231
9.300160
8.913861
8.997808
9.366752
9.161068
8.872268
8.964770
8.879086
9.401549
9.704375
9.645239
8.696397
8.915715
9.444980
8.525057
9.291963
9.228307
9.171399
9.373784
9.554150
9.314841
8.947823
9.162131
9.519369
9.022292
9.256597
8.867136
9.100749
9.090696
9.445686
9.417450
9.071602
8.975218
9.091533
8.715399
8.932973
8.544188
8.992533
8.897112
8.770668
8.854871
8.986301
9.725404
9.368363
9.267225
9.587442
8.864667
9.199309
8.760074
8.687656
8.720711
9.450624
8.890551
8.694830
9.523556
9.001969
8.712139
9.189187
9.359787
8.895955
9.718997
8.840350
8.650382
8.975848
9.041742
9.160735
9.530039
9.203740
9.006293
9.653595
9.713252
9.498765
9.236286
9.155905
9.161967
9.181352
8.957650
9.355695
9.375809
9.547260
8.625662
8.892578
9.375764
9.209078
9.123498
9.259993
8.944945
9.463762
8.879922
9.045379
9.392465
9.213808
9.281389
9.557375
9.206459
9.393506
9.181756
9.280790
8.982810
9.943233
9.069837
9.273430
9.197964
9.108260
9.009921
8.965792
9.052079
9.125092
9.028538
9.334095
9.084025
9.399054
9.647061
8.943900
9.089147
9.531349
8.799903
9.223057
8.940433
8.578789
8.602761
9.539370
8.890687
8.946367
9.190684
9.325142
8.895256
9.092236
9.215052
9.778671
9.329069
9.366802
8.826277
9.335652
8.844394
9.512140
8.997386
9.216724
9.107549
8.629921
9.293021
9.401549
10.149411
9.012152
9.255002
9.003497
9.164795
9.005852
9.356345
9.063360
9.678961
8.941026
9.074760
8.844391
9.043744
9.010553
8.983815
9.360728
9.048373
9.284278
9.571032
9.051131
9.504543
9.724665
9.380814
9.238549
9.307501
9.491630
9.015016
9.253122
9.238470
9.021359
9.300808
9.285417
9.501043
9.248895
9.124116
8.816173
9.136575
9.015059
8.994977
9.357117
9.431839
8.959787
9.007241
9.499928
8.739790
8.806739
9.700434
9.104853
9.132297
9.257001
9.375900
9.021647
9.475619
9.442968
9.144108
9.559211
8.303592
9.391391
9.525738
9.342035
8.876425
8.622494
9.179158
9.339797
8.389028
9.092931
9.606797
9.149080
8.859814
9.243896
9.286571
8.864224
9.482481
9.000576
9.291250
9.356878
9.172037
8.762656
9.568410
9.327811
9.237966
9.530002
8.811338
8.991514
8.921530
9.273130
8.780512
9.017179
8.968848
8.914594
8.969073
8.890683
9.199046
9.865858
9.313941
9.483465
8.472066
9.422433
9.373237
8.981120
8.773702
8.952857
9.525894
9.108338
8.994860
9.336125
9.058850
9.645455
9.591944
9.164559
9.200999
9.696846
8.668933
9.660212
9.092395
8.898777
9.150701
9.447653
9.208971
8.839555
9.366620
9.199973
8.955395
8.858684
9.473674
8.995100
8.732619
9.830994
9.448579
9.052315
8.655245
8.463216
8.757491
9.808590
8.216534
9.499505
8.718940
9.179385
9.222246
9.325661
9.419600
9.104159
8.853378
9.213328
9.066547
9.068918
9.141495
9.211048
9.456384
9.213954
8.884410
9.508288
9.327520
9.298484
9.093986
9.584470
9.149337
9.127880
9.230559
9.172328
9.225078
9.489034
9.277579
9.764719
9.140544
8.638434
9.262321
8.909652
9.282059
9.058889
9.097638
8.825949
9.195626
8.856333
9.439406
9.301262
9.162352
9.325728
9.307167
9.035835
9.250802
9.065847
9.014381
9.586495
9.342358
9.220008
8.858379
8.696753
8.990263
8.826378
9.012952
9.583298
9.203253
9.335954
9.223149
9.334854
8.760566
8.418944
9.318571
9.235399
