9.970671
7.564983
9.306465
9.595250
8.908908
9.530460
7.848371
8.846902
10.988082
7.812267
8.477385
9.094576
8.615177
10.136144
8.785858
10.264213
9.195396
8.370453
9.993794
7.370396
7.677136
8.343673
9.729423
8.742484
9.666279
9.374797
9.156604
7.833318
9.031004
8.397430
7.971302
11.045840
8.268447
9.570396
9.277464
9.014096
7.834854
10.063868
10.126255
11.052810
8.020019
8.060370
8.612545
8.416006
10.744946
9.085580
9.653211
7.837732
10.115757
7.644714
10.471535
10.451258
9.011432
8.912206
9.303306
10.861871
10.805049
8.848136
9.116886
9.272428
8.529416
9.121440
8.890526
8.885745
8.586436
9.058570
9.731410
9.563020
9.139792
8.502470
8.112543
11.164400
9.881281
8.816891
9.699964
9.028396
6.872780
8.098671
9.050607
10.338690
9.673727
8.544681
9.023244
9.940146
8.979937
9.496917
9.840157
7.465055
8.509737
8.561485
8.546803
8.932079
7.645465
9.569668
8.809255
8.269057
8.587764
8.569456
9.613047
9.612263
8.137551
7.602605
10.123111
9.567277
8.646641
8.510179
7.068426
8.953538
9.791004
9.230462
10.110257
9.880584
7.621326
9.019091
9.717613
9.142369
8.811488
7.759409
10.793218
10.680117
8.638420
9.564767
9.045883
9.069634
9.178487
9.199891
11.119062
10.400288
8.128943
7.609586
9.199153
7.105402
8.013413
8.846746
7.443720
9.662811
9.069054
8.203556
9.122044
9.058480
8.728435
6.991976
9.384460
8.149022
7.874597
9.112094
9.106018
8.341591
9.816092
8.477889
9.324886
10.258357
8.938852
10.286710
10.563412
9.255232
9.309064
7.643812
10.562870
8.293228
8.366482
9.607197
8.740642
10.077846
10.242064
9.918047
8.488931
9.150599
8.747862
8.608038
9.047767
10.062712
8.535488
9.127273
8.237180
9.589578
8.497589
9.158874
10.098594
7.972195
10.700107
8.500341
8.489806
10.444326
8.658223
8.110799
8.909931
8.536098
8.706765
7.925238
8.918746
7.442327
8.456291
8.106488
8.249266
8.765280
8.454151
9.839548
8.685050
9.933153
8.161432
9.513178
11.395693
9.022877
10.203755
9.826218
8.683144
7.772645
9.407054
8.900139
10.339886
9.653176
8.538111
9.064825
7.498194
9.206822
10.115196
9.654323
9.323675
9.135447
8.449648
7.813473
9.127537
8.568046
9.317628
9.744722
9.624099
9.296980
9.091926
8.821226
8.525534
7.774407
8.915813
9.812038
8.921489
8.594988
8.614522
8.066833
6.664752
8.954954
7.320775
7.977308
10.186593
8.637545
7.455298
9.678507
7.288311
9.108227
9.727693
9.901202
9.146043
8.818091
9.088208
9.598278
11.125751
8.441723
9.519821
10.201154
8.406389
8.067860
8.674314
9.154002
7.835987
11.032214
10.860490
7.385128
9.601692
8.080103
7.609115
9.740844
8.982420
10.692682
9.298579
8.258860
7.867372
7.920085
8.856268
7.657962
9.106294
9.224680
8.895414
10.910074
9.645361
8.013888
8.311618
10.942997
8.252267
8.818695
10.146340
9.268067
9.669822
8.997974
9.344494
10.398070
9.665791
9.178494
8.862316
8.757790
9.611393
10.969135
8.492865
9.412655
9.378784
8.293453
9.843373
9.809329
10.920845
9.640112
8.965798
8.299745
7.938109
8.755525
10.540612
9.369370
9.087554
11.601063
8.523976
7.852702
9.839016
8.201681
10.888675
9.234110
9.529186
9.478033
9.060849
10.201879
10.442093
9.530341
9.678100
8.917923
8.556189
8.485392
9.341123
10.224979
9.304184
8.810596
10.148137
9.247271
9.065316
7.995225
8.733096
9.010577
10.036513
9.709849
8.516517
8.950233
8.490201
8.455338
9.456440
8.490584
7.913982
10.227920
9.049164
8.337804
9.246180
8.718637
7.697614
9.445532
7.810739
9.366732
8.925263
8.320032
10.154176
8.992455
8.312169
7.334219
8.610213
8.915320
8.685299
8.536318
8.123110
7.516266
10.338662
8.002594
8.798645
8.857084
8.405639
8.547223
8.238372
8.001748
8.385940
8.128193
9.180204
8.973411
9.038313
8.497102
8.801579
9.993253
10.126731
9.201994
10.009384
9.372939
8.413196
10.169714
9.451452
8.931737
7.563788
9.984434
9.856001
9.771737
9.779405
8.777548
8.717968
8.913955
9.435811
8.798573
7.685558
8.375502
9.451527
8.499290
8.128669
8.751825
8.895738
8.825330
9.889514
10.108735
8.857221
9.766063
9.380450
9.291125
8.329558
7.787748
10.131515
8.090020
9.097411
8.042747
9.407489
7.849800
10.182866
8.182257
8.271419
9.996888
8.054295
8.300806
7.928014
9.117018
10.064810
8.906562
11.276294
9.784036
7.348198
9.984524
9.290871
8.134182
8.530024
9.688025
9.804547
8.141296
9.037158
10.527199
7.833308
9.776993
7.705146
8.487779
9.166098
9.948317
8.839849
9.633034
9.680084
9.085785
7.321320
9.915676
9.603871
9.895712
8.639168
9.805388
8.882065
8.978436
9.964687
7.693235
8.963786
9.717475
8.740886
10.271194
8.729019
9.825879
8.354165
10.149461
9.716057
8.301158
9.399020
9.515385
10.198679
8.764920
8.767249
8.259100
9.231216
10.097854
10.291413
9.042779
8.812067
8.985649
8.661114
8.063886
7.680672
9.515725
8.075504
8.978817
8.713887
7.987489
8.855656
7.924838
8.900552
9.366287
8.277426
8.211971
9.087702
8.156074
8.452664
9.846384
8.085114
8.578602
11.260100
10.467205
8.827618
8.823725
8.729985
8.179860
9.946286
6.832628
9.873187
8.770913
9.181426
8.483306
7.856417
8.179046
9.378470
8.033631
8.777366
10.314975
8.856015
7.756779
9.670356
11.587643
11.530859
9.104957
10.575139
9.158257
8.726411
9.601948
8.864608
9.578223
10.015601
8.489362
9.388648
8.221932
7.366576
10.191676
8.333119
8.907275
10.046597
9.258762
7.726137
7.764539
8.314635
7.944813
9.733878
9.670009
10.277537
7.809391
8.387634
8.152300
7.096124
8.691833
9.613088
10.192573
8.885075
9.656743
9.031039
8.683002
8.274594
9.007472
8.988730
9.549322
9.358632
7.656412
10.222719
10.601202
8.884466
9.115712
8.203382
8.883435
8.145583
9.744554
9.297294
8.245245
7.618888
8.896780
8.594231
8.547875
10.107044
7.282485
8.962120
8.141286
9.371875
8.583981
8.924044
9.370462
9.006369
8.810887
8.232745
9.109563
8.906575
9.930901
8.390613
9.521713
8.106710
9.038023
8.249184
9.412591
8.644272
10.290799
9.398279
8.580936
9.852273
8.718866
9.190292
10.262097
8.773298
9.414857
9.645580
8.002877
10.953332
9.673332
8.957585
8.090115
8.261325
9.214235
8.733414
7.633683
8.724199
9.299746
9.886099
9.661730
8.591436
9.614593
9.185549
7.099886
9.357537
8.852831
8.596904
9.755310
8.698706
8.504452
7.847688
10.073337
8.513857
9.188088
9.276500
9.538408
8.782766
9.505090
9.072701
7.680504
9.452572
9.691602
10.189584
6.499648
8.306400
9.272919
10.364272
8.301230
8.928352
10.059428
9.045731
10.347625
11.471119
9.030024
8.924835
9.619264
7.917148
9.666731
9.933856
8.566243
8.607267
10.357989
9.289131
8.410715
7.887497
9.059517
7.559439
8.806629
8.115992
9.624109
9.163748
10.684437
8.686510
8.279144
7.618484
8.397401
9.741296
7.692428
9.983558
8.262095
9.153215
8.509340
8.966643
8.278708
7.754361
10.635219
9.216364
8.781315
10.074062
8.292239
10.013057
9.422271
7.538067
9.276657
9.806616
9.481943
8.683933
9.400766
9.665391
8.111906
8.357451
9.546392
8.706639
8.830912
9.340036
9.169067
10.148579
8.792166
9.570591
9.228197
9.307949
8.132896
9.032700
8.867747
9.749650
8.315518
8.018071
10.698852
8.953025
9.349487
7.127476
10.499712
7.918372
7.652997
10.408253
10.206596
8.521896
10.285599
9.707473
8.146295
9.509748
7.693378
9.450726
8.011888
9.715834
7.819872
7.958396
8.857796
9.895568
9.290283
10.568696
8.916222
7.984393
8.935276
8.876300
9.195632
9.524382
10.625586
8.617146
10.187362
9.480652
10.450811
8.894824
9.699031
10.222639
10.122105
9.160548
8.824928
10.408172
9.483774
7.783484
9.054138
7.479284
9.297175
10.122599
7.257748
9.504358
10.457777
8.337191
9.433503
8.758709
8.975216
7.511761
8.380522
7.777547
9.109361
8.719982
8.585027
9.073659
10.197584
8.059613
8.759060
8.599315
9.099846
9.368322
11.768395
8.064734
9.082831
8.760834
8.681552
8.883542
9.377618
9.557650
8.117078
9.530395
10.072457
8.914524
8.344549
7.422223
8.929368
8.624122
9.407870
9.070063
9.772400
9.884158
9.161541
9.563098
9.175528
10.113147
7.935610
9.326322
8.657307
8.281682
9.587239
10.503139
7.795116
9.876784
10.507594
10.137864
8.114502
8.411297
7.736522
9.295652
8.810541
8.809268
9.182658
9.266982
7.693676
9.946303
8.924225
9.349120
9.729981
9.563162
8.488504
8.890137
9.179696
8.468023
8.327920
10.177205
9.009977
9.409729
8.373271
9.387419
9.593623
8.814628
8.835394
8.646906
9.310006
8.831894
8.499985
8.893999
7.171981
9.046664
8.905192
9.289713
9.455187
8.631030
7.608798
9.471476
8.221906
9.503162
11.305072
9.279242
7.706617
7.639111
8.737656
7.343337
8.660337
8.356555
8.663546
9.289426
9.735155
9.349338
9.090508
8.780122
8.871602
6.808544
8.972796
9.491389
9.393519
9.853326
10.294480
9.079363
8.285216
9.889332
8.228918
9.529910
9.787607
7.903475
9.659407
8.435910
9.636351
8.871172
8.123766
8.762812
10.140313
8.354422
9.108493
8.943890
9.203965
8.563049
9.029842
9.950111
8.093995
8.475929
8.895965
8.687767
9.169088
8.655367
9.797667
9.675921
8.748652
8.980830
8.816306
7.724103
9.390859
9.158630
8.448021
9.298578
9.413411
8.553243
8.631303
8.980399
8.609792
8.458117
8.721403
8.953226
8.183072
8.893720
8.315909
7.600671
8.253682
7.746734
8.727950
8.742184
10.692514
7.968411
9.143665
9.557889
9.320446
9.030619
9.776559
8.903653
9.206142
9.230236
9.452722
10.431512
9.215939
8.369075
9.083139
8.972184
9.831736
9.778950
10.614215
8.940346
7.037825
9.485433
8.794885
7.815155
8.515024
10.618699
10.483367
9.836247
9.484675
7.744224
10.891551
8.233909
8.625636
9.182280
9.060627
8.956804
9.794959
9.727516
9.534194
8.363631
9.788365
8.318178
7.582956
8.643012
8.226363
9.404924
8.884823
9.589176
9.291310
8.547749
9.188336
