9.334663
8.720334
9.245417
8.651044
9.205192
9.454397
9.004277
9.217703
9.341363
9.450886
9.197974
9.340402
9.275357
9.123471
9.431951
9.610214
9.173941
8.942811
8.940144
9.214470
9.100689
9.326314
9.074468
9.415032
9.444686
9.191391
9.217719
8.966110
9.110161
8.523687
9.069810
9.088550
8.886013
8.962426
9.000339
9.221699
8.933462
8.932708
9.274331
8.920977
9.042010
9.096966
8.866597
9.310117
9.022880
9.142715
8.788174
9.157290
9.395954
9.055993
8.987632
9.233914
9.166781
9.137397
9.245640
8.963777
9.392449
9.010854
9.011996
9.400647
9.562468
8.716177
9.361655
8.912729
8.747541
9.823213
9.335753
9.072514
9.506086
8.888883
9.152842
9.061684
9.405910
9.141366
8.917426
9.203935
9.405042
8.982580
9.423587
9.455171
9.353161
9.298893
8.920999
9.695142
8.842908
9.207728
9.193884
9.043891
9.323236
9.090350
8.975503
9.405532
9.111151
9.182484
9.060045
9.132808
9.145004
9.461923
9.073734
9.248931
