9.167909
9.286923
8.146527
9.215731
8.940215
9.082927
9.142733
8.765104
8.711242
8.908534
9.817588
9.288533
8.334929
8.227013
9.246398
9.138761
8.768829
9.858231
9.405776
8.910086
9.729552
9.156089
9.620762
9.172239
9.063776
8.979842
8.681465
8.934674
8.859766
8.758037
9.390702
9.754195
8.960518
9.536749
9.545243
8.526765
8.702486
9.183849
10.052336
8.968350
9.289018
9.497255
9.635172
9.015544
8.675924
8.855069
9.079998
8.814114
9.257455
9.471396
9.364757
9.297553
9.594221
8.296908
8.876923
8.925720
9.857986
8.791657
9.639802
9.293870
9.299052
9.719555
8.893028
9.794474
8.660528
8.756675
9.725433
8.889765
8.507388
8.662867
9.364354
8.392671
8.892188
9.211481
9.293430
9.641210
9.457904
9.539251
8.887588
8.540123
9.379589
8.745194
9.179194
9.248365
9.468562
8.762218
8.917763
9.376578
9.744549
9.170939
9.339389
7.967272
8.934054
9.183947
9.748333
9.037481
9.265147
9.590655
9.545607
9.401022
