9.572896
10.725414
7.806843
8.808837
8.682258
9.039397
8.181887
6.523922
7.962528
8.116787
8.835555
8.065370
11.406998
11.423458
8.918722
9.371483
9.615773
10.638964
8.746601
7.109139
9.229613
7.763018
9.939383
8.164874
9.041404
8.907127
7.497180
8.283492
7.801768
6.320953
9.732479
9.558926
10.785402
9.766492
8.327399
10.029773
7.466389
7.805726
6.455372
10.110246
9.246345
7.766652
7.153249
8.465395
11.205567
7.420017
8.553592
10.520549
10.571075
9.150434
9.491138
8.234290
6.378475
7.747618
7.981779
7.669561
8.760834
7.790519
7.496586
10.110629
7.755208
6.737352
8.169117
10.270731
6.423359
7.809172
9.508263
8.334840
7.438573
11.588384
10.344065
9.841649
8.246269
7.407655
9.416579
7.983036
9.967117
7.948951
9.566502
9.111013
8.143013
9.435295
8.456265
10.014085
10.849818
7.953592
8.207057
6.738078
11.084029
9.118665
11.491520
8.458432
10.103875
8.735148
8.855244
8.020103
10.353787
6.308580
9.595471
6.807462
