9.596897
9.100973
9.325154
9.423728
9.052367
9.398089
8.580285
8.660483
9.355021
9.038605
9.342527
9.079903
8.623669
8.637469
8.806664
9.381503
8.779755
9.216963
9.035808
9.292746
9.260081
9.364006
9.238255
9.230627
8.843755
9.160665
9.049834
9.312904
9.434208
8.873681
9.586772
9.650877
9.232354
9.119232
9.073077
8.767296
8.968618
9.219001
9.581616
8.944779
9.192104
9.195169
9.390016
9.334118
9.497757
8.881272
9.411988
9.505211
9.532105
9.468515
8.919897
9.470739
9.192983
8.949499
8.531155
8.957289
9.257039
9.443149
8.865985
8.879306
9.550806
9.107427
9.443582
9.022842
8.917428
9.097856
9.576809
8.988055
9.330607
9.108377
9.101215
9.670564
9.168531
8.750098
9.186171
9.310996
9.718947
8.831869
8.580356
8.962615
8.842578
9.257464
8.891516
9.524966
8.933809
9.234082
8.961640
9.247526
9.205440
9.293658
9.393225
9.061947
8.869086
9.313489
8.769733
9.351564
8.856310
9.353018
9.282455
9.099676
