9.970671
8.428095
8.662688
9.640759
8.879368
8.809290
11.147285
10.079444
10.070489
8.211714
8.545794
9.344638
9.266218
9.015676
7.827051
9.106238
9.950964
7.593420
7.900876
9.309021
8.979812
9.263507
9.046526
8.454691
10.479499
7.534172
6.807619
8.488517
8.073819
9.076765
9.622244
9.328833
9.963058
8.080553
9.302459
8.682103
7.496279
7.917536
8.852948
9.499143
9.275996
8.949012
9.204371
9.508775
8.201785
9.002882
9.302877
8.655025
8.259647
7.311120
8.088027
8.470431
8.913971
8.253637
8.590197
8.384373
9.156787
8.259645
9.693395
7.065022
7.315805
9.096420
9.551046
10.152564
8.244951
8.378770
8.867997
8.170613
9.595805
8.559498
9.811577
8.727738
9.655007
9.137250
7.772977
9.977858
8.563362
9.341550
8.847786
10.120979
9.482299
9.689609
9.090180
8.745750
9.465945
8.587896
9.141178
9.202638
9.484234
9.691987
9.332467
9.513319
7.557518
8.904074
8.835867
7.771461
10.300368
8.572239
10.045013
8.142814
