1.638094
1.628694
1.633820
1.579540
1.655283
1.627038
1.648580
1.660428
1.601409
1.657050
1.697002
1.650063
1.612541
1.609794
1.649317
1.646403
1.668396
1.663008
1.639469
1.682780
1.658428
1.630374
1.659716
1.633341
1.638050
1.638099
1.673864
1.656032
1.683270
1.650685
1.609822
1.682214
1.627042
1.638437
1.625317
1.663439
1.640046
1.653173
1.654935
1.609386
1.663802
1.639130
1.616155
1.638442
1.709451
1.655166
1.605001
1.661793
1.645772
1.618632
1.594250
1.677155
1.643181
1.622824
1.643918
1.643251
1.717491
1.653290
1.599239
1.682622
1.616487
1.677482
1.624352
1.634836
1.676501
1.636544
1.624544
1.660293
1.674819
1.622632
1.650397
1.678553
1.675025
1.642975
1.647438
1.667993
1.639541
1.686546
1.633437
1.710010
1.675530
1.650309
1.695398
1.611472
1.651984
1.592614
1.630888
1.720244
1.674236
1.603386
1.645173
1.695556
1.672776
1.661877
1.641340
1.707990
1.631202
1.696193
1.646034
1.620016
