1.584362
1.778847
1.620221
1.635956
1.688793
1.661795
1.753287
1.628296
1.517357
1.580583
1.518235
1.750906
1.581319
1.748569
1.652596
1.567113
1.447585
1.656900
1.723528
1.600666
1.725061
1.571513
1.755638
1.519212
1.518131
1.694353
1.718594
1.772059
1.617763
1.754019
1.715925
1.901011
1.655220
1.701430
1.731245
1.763544
1.541414
1.609067
1.548414
1.686770
1.666720
1.623090
1.760341
1.792060
1.590598
1.671328
1.829473
1.595561
1.562586
1.593527
1.702360
1.573638
1.642761
1.664348
1.829015
1.631167
1.606818
1.578772
1.751824
1.649668
1.757160
1.508546
1.646082
1.537028
1.540965
1.644928
1.710467
1.519816
1.744476
1.660871
1.630400
1.618055
1.566799
1.666464
1.583472
1.673624
1.691838
1.779290
1.721739
1.734943
1.805415
1.688105
1.659728
1.783505
1.780636
1.507866
1.691451
1.617949
1.567028
1.560758
1.519923
1.570136
1.732455
1.650224
1.580992
1.695318
1.608583
1.577965
1.651022
1.674106
