1.791843
1.295411
1.790685
1.311867
1.383587
1.317414
1.424908
1.411947
1.528565
1.308847
1.639496
1.557571
1.666277
1.540583
1.374992
2.065037
2.263519
1.511831
1.554637
1.270849
1.400937
1.168335
1.477006
1.670774
1.559631
1.668409
1.506144
1.432662
1.733624
1.827859
1.447485
1.708019
1.531298
1.506702
1.564798
1.601085
1.347793
1.735699
1.338963
1.422554
1.826330
1.169770
1.809393
1.398142
1.875445
1.490089
1.485987
2.052449
2.066173
1.408936
1.801335
1.367982
1.328234
2.069983
1.468624
1.590189
1.443955
1.623157
1.497945
1.840866
1.632956
2.250299
1.581303
1.509030
1.611714
1.537083
1.734894
2.110937
1.227573
1.586963
1.719919
1.713985
1.773025
1.351595
1.295756
1.723438
1.237902
1.562064
1.410336
1.473171
1.264329
1.440626
1.530432
1.900960
1.849857
1.747356
1.682666
1.261297
1.435508
1.544163
1.793375
1.955055
1.518012
1.718935
1.341908
2.045953
1.585117
1.661933
1.898718
1.181110
