1.559235
1.727226
1.593292
1.761528
1.636814
1.637833
1.737799
1.587335
1.637968
1.597413
1.646701
1.609758
1.550938
1.567399
1.602347
1.780040
1.682956
1.665730
1.730810
1.657387
1.602217
1.580223
1.545807
1.647455
1.584327
1.666518
1.577014
1.793867
1.633439
1.597315
1.686441
1.644760
1.643792
1.549340
1.601552
1.559135
1.563853
1.704308
1.742357
1.655939
1.680966
1.599127
1.660032
1.760234
1.602686
1.589081
1.615956
1.643293
1.600202
1.602636
1.657056
1.811829
1.586294
1.695947
1.759283
1.633812
1.650508
1.656640
1.600069
1.646495
1.763739
1.755792
1.685554
1.612282
1.626791
1.676372
1.588099
1.700936
1.747844
1.720228
1.625374
1.732026
1.694567
1.730749
1.613407
1.640288
1.587419
1.607685
1.676917
1.561827
1.619357
1.642390
1.583616
1.635511
1.613391
1.629685
1.548096
1.652174
1.632698
1.613783
1.651891
1.705235
1.708145
1.647079
1.711257
1.633223
1.693820
1.574997
1.569478
1.600759
