1.680187
1.699455
1.569306
1.940905
2.030989
1.599942
1.538492
1.592149
1.883327
1.450593
1.576327
1.578429
1.683112
1.677893
1.617633
1.572176
1.424310
1.555126
1.432831
1.636208
1.436484
1.477257
1.776279
1.545705
1.688683
1.908822
1.310165
1.822882
1.452540
1.912467
1.786715
1.635754
1.511600
1.884644
1.840857
1.611460
2.057846
1.592372
1.496132
1.593739
1.508985
1.496949
1.773135
1.653862
1.541668
1.787168
1.553853
1.564027
1.444233
1.323659
1.674497
1.623654
1.588888
1.497931
1.649934
1.825602
1.507874
1.688697
1.462993
1.588604
1.466571
1.582911
1.538159
1.946250
1.721140
1.710504
1.580279
1.436467
1.877401
1.656107
1.678288
1.647694
1.499850
2.056083
1.734097
1.577612
1.684528
1.635829
1.624976
2.052186
1.653113
1.491476
1.464222
1.593832
1.300690
1.481082
1.872839
1.625290
1.635915
1.813999
1.546691
1.504634
1.846158
1.583860
1.983314
1.622233
1.573582
1.418128
1.711385
1.858740
