1.635334
1.642699
1.667822
1.659088
1.650316
1.686446
1.595353
1.585326
1.610069
1.679498
1.664038
1.653396
1.626055
1.613055
1.607111
1.677591
1.669692
1.594973
1.615489
1.635279
1.758382
1.705491
1.694931
1.570767
1.657844
1.612106
1.598212
1.621420
1.740591
1.632368
1.632208
1.663256
1.667112
1.661577
1.670606
1.738434
1.681383
1.672836
1.671115
1.642658
1.685849
1.621366
1.734226
1.640115
1.652999
1.641153
1.622460
1.593644
1.620884
1.581299
1.692759
1.754318
1.630630
1.631586
1.620042
1.644943
1.741531
1.732029
1.630402
1.620020
1.671537
1.627685
1.636946
1.566086
1.608004
1.561068
1.648476
1.668913
1.633328
1.685019
1.701791
1.677584
1.579310
1.688152
1.647631
1.710705
1.611272
1.704367
1.695353
1.588047
1.665819
1.706951
1.568664
1.647132
1.627260
1.664321
1.663673
1.655342
1.685920
1.625876
1.673446
1.692807
1.591997
1.686296
1.587093
1.611926
1.644774
1.664938
1.626156
1.636612
