1.708013
1.534835
1.706898
1.577965
1.667911
1.615081
1.584263
1.577166
1.623282
1.518266
1.790867
1.531939
1.939103
1.603831
1.552847
1.690006
1.589452
1.623103
1.768984
1.444748
1.772054
1.471903
1.766538
1.571252
1.621613
1.645711
1.607850
1.762016
1.693891
1.657413
1.656082
1.572814
1.647377
1.654760
1.876144
1.770788
1.634013
1.699548
1.666366
1.805722
1.728170
1.553668
1.770870
1.773561
1.806857
1.881191
1.688396
1.805743
1.670664
1.617704
1.630179
1.571678
1.574032
1.860072
1.579560
1.641440
1.569346
1.508712
1.627549
1.521161
1.683448
1.478504
1.686003
1.541716
1.657476
1.594947
1.650091
1.723570
1.609894
1.613256
1.688968
1.582582
1.677774
1.755073
1.725543
1.506141
1.385334
1.621287
1.601954
1.642256
1.592224
1.517406
1.470475
1.584230
1.741058
1.472438
1.843509
1.822384
1.586394
1.702679
1.763404
1.366557
1.600291
1.508842
1.723426
1.560393
1.424582
1.568040
1.652824
1.630287
