2.201154
1.161551
1.453731
1.271539
1.484605
1.358976
1.750915
1.641466
1.483954
1.264813
1.567329
1.576944
1.079676
1.304899
1.469818
1.399001
1.405513
1.877508
1.130212
1.269030
1.711633
1.330845
1.192377
1.468587
1.426320
1.424209
1.535461
1.522654
1.687198
1.337397
1.461468
1.386125
1.604902
1.805390
2.082441
1.240441
1.321658
1.331403
2.327406
1.429478
1.747957
1.625412
1.515438
1.545039
1.624747
1.692252
2.555305
2.335100
1.193455
2.251954
1.534538
1.695196
1.293662
1.943969
1.195833
1.768807
1.862137
1.775787
1.749487
1.649008
2.074771
2.011135
1.972828
1.504034
1.307673
1.498559
1.690918
1.555228
1.967194
1.461286
2.528087
2.025641
1.558774
1.644474
1.391862
1.693972
1.795578
1.988809
1.184846
1.972863
1.438427
1.878357
1.684924
1.756269
1.155468
2.018056
1.332498
1.327454
1.110755
1.523192
1.835552
1.628986
1.254214
1.890939
2.300263
1.682129
1.799679
1.048746
1.714489
1.845415
