1.638094
1.635121
1.665635
1.641077
1.672916
1.699703
1.692461
1.606980
1.583469
1.707865
1.643767
1.625876
1.622746
1.640014
1.610698
1.632454
1.661079
1.674145
1.596868
1.626003
1.637446
1.627754
1.697543
1.605781
1.685107
1.692364
1.627277
1.667582
1.651716
1.614356
1.646778
1.616886
1.671341
1.613598
1.615680
1.646932
1.651032
1.656914
1.614771
1.615614
1.716165
1.655870
1.644187
1.685283
1.725658
1.597716
1.659031
1.684310
1.690924
1.613655
1.660489
1.589831
1.638008
1.622318
1.667891
1.630663
1.655490
1.618325
1.653459
1.645896
1.646397
1.675605
1.595653
1.611773
1.660710
1.681517
1.649616
1.662622
1.670983
1.646600
1.708914
1.632967
1.657161
1.613335
1.617718
1.607223
1.695380
1.683378
1.634178
1.646845
1.626029
1.691473
1.618173
1.614067
1.611037
1.591459
1.614921
1.614061
1.584206
1.662627
1.667699
1.638580
1.630925
1.640120
1.671971
1.645327
1.690810
1.637893
1.665734
1.680954
