1.791843
1.644017
1.579640
1.627556
1.709878
1.395784
1.281075
1.477993
1.437051
1.303774
1.455633
1.346615
1.690950
1.757217
1.651663
1.674927
1.862496
1.741898
1.692137
1.490785
1.555835
1.397756
1.593154
1.883101
1.670979
1.381507
1.393115
1.383398
1.864466
1.903200
1.710353
1.804776
1.619308
1.626556
1.750635
1.789424
1.773366
1.432233
1.709036
1.684781
1.762395
1.511864
1.341407
1.499730
1.459503
1.902687
1.430863
1.936368
1.329459
1.429994
1.594955
1.684962
1.538379
2.171552
1.554228
2.088721
1.973183
1.880310
1.483096
1.271652
1.369997
1.584138
1.822469
1.661995
1.369163
1.276270
1.210883
1.738838
1.672264
1.518271
1.373711
1.665315
2.040333
1.550513
1.571495
1.812363
1.712849
2.093757
1.384157
1.749999
1.363891
1.313211
1.586577
1.568617
1.660153
1.602074
1.852238
1.667132
1.783545
1.274820
1.802370
1.612034
1.387364
1.722425
1.510387
1.513598
1.441651
1.675104
1.722544
1.529301
