1.559235
1.694611
1.676268
1.705605
1.595445
1.699163
1.597492
1.568235
1.673709
1.718476
1.554460
1.627595
1.747178
1.742882
1.616456
1.673311
1.604768
1.661051
1.648047
1.664435
1.712771
1.623756
1.618340
1.722226
1.798339
1.683798
1.569395
1.572337
1.683407
1.572922
1.535956
1.584096
1.644033
1.637659
1.546745
1.584514
1.620997
1.673957
1.735813
1.615408
1.736059
1.749091
1.700553
1.568813
1.700969
1.615554
1.589219
1.650946
1.551294
1.683487
1.665569
1.581344
1.552327
1.598925
1.688430
1.750850
1.617670
1.762745
1.546012
1.623765
1.612282
1.641124
1.661096
1.714574
1.696752
1.569411
1.644433
1.556806
1.654793
1.585039
1.683810
1.566445
1.700571
1.695999
1.630282
1.623031
1.747185
1.673173
1.529065
1.631119
1.735804
1.605796
1.620904
1.625222
1.614998
1.615689
1.671432
1.600053
1.765595
1.644080
1.625473
1.665885
1.539615
1.637252
1.591445
1.658504
1.619024
1.676762
1.709278
1.577346
