1.680187
1.566075
1.923677
1.360851
1.674612
1.545717
1.709595
1.631034
1.846224
1.612279
1.684388
1.655127
1.741834
1.625445
1.950337
1.693533
1.672452
1.709631
1.747103
1.547344
1.646545
1.410196
1.607916
1.598249
1.553583
1.583774
1.478502
1.659447
1.729772
1.412721
1.428589
1.530482
1.407664
1.466526
1.555636
1.400863
1.661410
1.460763
1.608268
1.660751
1.681303
1.377507
1.946291
1.741650
1.623157
1.622122
1.425701
1.331440
1.760255
1.640982
1.436461
1.466946
1.548281
1.691968
1.752985
1.471651
1.665965
1.405937
1.656241
1.748553
1.620425
1.585349
1.792933
1.398646
1.910246
1.541428
1.597090
1.818152
2.071137
1.464824
1.395433
1.631241
1.872027
1.636967
1.792779
1.848647
1.630964
1.416643
1.415886
1.693246
1.548872
1.675614
1.632553
1.316978
1.454081
1.605450
1.597247
1.637900
1.628506
1.571239
1.556227
1.562854
1.771168
1.638671
1.667129
1.634269
1.805461
2.004571
1.721094
1.364273
