1.635334
1.697141
1.613749
1.607510
1.615148
1.594311
1.667422
1.541841
1.668631
1.681206
1.690503
1.664384
1.723608
1.749638
1.702135
1.645939
1.572059
1.609419
1.615085
1.724172
1.660281
1.635178
1.633163
1.598872
1.698157
1.634502
1.621477
1.665870
1.707986
1.588727
1.650985
1.656848
1.708151
1.676901
1.611399
1.710356
1.693846
1.610420
1.658749
1.617037
1.702324
1.639186
1.615715
1.667303
1.668196
1.686399
1.636725
1.611366
1.642524
1.723976
1.604039
1.652771
1.647370
1.634510
1.686624
1.642487
1.622345
1.695506
1.568558
1.655246
1.643894
1.591493
1.554104
1.585319
1.748781
1.668520
1.598771
1.587550
1.614207
1.604760
1.668657
1.642274
1.669107
1.694168
1.719380
1.719788
1.640012
1.628963
1.613152
1.653179
1.642590
1.685502
1.655040
1.649752
1.671851
1.563857
1.671443
1.634258
1.694079
1.664545
1.592038
1.597083
1.723981
1.649069
1.741930
1.610316
1.685204
1.604649
1.660030
1.563400
