2.201154
1.161551
1.453731
1.271539
1.484605
1.358976
1.750915
1.641466
1.483954
1.264813
1.567329
1.576944
1.079676
1.304899
1.469818
1.399001
1.405513
1.877508
1.130212
1.269030
1.711633
1.330845
1.192377
1.468587
1.426320
1.424209
1.535461
1.522654
1.687198
1.337397
1.461468
1.386125
1.604902
1.805390
2.082441
1.240441
1.321658
1.331403
2.327406
1.429478
1.747957
1.625412
1.515438
1.545039
1.624747
1.692252
2.555305
2.335100
1.193455
2.251954
1.534538
1.695196
1.293662
1.943969
1.195833
1.768807
1.862137
1.775787
1.749487
1.649008
2.074771
2.011135
1.972828
1.504034
1.307673
1.498559
1.690918
1.555228
1.967194
1.461286
2.528087
2.025641
1.558774
1.644474
1.391862
1.693972
1.795578
1.988809
1.184846
1.972863
1.438427
1.878357
1.684924
1.756269
1.155468
2.018056
1.332498
1.327454
1.110755
1.523192
1.835552
1.628986
1.254214
1.890939
2.300263
1.682129
1.799679
1.048746
1.714489
1.845415
1.567429
1.442374
1.689816
2.085668
1.559327
1.473441
1.930685
1.426625
1.442539
1.474148
2.355492
1.855968
1.395433
1.469543
1.562372
1.530509
1.207323
1.596370
1.323477
1.389688
1.835530
1.542301
2.360727
2.310195
1.262953
1.785608
1.429210
1.295777
1.620029
1.168205
1.572244
1.240928
1.331468
1.801555
1.898592
1.392117
1.088789
1.628139
1.611359
1.552568
1.386032
1.157287
1.977702
1.544318
1.621882
2.300006
1.359664
1.611581
1.267387
1.216521
1.416670
2.704782
1.708315
1.335120
1.980677
1.435420
1.085992
2.063165
1.570906
1.688665
1.049289
1.566491
1.232851
1.234190
1.459690
1.658464
1.592956
1.565669
1.354774
1.415258
1.312599
1.418240
1.430881
1.483709
1.574279
1.303315
1.946187
1.933090
1.176594
1.245326
1.299259
1.846019
1.178873
1.456303
1.628188
1.267075
1.681529
1.388255
1.896731
2.489932
1.589931
1.974785
1.979463
1.324945
1.449050
1.911033
1.885936
1.896643
1.317150
1.551398
1.536638
1.521136
1.941097
1.220591
1.516396
1.186293
1.366774
1.561122
1.817828
1.294386
1.902488
1.311994
1.258840
1.955507
1.337576
1.424806
1.432681
1.559866
1.593884
1.737918
1.601739
1.694374
1.752553
1.349091
1.426978
1.475571
1.360135
1.255922
2.477851
1.445482
1.586874
1.714761
1.203511
1.444758
1.500833
1.033117
2.037109
1.647615
1.472713
1.441309
1.258615
1.578823
2.459041
1.316433
1.436659
1.518134
2.055233
1.577075
1.214685
1.644882
1.218600
1.641827
1.880781
1.625629
0.955894
1.383773
1.521857
1.242335
1.325849
1.630131
1.344649
1.677737
1.455927
1.936094
1.421803
1.400323
1.489152
1.514280
2.203118
1.323642
1.687493
1.360994
1.847489
1.143321
1.159338
1.434005
1.137774
1.629704
1.396844
1.453332
1.476329
1.996705
1.019886
1.397006
1.411918
1.437259
1.623977
1.607844
1.570220
1.428066
1.420377
1.362342
1.921785
1.308625
1.392223
1.669645
1.723737
1.637937
1.286613
1.838354
1.547353
1.215792
1.968912
1.613541
1.771477
1.141475
2.211803
1.650427
1.192148
0.981535
1.898905
1.639043
1.420349
1.531656
1.631518
1.491115
1.383592
1.587837
1.491141
1.881042
1.465150
1.770847
2.396519
1.648989
1.150933
1.474485
1.499343
1.419100
1.342590
1.199177
1.643350
1.359047
1.858462
1.240860
1.259904
1.685507
1.361380
1.413126
1.270078
1.310232
1.328748
1.307276
1.184537
1.736576
1.250841
1.944911
1.638932
2.008919
1.573532
2.069253
1.112402
1.335604
1.900886
1.713904
1.506380
1.460391
1.244427
1.260240
1.935362
1.208958
1.539112
1.660025
2.206393
1.368039
1.194789
1.304177
1.799210
1.356004
1.884977
1.716502
1.869014
1.153927
2.528333
1.547115
1.060234
1.694694
1.816930
1.830217
1.400033
1.419696
1.351442
1.489603
2.000143
1.731491
1.816875
1.784113
1.442203
1.287602
2.152271
1.938878
1.789758
1.249693
1.279343
1.274680
1.792214
1.319771
1.080358
1.916285
1.759106
1.829306
1.402002
1.631290
1.286025
1.619062
1.216061
1.360599
1.494769
1.319542
1.446447
1.803836
1.541556
1.155250
1.196533
1.577771
2.002193
1.137455
1.188587
1.654710
1.902026
1.463008
1.467497
1.771339
2.013092
1.485468
1.615609
2.095898
2.178202
1.364308
1.205310
1.697900
2.057783
1.294393
1.525390
2.112878
1.303582
1.402713
1.675002
1.095137
1.221112
1.302873
2.552230
1.543929
1.450272
1.125948
1.520842
1.625097
1.158746
1.280293
1.426363
1.366415
1.457052
1.177989
1.180311
1.387360
1.237438
1.706902
1.470135
1.772395
1.455615
1.355997
1.448015
1.601405
1.478659
1.155397
1.225422
1.407721
1.871623
1.655540
1.370172
1.188698
1.570703
1.652935
1.147863
1.371812
1.805875
1.319342
1.401227
1.527865
1.243849
1.748254
1.659472
1.462626
2.009893
1.331453
1.444800
1.445854
1.820022
1.255399
1.595479
1.627831
1.609376
1.570716
1.862439
1.342878
1.735586
1.702238
1.458094
1.677871
1.523463
1.234230
1.255683
1.753908
1.524738
1.593978
1.508569
1.319804
1.878748
1.438853
1.825413
1.248339
1.149633
1.161465
1.834076
1.324917
1.788648
1.258006
1.523301
1.143562
1.656877
1.497511
1.302633
1.166137
1.650664
1.334400
1.554752
1.273724
2.462430
1.356206
1.618566
1.212607
2.277470
1.389187
1.741488
1.464573
1.851011
1.341206
1.299168
2.025573
1.316268
1.630266
1.797102
1.413215
1.780610
1.153405
1.363691
1.348465
1.299479
1.597823
1.369653
1.826991
1.531021
1.873767
1.360911
1.475685
2.064810
1.210674
1.527372
2.082656
1.581944
1.369550
1.524364
1.383880
1.235997
1.540276
1.591626
1.651921
1.621324
1.236323
1.700110
1.992272
1.822982
1.949295
1.597193
1.806902
1.533865
1.739776
1.591944
1.309384
1.337448
0.961803
2.026767
1.739482
1.461958
1.399167
1.511237
1.547527
1.443116
1.295953
1.519973
1.655181
1.831765
1.431978
1.359213
1.822420
1.543749
1.720744
1.319487
1.814639
1.846817
1.886509
1.984204
2.053559
1.233376
1.205571
2.399472
1.745171
1.506592
1.489867
2.185230
1.873569
1.611610
2.033513
1.599781
1.264940
1.680692
2.011623
1.202629
1.563119
1.319055
1.932660
1.349743
1.680017
1.440029
2.287487
1.397574
2.152424
3.268195
2.357054
1.499791
1.524226
1.473425
1.690231
1.636088
1.764291
1.701558
1.427454
1.284723
1.393318
1.654883
1.625333
2.259910
2.235860
1.291807
1.892210
1.639628
1.230900
1.583762
1.962262
1.969546
1.238759
1.257101
1.311119
1.293641
1.690289
1.289574
1.406630
1.737789
2.241775
1.333628
1.743665
1.663249
1.560584
1.407561
1.901521
1.710815
1.063321
1.220623
1.721636
1.711767
1.856922
1.434689
1.723295
1.239841
1.412060
1.413273
1.521594
1.426645
1.853243
1.678977
1.621800
1.610565
1.668601
1.255469
1.795728
1.576908
1.518851
1.566916
1.310452
1.989818
1.265960
1.346400
1.513709
1.906143
1.534813
1.309336
1.184293
1.170114
1.517760
1.553819
1.491688
2.519976
1.054096
1.704036
1.616175
1.814360
1.565015
1.811556
1.611133
1.790535
1.366325
1.558293
1.009512
1.870403
1.442302
1.505055
1.608936
1.442935
1.339318
1.720008
2.169880
1.915659
1.556442
1.744777
1.402620
2.068453
1.303929
1.058799
1.460609
1.462106
1.811540
1.397310
2.063095
1.722296
1.678713
1.527398
1.887672
1.854093
2.224086
1.057102
1.617206
1.956328
1.906220
1.777934
2.135775
1.528309
1.503492
1.508083
1.558395
1.359088
1.348244
1.296285
1.601153
1.336509
2.294700
1.608706
1.399672
1.219101
1.346914
1.537058
1.713245
1.390799
1.327061
1.735719
1.551316
1.578434
1.494307
1.910465
1.738346
1.948581
2.304339
1.519254
1.520054
1.474317
2.045180
1.327782
1.723803
1.601552
1.723351
1.255191
1.528131
2.296515
1.516084
1.429556
2.243110
2.013703
1.810536
1.441791
1.274764
1.638005
1.787410
1.536727
1.312663
2.241684
1.617296
1.430038
1.917361
1.777173
1.551277
2.653346
2.552994
2.552298
1.567162
1.709823
1.680757
1.099294
1.487197
1.808337
1.405304
2.233991
1.956685
1.162536
1.367541
1.689451
1.635332
1.274359
2.125833
1.774389
1.558438
1.389467
1.597215
1.569170
1.185249
1.895879
1.277045
1.370489
1.662809
1.319359
1.430151
1.605070
1.608804
1.628669
1.436277
1.360632
1.249566
1.597728
1.308267
1.677740
1.385912
1.431386
1.289650
2.080769
1.512840
1.509685
1.468039
1.517021
1.183458
1.879229
1.282801
2.417715
1.573816
1.441656
1.592566
1.789566
1.338887
1.952581
1.367309
2.010175
1.508532
1.394483
1.404488
1.831803
1.309185
1.408929
2.067983
1.732448
1.525134
1.538610
2.424121
1.807995
1.670732
1.082068
1.473091
1.436247
1.906056
1.387950
1.677436
1.636254
1.263561
1.667230
1.464097
1.502583
1.647100
1.928330
1.719162
1.650373
2.072504
1.350804
1.512132
1.843615
1.261374
1.554739
1.885128
1.664307
1.835863
1.871554
1.739717
1.789007
1.570244
1.342154
1.185355
1.776320
1.009286
1.137395
1.880604
1.770061
1.468931
1.745644
1.421904
1.289918
1.478466
2.653520
1.248767
1.886901
2.064550
1.411099
1.388720
1.511784
1.375576
1.658462
1.782854
1.870949
1.761039
1.317726
1.573208
1.419796
1.419976
1.374408
1.598245
1.302396
1.619772
1.199725
1.362808
1.815319
1.754587
1.590900
1.811564
1.959667
1.583404
1.080423
1.606025
1.451466
1.301136
1.786083
1.384407
1.383371
1.248765
1.343488
1.840252
1.446508
1.309084
1.986556
1.549176
1.580242
1.591787
1.525989
1.580897
1.308865
1.663272
1.191314
1.763979
1.494004
2.080468
1.441980
1.548757
2.299776
1.237434
1.778355
2.030245
1.341287
1.337941
1.288756
1.702541
1.971034
1.506982
1.297513
1.103013
1.572758
1.529456
1.553891
1.669122
1.387759
1.580945
2.332031
1.153470
1.729703
1.541774
1.491592
1.352412
1.305577
1.207144
1.247839
1.297626
1.232754
1.562736
1.850315
1.424248
1.620087
1.618356
1.689797
1.798076
