1.638094
1.635121
1.665635
1.641077
1.672916
1.699703
1.692461
1.606980
1.583469
1.707865
1.643767
1.625876
1.622746
1.640014
1.610698
1.632454
1.661079
1.674145
1.596868
1.626003
1.637446
1.627754
1.697543
1.605781
1.685107
1.692364
1.627277
1.667582
1.651716
1.614356
1.646778
1.616886
1.671341
1.613598
1.615680
1.646932
1.651032
1.656914
1.614771
1.615614
1.716165
1.655870
1.644187
1.685283
1.725658
1.597716
1.659031
1.684310
1.690924
1.613655
1.660489
1.589831
1.638008
1.622318
1.667891
1.630663
1.655490
1.618325
1.653459
1.645896
1.646397
1.675605
1.595653
1.611773
1.660710
1.681517
1.649616
1.662622
1.670983
1.646600
1.708914
1.632967
1.657161
1.613335
1.617718
1.607223
1.695380
1.683378
1.634178
1.646845
1.626029
1.691473
1.618173
1.614067
1.611037
1.591459
1.614921
1.614061
1.584206
1.662627
1.667699
1.638580
1.630925
1.640120
1.671971
1.645327
1.690810
1.637893
1.665734
1.680954
1.675260
1.677848
1.648496
1.655542
1.694949
1.631153
1.640421
1.647959
1.667003
1.644048
1.591438
1.624544
1.660838
1.651503
1.633826
1.658534
1.617263
1.698794
1.638975
1.650359
1.640988
1.664857
1.619429
1.639772
1.692777
1.646538
1.634301
1.604333
1.684232
1.622246
1.653354
1.659335
1.637865
1.639594
1.650048
1.659731
1.664777
1.631597
1.607409
1.658805
1.658285
1.663794
1.642655
1.644263
1.639636
1.632606
1.672075
1.624063
1.599292
1.583899
1.615094
1.683429
1.590938
1.646396
1.649791
1.692170
1.636410
1.645613
1.675319
1.685311
1.672158
1.614071
1.643237
1.653572
1.703981
1.601653
1.616172
1.700120
1.642500
1.674123
1.640221
1.630146
1.596325
1.626371
1.650899
1.642908
1.619124
1.647336
1.621463
1.665977
1.697044
1.686015
1.660106
1.615818
1.642722
1.664182
1.625932
1.620025
1.641668
1.625737
1.637657
1.635095
1.668122
1.649803
1.657393
1.611445
1.674484
1.652297
1.649489
1.626609
1.655648
1.684178
1.659848
1.638821
1.654579
1.565731
1.609872
1.598484
1.642656
1.598222
1.692920
1.673183
1.668971
1.587573
1.635309
1.730943
1.621720
1.700452
1.633826
1.687480
1.637454
1.644037
1.640137
1.628242
1.671428
1.625247
1.647331
1.735659
1.635475
1.688195
1.612757
1.627925
1.711310
1.637129
1.615475
1.621283
1.634286
1.625733
1.650696
1.650350
1.645092
1.618093
1.666924
1.683073
1.624068
1.664933
1.650781
1.626083
1.663066
1.615746
1.645352
1.650302
1.649355
1.632615
1.683571
1.661310
1.606744
1.652516
1.594577
1.719266
1.597070
1.690233
1.691439
1.621309
1.638253
1.665306
1.649494
1.702902
1.661287
1.730539
1.576315
1.650324
1.652899
1.635958
1.646500
1.666310
1.646114
1.641107
1.595793
1.657379
1.673723
1.607753
1.636006
1.713914
1.656728
1.657130
1.626083
1.691208
1.680473
1.664830
1.670915
1.644207
1.701258
1.569198
1.723096
1.650361
1.652975
1.702420
1.654033
1.605027
1.609910
1.604576
1.617702
1.640582
1.677379
1.627523
1.625629
1.630474
1.656484
1.670066
1.626932
1.671190
1.718652
1.641189
1.599240
1.681652
1.638449
1.636819
1.664049
1.711629
1.605010
1.712263
1.634597
1.666700
1.651308
1.669438
1.614896
1.664944
1.687903
1.680864
1.653826
1.654514
1.625791
1.636632
1.657258
1.637952
1.577193
1.610912
1.612510
1.668393
1.676133
1.667633
1.614187
1.632267
1.683480
1.682999
1.688272
1.647869
1.641222
1.718282
1.624070
1.670899
1.652920
1.640510
1.688983
1.646946
1.621806
1.659477
1.675975
1.696010
1.703423
1.699142
1.708956
1.692755
1.627452
1.651003
1.661754
1.638405
1.574628
1.638410
1.650767
1.643151
1.691934
1.619110
1.611117
1.689211
1.584923
1.652563
1.655137
1.656103
1.615733
1.692219
1.633782
1.649334
1.669719
1.600977
1.676328
1.644375
1.665835
1.668315
1.612312
1.650670
1.642545
1.643885
1.669301
1.601318
1.669010
1.621489
1.628932
1.600494
1.637355
1.700452
1.659784
1.670362
1.642241
1.651767
1.661341
1.633862
1.646731
1.612644
1.615272
1.588870
1.634038
1.643390
1.620511
1.658235
1.679009
1.617679
1.630189
1.719439
1.647516
1.628799
1.627857
1.628759
1.645578
1.635919
1.613742
1.616397
1.633719
1.629632
1.654917
1.634022
1.643988
1.692073
1.634161
1.602548
1.707592
1.641697
1.626713
1.639117
1.597371
1.616375
1.643727
1.651172
1.665706
1.627407
1.615512
1.667677
1.656424
1.628959
1.627133
1.663998
1.607162
1.619292
1.596189
1.633854
1.605489
1.636303
1.693100
1.663868
1.634383
1.699165
1.649380
1.648243
1.610653
1.695409
1.642970
1.575490
1.630715
1.665313
1.620084
1.684610
1.686202
1.669810
1.614705
1.634565
1.670332
1.609303
1.681850
1.647148
1.651140
1.616770
1.642297
1.629153
1.623929
1.613024
1.639634
1.621729
1.678257
1.643196
1.653656
1.677311
1.647434
1.682752
1.636478
1.644810
1.650322
1.650451
1.618040
1.682005
1.724420
1.626134
1.629865
1.663779
1.652086
1.623672
1.614897
1.658833
1.660064
1.649892
1.642918
1.588651
1.660708
1.694308
1.646660
1.686968
1.696622
1.702979
1.664652
1.629284
1.712928
1.698187
1.660971
1.668960
1.678889
1.607583
1.595733
1.674191
1.639214
1.637586
1.649648
1.597475
1.667822
1.657899
1.678940
1.666477
1.623508
1.633935
1.610947
1.638106
1.674441
1.603711
1.614008
1.632633
1.684022
1.662172
1.645437
1.611883
1.694620
1.678442
1.643385
1.676627
1.637934
1.708824
1.699302
1.651191
1.590580
1.701973
1.629033
1.651642
1.633407
1.657687
1.612124
1.644569
1.639584
1.619056
1.629680
1.614725
1.661087
1.654689
1.647961
1.624347
1.657432
1.623399
1.643105
1.641223
1.690717
1.677933
1.623148
1.628951
1.617667
1.653672
1.686908
1.685613
1.682235
1.628164
1.670495
1.573744
1.679261
1.667456
1.657535
1.635687
1.685361
1.653236
1.616923
1.688523
1.699824
1.684559
1.616729
1.663578
1.584982
1.613126
1.642544
1.634003
1.645366
1.669176
1.685215
1.632784
1.638167
1.606454
1.681148
1.661407
1.625717
1.618968
1.646104
1.636811
1.682833
1.642905
1.612469
1.613635
1.635982
1.680563
1.650962
1.665111
1.630066
1.641241
1.662517
1.661100
1.624024
1.670836
1.601069
1.693575
1.644649
1.662762
1.672377
1.650176
1.686152
1.646969
1.686478
1.724740
1.752010
1.635389
1.626698
1.657866
1.630155
1.651064
1.593978
1.626738
1.661413
1.678688
1.671345
1.675895
1.711066
1.635567
1.610268
1.653711
1.648472
1.641334
1.679539
1.682167
1.666843
1.635519
1.651309
1.670412
1.635563
1.624168
1.678643
1.601001
1.657101
1.665495
1.653721
1.645519
1.638748
1.632003
1.640621
1.603538
1.684015
1.650701
1.650833
1.652760
1.677897
1.601924
1.680493
1.651915
1.610811
1.617363
1.642991
1.648978
1.674965
1.696402
1.651328
1.694788
1.658434
1.719457
1.652670
1.663621
1.631669
1.624567
1.640893
1.661442
1.596712
1.706429
1.663086
1.605905
1.662439
1.623384
1.674999
1.600247
1.635274
1.597196
1.705829
1.597734
1.678138
1.633693
1.588254
1.628131
1.643987
1.582545
1.626252
1.634637
1.748458
1.652270
1.702846
1.648632
1.646316
1.621570
1.626731
1.659372
1.685951
1.675235
1.651345
1.698990
1.664019
1.667981
1.716239
1.638894
1.659452
1.670156
1.663476
1.744323
1.620751
1.683478
1.687747
1.651205
1.624440
1.657999
1.664923
1.720742
1.643488
1.676362
1.687632
1.636940
1.639673
1.668182
1.643332
1.708732
1.681055
1.653645
1.616894
1.618331
1.599216
1.627747
1.615680
1.651567
1.641802
1.687038
1.624449
1.667901
1.691140
1.632300
1.652706
1.655186
1.659475
1.615513
1.644880
1.633062
1.646447
1.613436
1.646992
1.638728
1.695321
1.608787
1.651603
1.645917
1.679611
1.691708
1.693177
1.657314
1.615866
1.599916
1.616989
1.661827
1.654636
1.656382
1.648711
1.650125
1.641975
1.603614
1.629731
1.655834
1.689240
1.667613
1.649368
1.685059
1.645941
1.699357
1.661390
1.634973
1.611339
1.724583
1.638772
1.646992
1.666661
1.704132
1.656480
1.643707
1.707629
1.636249
1.629717
1.624312
1.609420
1.644734
1.668794
1.686011
1.710061
1.672997
1.627239
1.697811
1.659195
1.653683
1.585083
1.610534
1.636759
1.608550
1.644486
1.572600
1.603686
1.634221
1.661738
1.669337
1.637959
1.630770
1.627916
1.639186
1.637511
1.691233
1.705298
1.725214
1.629688
1.574283
1.614849
1.671786
1.660211
1.648904
1.738957
1.695984
1.651666
1.713228
1.643357
1.638831
1.648604
1.691336
1.710011
1.647830
1.635755
1.665793
1.629846
1.714138
1.663998
1.576160
1.696301
1.652550
1.626057
1.671819
1.602268
1.656901
1.606573
1.660561
1.676404
1.620167
1.565736
1.571321
1.616378
1.634703
1.656911
1.666696
1.641645
1.657278
1.627741
1.666641
1.650878
1.673035
1.640086
1.630332
1.633344
1.680056
1.586460
1.664310
1.669847
1.619391
1.631824
1.629183
1.622960
1.636530
1.630288
1.679527
1.683871
1.694123
1.625147
1.636306
1.656331
1.684874
1.626584
1.601626
1.595210
1.654817
1.638451
1.667045
1.629777
1.635472
1.619252
1.692579
1.622745
1.630102
1.667043
1.637487
1.648737
1.655331
1.687147
1.678356
1.651306
1.618665
1.660528
1.603580
1.614984
1.615242
1.613723
1.641525
1.615211
1.569024
1.639552
1.664805
1.697722
1.661302
1.621921
1.665918
1.659938
1.642370
1.697894
1.633844
1.670273
1.632307
1.636073
1.665125
1.629081
1.674165
1.623717
1.653481
1.645082
1.673450
1.625459
1.621425
1.657737
1.664517
1.711842
1.686806
1.601407
1.614102
1.666388
1.643112
1.692203
1.680685
1.661127
1.639079
1.645934
1.671451
1.635859
1.689503
1.583083
1.637211
1.628014
1.669981
1.641948
1.720506
1.665025
1.630520
1.617305
1.608106
1.644289
1.635802
1.665984
1.673510
1.597237
1.661577
1.646513
1.632633
1.616300
1.616645
1.638212
1.661887
