1.791843
1.644017
1.579640
1.627556
1.709878
1.395784
1.281075
1.477993
1.437051
1.303774
1.455633
1.346615
1.690950
1.757217
1.651663
1.674927
1.862496
1.741898
1.692137
1.490785
1.555835
1.397756
1.593154
1.883101
1.670979
1.381507
1.393115
1.383398
1.864466
1.903200
1.710353
1.804776
1.619308
1.626556
1.750635
1.789424
1.773366
1.432233
1.709036
1.684781
1.762395
1.511864
1.341407
1.499730
1.459503
1.902687
1.430863
1.936368
1.329459
1.429994
1.594955
1.684962
1.538379
2.171552
1.554228
2.088721
1.973183
1.880310
1.483096
1.271652
1.369997
1.584138
1.822469
1.661995
1.369163
1.276270
1.210883
1.738838
1.672264
1.518271
1.373711
1.665315
2.040333
1.550513
1.571495
1.812363
1.712849
2.093757
1.384157
1.749999
1.363891
1.313211
1.586577
1.568617
1.660153
1.602074
1.852238
1.667132
1.783545
1.274820
1.802370
1.612034
1.387364
1.722425
1.510387
1.513598
1.441651
1.675104
1.722544
1.529301
2.144314
2.036766
1.356374
1.443079
1.908206
1.632864
1.636838
1.287392
1.383189
1.601598
1.969063
1.672853
1.531746
1.336987
1.855112
1.620710
1.502822
1.237621
1.900632
1.502400
1.475795
1.537167
1.417591
1.999463
1.258321
1.331027
1.905323
1.283973
1.624381
2.185644
1.401053
1.649712
1.674668
1.703584
1.997024
1.952429
1.399078
1.387508
1.647601
1.462129
1.559194
1.314072
1.874012
1.715130
1.576986
1.554262
1.701582
1.500836
1.533961
1.353552
1.564830
1.820893
1.536030
1.604450
1.215878
1.616930
2.157172
1.645936
1.548901
1.331860
1.551491
1.792304
1.322081
1.405952
1.266434
1.688628
1.608602
1.459520
1.576779
1.613296
1.653592
1.841488
1.882788
1.706080
1.496825
1.704654
1.836276
1.572759
1.387300
1.262406
1.677280
1.745492
1.685578
1.514025
1.400881
1.320979
1.380067
1.264511
1.612916
1.381586
2.181986
2.060506
1.609139
1.523022
1.442240
1.432653
1.345572
1.607472
2.072697
1.595214
1.515150
1.704070
1.493644
1.719225
1.931308
1.241862
1.942320
1.299985
1.633140
1.629899
1.564718
1.287570
1.696354
1.721695
1.912163
1.211422
2.166026
1.642297
1.231487
1.414186
1.388740
1.319642
1.879763
1.537521
1.890526
1.425292
1.631625
1.527510
1.571490
1.394077
1.392768
1.247311
1.721380
1.428601
1.412563
1.361569
1.488620
1.384303
1.772890
1.570537
1.638091
1.568344
1.787267
1.655123
1.910851
1.458533
1.565681
1.471970
1.804580
1.416508
1.372569
1.369834
1.736933
1.949443
1.245976
1.515537
1.862881
1.230030
1.514628
1.284425
1.368795
1.466649
1.738648
1.700359
2.165232
1.784449
1.547306
1.822843
1.628808
1.760372
1.840268
1.449364
1.334511
1.655802
1.653744
1.481510
1.716599
1.501147
1.715569
1.117428
1.553334
1.880081
1.779962
1.849113
1.948376
1.840820
1.414463
1.615935
1.401036
1.681977
1.681124
1.567819
1.194314
1.576725
1.779022
1.454474
1.719270
1.345635
1.484709
1.634285
1.392565
1.826832
2.082457
1.712562
1.979185
1.652626
1.487537
1.337648
1.766358
1.694243
2.136962
2.102933
1.523655
2.026683
1.263559
1.602648
1.572501
1.668383
1.605159
2.518481
1.935503
1.329368
2.048940
1.526536
1.594028
2.072863
1.607145
1.704133
1.990881
1.491874
1.421444
1.585054
1.596199
1.584440
1.528567
1.523988
1.516805
1.303920
1.765878
1.524465
1.598624
1.828350
1.692583
1.276456
1.543880
1.732880
1.577432
1.591076
1.899282
1.557163
1.911691
1.542132
1.480641
1.491191
1.365311
1.757778
1.396322
1.153523
2.606031
1.649154
1.627432
1.361727
1.269219
2.391908
1.864407
1.463055
1.571011
1.443906
1.611226
1.865641
1.753404
1.518822
1.481444
1.441965
1.371622
1.791298
1.553734
1.364367
1.451080
1.916490
1.602301
2.299177
1.866934
1.492898
1.379382
1.773701
1.982150
1.356084
1.911091
1.608064
2.149361
1.857897
1.550936
1.817466
1.380156
1.670914
1.685555
1.577904
2.426421
1.565185
1.703561
1.663520
2.225899
1.556477
1.434727
1.772449
1.554735
1.478949
1.840251
1.321397
1.381368
1.688682
1.390829
1.724830
1.527860
1.217663
1.644562
1.600346
1.697889
1.625226
1.784607
1.852924
1.618387
1.382910
1.689104
1.538007
1.807457
1.619427
1.606555
1.568262
1.745568
2.095362
1.899602
1.652659
1.827988
1.716461
1.670515
1.603384
1.478087
1.700263
1.756263
1.281801
2.108532
1.528856
1.530055
1.874188
1.495787
1.337132
1.442120
1.351564
1.489192
1.552948
1.144362
1.945279
2.132849
1.409556
1.590027
1.617115
1.814056
1.551185
1.497186
1.694750
1.691786
1.757741
1.891336
1.879765
1.578716
1.363692
1.442998
1.497336
1.330484
1.110788
1.290984
1.534151
1.561591
1.456787
1.775879
1.599908
1.474061
1.555944
1.412293
1.643944
1.180186
1.873351
1.493451
1.235286
1.640749
1.812282
1.943685
1.806416
1.632088
1.468058
1.221827
1.532326
1.533584
1.526742
1.811407
1.204339
1.489295
1.992142
1.650853
1.548686
1.954643
1.852763
1.368752
1.449230
2.061542
1.393904
1.287622
1.329598
1.303681
1.354916
1.714821
1.235336
1.471994
1.537866
1.998761
1.403461
1.416292
1.507323
1.357061
1.470974
1.853278
1.552401
1.371083
1.846271
1.791257
1.545502
1.671759
1.565499
1.412020
1.551416
2.017341
1.797393
1.371056
1.502419
1.361452
1.331371
1.483537
1.658823
1.397469
1.445907
1.312166
1.506503
1.423161
1.704340
1.689230
1.332166
1.841669
1.684177
1.520240
1.581830
1.376761
1.429398
1.507123
1.438040
1.536933
1.429866
1.367127
1.611015
1.419526
1.865090
1.350803
1.999873
1.343800
1.391136
1.341333
1.553917
1.573948
1.542928
2.698745
1.641962
1.616163
1.663765
1.384433
1.978664
1.256477
1.647124
1.499805
1.875622
1.599523
1.408886
1.632482
1.797483
1.348398
1.461077
1.813281
1.436515
1.758510
1.794760
1.351663
1.757895
1.501765
1.863224
1.558010
1.807059
1.504500
2.029669
1.711055
1.468970
1.397547
1.489960
1.621661
2.152432
1.925403
1.473955
1.684883
2.352722
1.734780
1.932095
1.854559
1.259281
1.668730
1.599643
1.959125
1.781452
1.586782
1.627376
1.226913
1.437750
1.519552
1.186906
1.450608
1.636574
1.502404
1.416268
1.478007
1.581887
1.833424
1.812131
1.550445
1.414126
1.169197
1.566445
1.613644
1.630551
1.923918
1.693476
2.394756
1.386008
1.409047
1.533878
1.720327
1.566135
2.140455
1.503074
1.593077
1.443381
1.791864
1.488972
1.615934
1.690928
1.443858
2.023965
1.539700
1.587827
1.606675
1.556738
1.872805
1.508807
1.538374
1.745547
1.856981
1.722127
1.575661
1.395621
2.031779
1.822670
1.902095
1.745627
1.705385
1.460499
1.916376
1.435209
1.797818
1.390629
1.531775
1.677378
1.555390
1.779998
1.436706
1.466733
1.810932
1.259669
1.572604
1.482049
1.443291
1.522599
1.614510
1.434088
1.549263
1.616726
1.687956
1.762718
1.693749
2.384430
1.507834
1.389351
1.999062
1.252430
1.517919
2.031860
2.496581
1.523657
1.446638
1.717933
1.727543
1.769885
1.535961
1.334064
1.522680
1.528428
1.117262
1.358579
1.491577
1.652680
1.423236
1.718372
1.582636
1.466627
1.431443
1.529138
1.670777
1.687786
1.576974
1.239853
1.487633
1.533308
1.340206
1.907784
2.253391
1.117715
1.764796
1.365783
1.386713
1.320515
2.082345
1.473785
1.471868
1.508480
1.142290
1.496732
1.340855
1.936123
1.814207
1.521831
1.937495
1.422270
1.416431
1.613972
1.475656
1.764389
1.804385
1.800026
1.166180
2.071545
1.458205
1.711209
1.606857
1.407292
1.768575
1.204421
1.626986
1.529783
1.227966
1.467289
1.556562
1.626195
1.394214
1.830614
1.527937
1.684427
2.141185
1.481501
1.430952
1.565361
1.521944
1.765673
1.380946
1.882491
1.474714
1.684152
2.044707
1.732490
1.560075
1.763059
1.545324
1.473906
1.549988
1.433593
1.357381
1.406387
1.439921
1.574812
1.573911
1.470974
1.320603
2.059978
2.260038
1.522892
1.685936
1.819221
1.335093
1.386995
1.517286
1.624571
1.660119
1.148392
1.413094
1.876280
1.379791
1.652335
1.514255
1.420541
1.616942
1.311662
1.817802
1.320218
1.629309
1.669844
1.544712
1.406454
1.303431
1.591816
1.698177
1.740418
1.323260
1.424894
1.623811
1.468998
1.571063
1.530739
1.643950
1.520149
1.383330
1.707915
2.008459
1.605158
1.652037
1.414894
1.352321
1.600202
1.537946
1.541674
1.973069
1.596084
1.587851
1.372390
1.397765
3.027745
1.401495
2.278432
1.532608
1.772324
2.023283
1.788089
1.605979
1.516462
1.809581
1.531204
1.785568
1.874067
1.504608
1.497600
1.673493
1.675019
1.282555
1.475319
1.867229
1.780199
1.285984
2.165136
1.421871
1.533751
1.493109
2.146369
2.027543
1.481286
1.971537
1.193698
1.528899
1.555383
1.374119
1.579741
1.523945
2.320051
1.345376
1.788859
1.477643
1.332818
1.771397
1.286298
1.296182
1.429567
1.716232
1.136149
1.546217
1.662933
1.404037
1.810396
1.839468
1.964067
1.979250
1.773278
1.666866
1.668520
1.567961
1.486067
1.710855
1.423191
1.524026
1.654469
1.641971
1.808362
1.407035
1.604634
1.795621
1.840077
1.727691
1.349595
1.446031
1.281898
1.330442
1.727472
1.439200
1.522496
1.622426
1.542486
1.789477
1.748200
1.611407
1.669775
1.941348
1.776120
1.423444
1.480750
1.958998
1.194367
1.559917
1.155477
1.913254
1.600793
1.740682
1.078200
1.681818
1.455529
1.815087
1.436222
1.543111
1.541444
1.478889
1.543114
1.977683
1.488182
2.347793
1.314454
1.568553
1.748551
1.390028
1.530514
1.655652
1.908229
1.648994
1.526429
1.608895
1.265771
1.866314
1.466013
1.230052
2.005451
1.339709
1.317974
1.409299
1.946077
1.722470
1.422198
1.516775
1.384132
1.603682
1.641397
1.324890
1.571367
1.729270
1.359514
1.655774
1.517996
1.343912
1.942229
1.985793
1.716929
1.476327
1.564986
1.557092
1.530743
1.885666
2.228051
1.735496
1.339914
1.478892
1.607160
