1.635334
1.697141
1.613749
1.607510
1.615148
1.594311
1.667422
1.541841
1.668631
1.681206
1.690503
1.664384
1.723608
1.749638
1.702135
1.645939
1.572059
1.609419
1.615085
1.724172
1.660281
1.635178
1.633163
1.598872
1.698157
1.634502
1.621477
1.665870
1.707986
1.588727
1.650985
1.656848
1.708151
1.676901
1.611399
1.710356
1.693846
1.610420
1.658749
1.617037
1.702324
1.639186
1.615715
1.667303
1.668196
1.686399
1.636725
1.611366
1.642524
1.723976
1.604039
1.652771
1.647370
1.634510
1.686624
1.642487
1.622345
1.695506
1.568558
1.655246
1.643894
1.591493
1.554104
1.585319
1.748781
1.668520
1.598771
1.587550
1.614207
1.604760
1.668657
1.642274
1.669107
1.694168
1.719380
1.719788
1.640012
1.628963
1.613152
1.653179
1.642590
1.685502
1.655040
1.649752
1.671851
1.563857
1.671443
1.634258
1.694079
1.664545
1.592038
1.597083
1.723981
1.649069
1.741930
1.610316
1.685204
1.604649
1.660030
1.563400
1.595585
1.727840
1.588393
1.627388
1.672262
1.641761
1.687598
1.577848
1.644070
1.621696
1.630991
1.602938
1.659260
1.598858
1.626375
1.610080
1.684707
1.612022
1.715448
1.602803
1.620987
1.684688
1.659728
1.737171
1.700020
1.602007
1.618619
1.636240
1.579714
1.697652
1.647521
1.622583
1.721507
1.614723
1.581083
1.756922
1.643888
1.648131
1.696150
1.598976
1.746103
1.700303
1.635703
1.661046
1.678003
1.654858
1.650421
1.709727
1.638392
1.626244
1.606803
1.674091
1.757038
1.689752
1.728580
1.653437
1.619027
1.635404
1.650119
1.679017
1.605888
1.668719
1.656907
1.697964
1.640269
1.656581
1.624274
1.582526
1.649936
1.602899
1.599506
1.641170
1.622669
1.561767
1.686781
1.689072
1.614011
1.634767
1.656678
1.667674
1.650546
1.734268
1.706637
1.596573
1.609953
1.577590
1.640634
1.748776
1.693136
1.677065
1.693488
1.639997
1.581663
1.695215
1.633394
1.695981
1.657155
1.613324
1.658848
1.731339
1.639712
1.680278
1.674734
1.628538
1.571431
1.677851
1.661924
1.655140
1.659985
1.700854
1.588025
1.659084
1.706635
1.599808
1.669123
1.608135
1.681783
1.674297
1.729881
1.616676
1.615655
1.595517
1.622092
1.667266
1.631057
1.673387
1.656962
1.670661
1.670260
1.650756
1.609417
1.655614
1.665655
1.622157
1.715556
1.632852
1.633229
1.680677
1.699751
1.683685
1.666550
1.648172
1.579824
1.713418
1.637606
1.596757
1.699446
1.642326
1.635076
1.683443
1.662294
1.646739
1.590674
1.621890
1.592615
1.678751
1.705094
1.704073
1.635709
1.676217
1.565291
1.659140
1.661252
1.672871
1.671244
1.702153
1.657491
1.574789
1.629021
1.658115
1.620082
1.717542
1.669624
1.680316
1.591607
1.684578
1.554441
1.638880
1.671243
1.680905
1.625580
1.663797
1.622656
1.689468
1.678154
1.678679
1.641977
1.707354
1.657598
1.632625
1.668718
1.728599
1.693818
1.653316
1.648878
1.670634
1.630902
1.679167
1.609572
1.643187
1.646252
1.588411
1.667080
1.662140
1.645013
1.662964
1.604644
1.675829
1.627935
1.655484
1.646467
1.660885
1.608518
1.565215
1.630235
1.660293
1.687021
1.671933
1.631933
1.656179
1.646627
1.673812
1.639580
1.637437
1.606186
1.611463
1.605010
1.647857
1.616143
1.573278
1.635164
1.580060
1.672049
1.607586
1.692214
1.719042
1.613125
1.693558
1.671244
1.660095
1.610711
1.581345
1.622381
1.548202
1.628234
1.650214
1.671610
1.659010
1.616476
1.582721
1.651310
1.626882
1.643718
1.624008
1.674574
1.700119
1.693279
1.679202
1.633171
1.622434
1.659183
1.769456
1.639983
1.637739
1.731086
1.705721
1.725099
1.664323
1.656804
1.641262
1.706209
1.704039
1.615849
1.704328
1.682454
1.702179
1.701138
1.616174
1.585133
1.630424
1.631874
1.667010
1.684960
1.666528
1.663618
1.692970
1.624356
1.673850
1.589325
1.697786
1.615257
1.609700
1.662471
1.639993
1.650426
1.620774
1.602744
1.614202
1.650116
1.642726
1.652697
1.646554
1.718910
1.643765
1.671740
1.623468
1.709420
1.599821
1.640658
1.652877
1.667160
1.677226
1.565683
1.608000
1.542663
1.607542
1.714379
1.587113
1.573055
1.618424
1.677675
1.598134
1.645013
1.704869
1.602823
1.608396
1.539029
1.631153
1.633208
1.614198
1.594125
1.707937
1.596288
1.655512
1.671919
1.711567
1.651474
1.593244
1.641193
1.692926
1.582684
1.690211
1.647901
1.609430
1.522166
1.623627
1.590583
1.642687
1.648559
1.613946
1.621322
1.627141
1.608565
1.634351
1.682113
1.777101
1.599887
1.635739
1.695211
1.680921
1.633170
1.605324
1.612834
1.723780
1.680427
1.722040
1.685210
1.572025
1.587612
1.578390
1.644336
1.674082
1.665897
1.623302
1.650467
1.618432
1.648327
1.645318
1.623962
1.649409
1.624472
1.635227
1.631768
1.639195
1.602980
1.660947
1.606060
1.602788
1.621421
1.659422
1.594634
1.652591
1.629248
1.685102
1.582518
1.683874
1.613726
1.712302
1.675043
1.641480
1.629718
1.612282
1.725446
1.591179
1.644920
1.622042
1.639770
1.650068
1.679169
1.619937
1.656329
1.656067
1.600698
1.621131
1.628245
1.664845
1.620291
1.590020
1.614220
1.650241
1.609689
1.555439
1.649561
1.644293
1.601807
1.717576
1.707871
1.621940
1.572153
1.656734
1.599180
1.641700
1.623020
1.661107
1.732128
1.626764
1.689170
1.597271
1.737386
1.745370
1.610392
1.627023
1.668864
1.597940
1.681247
1.591549
1.648321
1.637900
1.617071
1.693177
1.623709
1.675968
1.636601
1.648624
1.567814
1.734570
1.676107
1.667038
1.666243
1.670313
1.655777
1.664439
1.688307
1.643920
1.670178
1.703615
1.663534
1.654565
1.636300
1.678015
1.657413
1.727592
1.687100
1.688731
1.596085
1.680771
1.679355
1.798250
1.594844
1.733508
1.654465
1.704834
1.766062
1.658327
1.666658
1.637331
1.582116
1.591480
1.755667
1.658940
1.646526
1.640789
1.630709
1.715255
1.635476
1.612820
1.683110
1.617457
1.589081
1.642854
1.632997
1.615856
1.560394
1.674588
1.579834
1.638768
1.593546
1.648486
1.565477
1.678769
1.667552
1.671494
1.594666
1.632860
1.647288
1.625086
1.603219
1.634995
1.645941
1.725579
1.645232
1.649972
1.648319
1.641995
1.736934
1.757004
1.598093
1.642929
1.718195
1.649591
1.617812
1.774062
1.611732
1.712544
1.643221
1.731051
1.636690
1.659860
1.655082
1.647910
1.633458
1.654197
1.693900
1.693818
1.661534
1.612606
1.635428
1.756312
1.605357
1.593137
1.699637
1.678831
1.605378
1.637876
1.613507
1.659394
1.732481
1.645771
1.635402
1.666489
1.682324
1.665756
1.629052
1.712336
1.615536
1.615708
1.640756
1.688582
1.609203
1.708384
1.627621
1.663517
1.632300
1.609709
1.585680
1.669262
1.631818
1.629475
1.667291
1.632124
1.628207
1.617717
1.663469
1.710664
1.682409
1.640227
1.638752
1.603726
1.708681
1.598152
1.651424
1.669938
1.674019
1.628215
1.565013
1.619090
1.556686
1.658040
1.662552
1.660452
1.569541
1.629772
1.595730
1.695909
1.682681
1.686804
1.620581
1.610055
1.658383
1.710754
1.662623
1.674616
1.666458
1.644891
1.665863
1.628717
1.659008
1.625553
1.692170
1.695543
1.646447
1.720905
1.641318
1.573813
1.728763
1.682382
1.678432
1.743813
1.680785
1.644298
1.692460
1.653611
1.715623
1.647125
1.666799
1.667734
1.680249
1.569709
1.600786
1.656078
1.673331
1.646067
1.607330
1.603093
1.621432
1.715980
1.651415
1.631554
1.675133
1.611038
1.646164
1.614770
1.607964
1.552839
1.751359
1.645647
1.678772
1.615099
1.609969
1.618746
1.637112
1.618568
1.664099
1.592614
1.620781
1.654307
1.578999
1.653795
1.659925
1.618242
1.636687
1.697253
1.680055
1.607573
1.696081
1.606561
1.594266
1.674535
1.599492
1.651268
1.661505
1.550675
1.634368
1.638173
1.612455
1.690783
1.601951
1.641109
1.712014
1.640389
1.627159
1.686637
1.653249
1.599607
1.643444
1.673786
1.613911
1.665561
1.639036
1.685903
1.602887
1.699835
1.616856
1.732495
1.701773
1.685534
1.712903
1.637506
1.642670
1.590664
1.623126
1.640532
1.553201
1.719115
1.662986
1.599171
1.707189
1.663985
1.590544
1.586807
1.637186
1.614430
1.651567
1.653143
1.631689
1.596698
1.639286
1.661594
1.645803
1.706434
1.596813
1.661536
1.711045
1.658881
1.697260
1.639471
1.559975
1.688386
1.734096
1.607742
1.625250
1.635368
1.689304
1.593269
1.603043
1.647319
1.606805
1.652115
1.635773
1.600442
1.689862
1.662610
1.660149
1.686839
1.641565
1.579640
1.597279
1.667820
1.654433
1.611756
1.713205
1.649339
1.627713
1.601897
1.587450
1.651868
1.639157
1.641155
1.644416
1.631773
1.704224
1.688346
1.655955
1.613107
1.654243
1.652849
1.614473
1.601457
1.609324
1.669366
1.726957
1.571033
1.588349
1.667102
1.568793
1.621098
1.597103
1.680147
1.616624
1.591309
1.670400
1.574546
1.633962
1.628783
1.676195
1.651322
1.643001
1.716552
1.615215
1.659938
1.590818
1.675349
1.730012
1.625699
1.631444
1.603769
1.568149
1.690348
1.623473
1.637231
1.668678
1.646531
1.653942
1.629066
1.651524
1.652548
1.668693
1.653135
1.682692
1.705938
1.651630
1.649601
1.660793
1.692080
1.652274
1.638718
1.678642
1.670835
1.592499
1.645411
1.652798
1.667354
1.667107
1.677288
1.644898
1.645293
1.679276
1.598794
1.651554
1.692553
1.571679
1.650665
1.571970
1.760652
1.708353
1.587161
1.728460
1.672869
1.657950
1.601858
1.649784
1.660039
1.677572
1.642789
1.635173
1.591952
1.664431
1.661087
1.721422
1.665485
1.626126
1.625973
1.636346
1.646632
1.713642
1.606838
1.610695
1.660730
1.698803
1.589155
1.546071
1.621696
1.601824
1.641395
1.635173
1.554431
1.721051
1.735613
1.687306
1.645163
1.619950
1.651549
1.658023
1.673837
1.683598
1.649837
1.615517
1.593818
1.654385
1.600883
1.634087
1.662046
1.612677
1.647368
1.677690
1.635523
1.606381
1.660036
1.660031
1.658451
