1.646037
1.630441
1.669282
1.612885
1.665732
1.726311
1.715587
1.618920
1.595031
1.707043
1.645420
1.646206
1.605984
1.707950
1.651709
1.659166
1.627755
1.699637
1.682157
1.632010
1.666398
1.628445
1.705454
1.599319
1.668846
1.670120
1.666377
1.661143
1.641733
1.632134
1.695264
1.587206
1.698608
1.646462
1.570115
1.689421
1.611748
1.709366
1.631647
1.634930
1.695378
1.686702
1.640289
1.683601
1.763852
1.661701
1.693572
1.676138
1.666669
1.615050
1.635700
1.621935
1.646908
1.684965
1.635048
1.643741
1.625537
1.578842
1.597944
1.653521
1.632395
1.689659
1.645321
1.646938
1.651657
1.682805
1.652457
1.689947
1.698293
1.700379
1.688868
1.631661
1.647707
1.642857
1.595463
1.641183
1.708673
1.677713
1.643878
1.656007
1.641223
1.700623
1.627452
1.616340
1.631130
1.628261
1.628535
1.659462
1.589054
1.665875
1.685679
1.659286
1.631591
1.661186
1.682757
1.684253
1.649877
1.663719
1.650327
1.683227
