1.680187
1.566075
1.923677
1.360851
1.674612
1.545717
1.709595
1.631034
1.846224
1.612279
1.684388
1.655127
1.741834
1.625445
1.950337
1.693533
1.672452
1.709631
1.747103
1.547344
1.646545
1.410196
1.607916
1.598249
1.553583
1.583774
1.478502
1.662587
1.681726
1.587331
1.402341
1.800428
1.572991
1.482249
1.432935
1.566879
1.756179
1.369687
1.723090
1.639631
1.482840
1.368129
2.101054
1.958082
1.744171
1.482702
1.596302
1.408522
1.646340
1.497649
1.689337
1.504534
1.614103
1.523674
1.721253
1.484739
1.549667
1.542206
1.881211
1.657676
1.692278
1.477960
1.670029
1.758245
1.694731
1.477990
1.568587
1.614880
1.819061
1.326863
1.576928
1.403495
1.929496
1.631146
1.602151
1.838883
1.696721
1.547355
1.583217
1.798415
1.644569
1.572255
1.623566
1.406559
1.461644
1.707416
1.596438
2.028509
1.622481
1.622491
1.491905
1.713934
1.547935
1.471840
1.348237
1.496092
1.759139
2.053901
1.607728
1.553352
