1.646037
1.630441
1.669282
1.612885
1.665732
1.726311
1.715587
1.618920
1.595031
1.707043
1.645420
1.646206
1.605984
1.707950
1.651709
1.659166
1.627755
1.699637
1.682157
1.632010
1.666398
1.628445
1.705454
1.599319
1.668846
1.670120
1.666377
1.661143
1.641733
1.632134
1.695264
1.587206
1.698608
1.646462
1.570115
1.689421
1.611748
1.709366
1.631647
1.634930
1.695378
1.686702
1.640289
1.683601
1.763852
1.661701
1.693572
1.676138
1.666669
1.615050
1.635700
1.621935
1.646908
1.684965
1.635048
1.643741
1.625537
1.578842
1.597944
1.653521
1.632395
1.689659
1.645321
1.646938
1.651657
1.682805
1.652457
1.689947
1.698293
1.700379
1.688868
1.631661
1.647707
1.642857
1.595463
1.641183
1.708673
1.677713
1.643878
1.656007
1.641223
1.700623
1.627452
1.616340
1.631130
1.628261
1.628535
1.659462
1.589054
1.665875
1.685679
1.659286
1.631591
1.661186
1.682757
1.684253
1.649877
1.663719
1.650327
1.683227
1.658342
1.596716
1.621477
1.639429
1.653647
1.631233
1.686256
1.658539
1.771936
1.655310
1.620452
1.676261
1.674077
1.644998
1.642957
1.660716
1.652110
1.698393
1.629116
1.653055
1.649693
1.650432
1.637725
1.648267
1.699796
1.644850
1.659534
1.641492
1.687136
1.703889
1.662654
1.658622
1.667298
1.649761
1.614740
1.611320
1.635364
1.651302
1.642060
1.690224
1.661546
1.653648
1.663470
1.598679
1.620398
1.671404
1.659988
1.676280
1.601370
1.648900
1.641804
1.705348
1.627184
1.631006
1.663996
1.604211
1.619341
1.715824
1.630373
1.731470
1.618466
1.663621
1.713739
1.617455
1.681218
1.569025
1.625248
1.701829
1.665907
1.671897
1.696426
1.574227
1.632566
1.639571
1.651526
1.643371
1.649885
1.679727
1.618234
1.653699
1.710124
1.690192
1.656249
1.751745
1.665337
1.645777
1.655009
1.607722
1.633397
1.628455
1.655797
1.695537
1.705529
1.668084
1.569600
1.662144
1.663372
1.623230
1.657929
1.662242
1.655607
1.656878
1.669044
1.660039
1.644055
1.603676
1.647542
1.571894
1.625180
1.620965
1.707907
1.651021
1.586697
1.607156
1.657326
1.639406
1.658742
1.669711
1.663641
1.653457
1.689543
1.649279
1.621659
1.604048
1.692885
1.597315
1.621386
1.781914
1.665745
1.642858
1.670033
1.647769
1.716165
1.664304
1.610291
1.626800
1.672408
1.608797
1.641197
1.663422
1.657603
1.629397
1.663629
1.712023
1.658472
1.612270
1.610054
1.634389
1.693880
1.624876
1.611240
1.682795
1.634248
1.638521
1.681676
1.662312
1.654149
1.644526
1.596074
1.651400
1.586639
1.666872
1.607920
1.672351
1.658368
1.628667
1.644603
1.675383
1.604671
1.692113
1.582114
1.624269
1.665203
1.634425
1.661424
1.633874
1.632203
1.691452
1.654896
1.655988
1.637879
1.679376
1.642760
1.641339
1.644455
1.645670
1.678165
1.669721
1.682370
1.687930
1.709743
1.658478
1.677273
1.662398
1.657225
1.641570
1.622118
1.624896
1.636013
1.604000
1.657896
1.606122
1.657126
1.640819
1.610483
1.653817
1.635000
1.613958
1.624779
1.679310
1.692449
1.648646
1.695327
1.688408
1.623058
1.660213
1.664058
1.650753
1.644267
1.684607
1.585232
1.738004
1.647329
1.639071
1.689140
1.648839
1.606289
1.686563
1.665536
1.708066
1.774343
1.698123
1.619333
1.700831
1.663113
1.632649
1.611847
1.614893
1.664004
1.660836
1.617916
1.608074
1.673605
1.636985
1.652089
1.633920
1.691384
1.648465
1.617414
1.698316
1.595051
1.668057
1.708794
1.669408
1.646869
1.652568
1.656739
1.656689
1.698560
1.665880
1.661335
1.691979
1.699598
1.636101
1.704923
1.695642
1.665795
1.613233
1.615802
1.633952
1.592895
1.649328
1.661151
1.606858
1.651588
1.611071
1.632767
1.675947
1.661587
1.595339
1.621832
1.697772
1.599992
1.654590
1.659758
1.652127
1.679703
1.645214
1.649556
1.629290
1.638653
1.614675
1.629493
1.644778
1.665243
1.632724
1.628007
1.625469
1.638530
1.625032
1.647919
1.666693
1.667997
1.685245
1.641639
1.647762
1.606836
1.708249
1.649298
1.651684
1.638957
1.637963
1.606996
1.677182
1.620328
1.593667
1.653114
1.662896
1.641777
1.678801
1.663631
1.665051
1.629031
1.615275
1.681449
1.677820
1.619123
1.647788
1.622562
1.643533
1.674924
1.633278
1.608505
1.648971
1.700683
1.668907
1.663519
1.667380
1.584869
1.618510
1.673836
1.640032
1.602005
1.652713
1.648505
1.625985
1.624442
1.679052
1.635850
1.639416
1.675676
1.685781
1.603649
1.618576
1.637605
1.603775
1.663634
1.570438
1.638085
1.713748
1.660311
1.660940
1.691264
1.668735
1.665447
1.701172
1.623808
1.628487
1.711497
1.683147
1.682551
1.697135
1.661613
1.681414
1.641775
1.654489
1.712824
1.685027
1.681524
1.681647
1.655884
1.670445
1.669674
1.625776
1.678349
1.589644
1.676616
1.629788
1.685532
1.705338
1.650040
1.696999
1.651582
1.683233
1.632672
1.639471
1.629975
1.640937
1.640543
1.664110
1.711901
1.604828
1.643365
1.659778
1.634487
1.651826
1.621806
1.643731
1.679170
1.679727
1.640035
1.661375
1.636105
1.673922
1.622413
1.669883
1.687508
1.674454
1.697697
1.636879
1.648369
1.680660
1.621056
1.668354
1.676443
1.634217
1.687897
1.625264
1.612345
1.671903
1.658747
1.640808
1.627998
1.640097
1.654155
1.642624
1.601725
1.665761
1.671107
1.656229
1.700381
1.618289
1.662841
1.594473
1.693207
1.676174
1.685877
1.585849
1.659689
1.706489
1.673045
1.711257
1.659483
1.645194
1.663743
1.688509
1.590701
1.677218
1.618626
1.661395
1.641141
1.645125
1.608326
1.641806
1.640427
1.632034
1.631272
1.621444
1.631953
1.656735
1.652192
1.681878
1.703994
1.626498
1.619918
1.607276
1.684265
1.635292
1.610450
1.661831
1.615951
1.687159
1.639141
1.645286
1.664598
1.614073
1.658282
1.617208
1.623520
1.669028
1.592339
1.664127
1.617343
1.663152
1.633835
1.656307
1.653051
1.620687
1.703263
1.669488
1.646547
1.616835
1.660817
1.619041
1.635778
1.606983
1.647569
1.698838
1.631692
1.643830
1.620101
1.634672
1.697970
1.665594
1.609271
1.661397
1.630632
1.657989
1.643791
1.638768
1.621027
1.618917
1.674292
1.613651
1.644227
1.661576
1.620087
1.685963
1.632053
1.671658
1.596831
1.722839
1.660760
1.661344
1.638729
1.667876
1.658932
1.632066
1.641489
1.647480
1.719585
1.719886
1.664331
1.676964
1.637052
1.625931
1.629569
1.709510
1.616360
1.674326
1.656504
1.626498
1.685867
1.698100
1.659051
1.677729
1.682293
1.651015
1.668880
1.635890
1.647845
1.635394
1.593965
1.681469
1.623639
1.620364
1.639483
1.645178
1.604208
1.639099
1.658465
1.648883
1.627682
1.662586
1.664362
1.666364
1.650893
1.647550
1.631811
1.636491
1.688144
1.641059
1.708335
1.640285
1.627903
1.654070
1.658916
1.602130
1.659745
1.627729
1.678640
1.653970
1.656752
1.630837
1.655601
1.647396
1.649977
1.635995
1.630922
1.650892
1.606612
1.682203
1.684153
1.637953
1.603359
1.593603
1.670390
1.659662
1.679792
1.648023
1.668271
1.591921
1.620303
1.684076
1.699892
1.614447
1.599025
1.638120
1.629308
1.579365
1.719110
1.723007
1.671743
1.771024
1.691102
1.641531
1.576299
1.652841
1.684013
1.699577
1.693619
1.692475
1.670983
1.633174
1.652488
1.650448
1.658124
1.659484
1.685543
1.668160
1.681944
1.632069
1.644841
1.661405
1.697144
1.675349
1.676640
1.639355
1.660464
1.676381
1.652406
1.638138
1.657992
1.711289
1.638424
1.659884
1.711264
1.635726
1.631733
1.631658
1.631562
1.634848
1.672097
1.637906
1.701177
1.662711
1.666816
1.654654
1.672670
1.629726
1.670201
1.648994
1.697132
1.645195
1.641003
1.666029
1.610833
1.585934
1.655209
1.673228
1.666641
1.648439
1.596909
1.633894
1.644500
1.702981
1.702083
1.598172
1.619375
1.660305
1.645842
1.665481
1.671065
1.688242
1.679013
1.684827
1.592080
1.613838
1.648724
1.600552
1.618772
1.648745
1.640354
1.688351
1.609124
1.709010
1.670587
1.693650
1.646307
1.624995
1.675448
1.672069
1.706164
1.697197
1.683845
1.647596
1.656910
1.640098
1.662129
1.647427
1.644069
1.642862
1.683574
1.663961
1.689677
1.708672
1.671738
1.667871
1.686452
1.681355
1.615127
1.591757
1.604545
1.652416
1.605593
1.676591
1.616133
1.632136
1.649777
1.697715
1.676239
1.626544
1.657466
1.678557
1.624089
1.642447
1.714779
1.624907
1.703118
1.634648
1.591309
1.641552
1.627374
1.738888
1.643214
1.738919
1.638791
1.705532
1.681404
1.604350
1.623469
1.662157
1.667557
1.635317
1.663183
1.646813
1.596035
1.703361
1.669315
1.653400
1.650764
1.605928
1.665856
1.689056
1.671529
1.620845
1.661923
1.647314
1.666237
1.614907
1.664370
1.611506
1.625713
1.627435
1.609209
1.631292
1.599221
1.626989
1.640657
1.603451
1.695453
1.625974
1.651470
1.627614
1.637375
1.672085
1.679308
1.604797
1.708369
1.618309
1.664607
1.704959
1.681885
1.634986
1.669426
1.621033
1.671391
1.651762
1.661490
1.629647
1.658005
1.626853
1.709908
1.611391
1.615461
1.636787
1.624095
1.667547
1.679529
1.655601
1.627774
1.625296
1.624781
1.634866
1.636060
1.657412
1.630987
1.592334
1.640200
1.621253
1.622578
1.675982
1.591131
1.622104
1.600564
1.627601
1.661568
1.640128
1.690978
1.697775
1.667817
1.637335
1.686644
1.648985
1.672116
1.649748
1.643579
1.652274
1.692449
1.655026
1.719817
1.699533
1.648398
1.677396
1.599352
1.703251
1.642177
1.701879
1.678540
1.666749
1.634518
1.627854
1.619007
1.639684
1.688816
1.645177
1.653684
1.665646
1.660087
1.628089
1.598308
1.700212
1.670180
1.634140
1.657276
1.652471
1.636305
1.671257
1.644244
1.633741
1.593596
1.670423
1.669657
1.685335
1.664901
1.698828
1.613614
1.655133
1.645435
1.541341
1.632953
1.623188
1.657068
1.669160
1.691375
1.632543
1.662620
1.613885
1.640995
1.646811
