1.559235
1.642906
1.664972
1.703764
1.553528
1.685511
1.592217
1.620069
1.557811
1.569022
1.566999
1.695868
1.742567
1.570256
1.542312
1.647508
1.653171
1.663472
1.615866
1.771747
1.744811
1.618767
1.684551
1.675107
1.727849
1.808014
1.666920
1.706049
1.646238
1.639574
1.601130
1.702387
1.515755
1.654322
1.516452
1.664919
1.673122
1.708331
1.767195
1.700620
1.848160
1.593048
1.655174
1.533515
1.717762
1.656674
1.632822
1.610581
1.608450
1.677808
1.680153
1.522567
1.605981
1.748071
1.639604
1.690203
1.668408
1.673277
1.594364
1.633001
1.632436
1.689816
1.609025
1.626637
1.683406
1.630393
1.610416
1.636573
1.694459
1.574494
1.693374
1.604021
1.711514
1.770918
1.598949
1.601349
1.630402
1.800804
1.583487
1.582185
1.646882
1.577124
1.623248
1.712867
1.685226
1.594856
1.706200
1.628587
1.753695
1.625804
1.626433
1.637972
1.749709
1.592880
1.556428
1.652224
1.560845
1.677911
1.711801
1.618891
1.586768
1.736797
1.745563
1.671844
1.609764
1.653138
1.653984
1.638184
1.646261
1.760723
1.651504
1.741197
1.647269
1.656073
1.650537
1.766836
1.593626
1.620541
1.696541
1.703913
1.687863
1.632712
1.587332
1.590617
1.609948
1.506268
1.612112
1.603689
1.691051
1.639561
1.674939
1.701844
1.520061
1.638027
1.701691
1.626425
1.566399
1.668397
1.534889
1.575054
1.672912
1.710392
1.658737
1.639526
1.589886
1.647090
1.583662
1.718201
1.587868
1.730650
1.722048
1.609294
1.620783
1.641476
1.675511
1.616741
1.608553
1.622238
1.706324
1.555299
1.651676
1.693537
1.627281
1.641623
1.573373
1.564671
1.683494
1.763239
1.682082
1.675971
1.630992
1.660264
1.736369
1.680627
1.728192
1.596722
1.830708
1.805383
1.771423
1.661474
1.622645
1.604392
1.513625
1.611870
1.749233
1.654214
1.551147
1.754222
1.627734
1.658887
1.517195
1.618600
1.569579
1.793237
1.601614
1.598330
1.651810
1.593139
1.673540
1.470656
1.559105
1.559939
1.694784
1.772027
1.663609
1.575374
1.626495
1.669409
1.754089
1.649013
1.685275
1.614229
1.684523
1.681278
1.618987
1.625532
1.634426
1.667469
1.661137
1.570486
1.655185
1.509866
1.574551
1.734426
1.589227
1.506398
1.644352
1.699094
1.659134
1.448651
1.628083
1.653205
1.657040
1.661315
1.724325
1.627926
1.724649
1.667674
1.636250
1.656216
1.668339
1.500875
1.586850
1.606461
1.677460
1.757729
1.676074
1.662830
1.636134
1.623192
1.687407
1.683015
1.591259
1.628798
1.681264
1.518187
1.568464
1.648134
1.722123
1.852526
1.620026
1.704374
1.670273
1.603591
1.634931
1.657916
1.668633
1.482675
1.783334
1.561202
1.752682
1.828334
1.656244
1.629740
1.722364
1.648343
1.772977
1.592420
1.514708
1.515056
1.681093
1.665794
1.768776
1.683565
1.686588
1.593250
1.613921
1.598600
1.709906
1.585578
1.575221
1.719704
1.594579
1.573555
1.608098
1.661348
1.646963
1.572843
1.570992
1.603986
1.681482
1.586438
1.677565
1.564964
1.789820
1.742871
1.652806
1.679804
1.802969
1.716295
1.676303
1.622858
1.667676
1.570038
1.594809
1.784469
1.606460
1.639084
1.653150
1.646132
1.560403
1.531667
1.699493
1.645978
1.619751
1.576441
1.696910
1.656850
1.571667
1.630731
1.640299
1.618098
1.705555
1.689518
1.589686
1.587988
1.729795
1.593482
1.633286
1.587441
1.609499
1.518240
1.590124
1.627089
1.590580
1.788125
1.644597
1.590282
1.645932
1.621724
1.644619
1.553628
1.584997
1.660163
1.592868
1.679881
1.738724
1.630868
1.619950
1.615366
1.600984
1.750733
1.715458
1.565352
1.732632
1.632727
1.626077
1.568306
1.582396
1.596957
1.647258
1.611058
1.729079
1.608501
1.680208
1.717658
1.767782
1.687032
1.569835
1.809585
1.620632
1.683407
1.701181
1.681501
1.610837
1.722948
1.671759
1.738438
1.648509
1.503706
1.744357
1.651559
1.706102
1.572703
1.564891
1.764594
1.677448
1.604288
1.784682
1.663165
1.622588
1.657200
1.697500
1.741066
1.628606
1.641845
1.665851
1.675700
1.598820
1.558336
1.817039
1.631692
1.627656
1.659663
1.662218
1.604648
1.609544
1.695875
1.736540
1.701333
1.589476
1.532376
1.648682
1.610780
1.690795
1.614178
1.586667
1.613574
1.707987
1.683408
1.672966
1.638490
1.619743
1.720674
1.665747
1.709106
1.706367
1.615037
1.672766
1.724704
1.553988
1.585992
1.479782
1.656865
1.615725
1.579082
1.761698
1.693050
1.546977
1.709183
1.703356
1.718863
1.679967
1.670969
1.615432
1.573780
1.720854
1.651506
1.602568
1.570447
1.621819
1.637851
1.765636
1.697150
1.600223
1.723266
1.599452
1.620597
1.755082
1.735280
1.657491
1.605137
1.604121
1.648473
1.523010
1.580415
1.589346
1.667137
1.662992
1.655679
1.580249
1.663118
1.616954
1.651417
1.630614
1.603197
1.654924
1.656327
1.710090
1.652734
1.591211
1.563582
1.726732
1.677336
1.568921
1.604822
1.609189
1.614354
1.735318
1.702165
1.640461
1.823765
1.721340
1.646749
1.732901
1.577070
1.557581
1.609326
1.580727
1.647699
1.561981
1.751494
1.629857
1.711250
1.598577
1.665205
1.734352
1.589752
1.661464
1.690332
1.779453
1.547560
1.676592
1.661923
1.666132
1.662560
1.724654
1.652215
1.639243
1.549662
1.773321
1.538687
1.687059
1.683217
1.628580
1.644876
1.626884
1.688402
1.586762
1.735855
1.644844
1.798828
1.639659
1.621037
1.635795
1.548891
1.750370
1.660538
1.716816
1.601446
1.619772
1.634034
1.530572
1.537325
1.631322
1.693733
1.715164
1.669023
1.602242
1.745820
1.634909
1.678674
1.680411
1.564246
1.668403
1.593107
1.642982
1.638792
1.699038
1.727111
1.742196
1.626221
1.636640
1.650067
1.668217
1.691114
1.631901
1.636955
1.588988
1.667576
1.698620
1.648145
1.653708
1.664159
1.705107
1.657942
1.634138
1.604594
1.575700
1.596562
1.652130
1.679428
1.770885
1.662379
1.690739
1.544463
1.692773
1.607386
1.684267
1.660862
1.632409
1.684601
1.573940
1.523807
1.713676
1.693434
1.621341
1.708983
1.690121
1.616245
1.564859
1.569033
1.641271
1.618948
1.587115
1.705243
1.597202
1.698177
1.621740
1.671381
1.703097
1.624571
1.670719
1.550332
1.643225
1.626598
1.618914
1.661832
1.658431
1.751263
1.657845
1.677302
1.713733
1.651247
1.596558
1.689493
1.641814
1.571091
1.759418
1.727908
1.619395
1.582253
1.764222
1.553018
1.653140
1.671581
1.640039
1.600204
1.634047
1.630921
1.580166
1.770115
1.628501
1.632756
1.613374
1.734657
1.617986
1.660281
1.778841
1.680272
1.550483
1.618833
1.651562
1.614256
1.689646
1.659004
1.711309
1.502213
1.660950
1.675432
1.735084
1.696432
1.731185
1.600760
1.586010
1.639560
1.656189
1.604282
1.579959
1.663490
1.593016
1.793394
1.590490
1.611817
1.614998
1.604803
1.544750
1.621966
1.777648
1.594190
1.515931
1.693489
1.572523
1.683498
1.620704
1.567678
1.631051
1.727309
1.650072
1.656695
1.646817
1.553615
1.770792
1.661127
1.624231
1.661633
1.618552
1.582868
1.608576
1.659614
1.670022
1.680325
1.563325
1.643541
1.646350
1.637718
1.672170
1.709010
1.601660
1.606634
1.667109
1.753772
1.628340
1.772587
1.795835
1.707056
1.637121
1.695943
1.698562
1.692906
1.675474
1.712011
1.689621
1.576692
1.737398
1.660281
1.639175
1.698836
1.687266
1.721336
1.597160
1.761108
1.690054
1.610473
1.592924
1.593400
1.596832
1.802047
1.553413
1.549405
1.602807
1.655889
1.676972
1.635266
1.622156
1.621907
1.554616
1.595346
1.620590
1.682700
1.621806
1.726384
1.640869
1.718164
1.627194
1.721576
1.666144
1.643056
1.649231
1.664864
1.692104
1.678557
1.660591
1.692462
1.571787
1.649665
1.648451
1.586223
1.594486
1.736634
1.565157
1.606346
1.662793
1.509147
1.639825
1.651581
1.608310
1.649706
1.668311
1.658704
1.602262
1.684805
1.627047
1.602037
1.583082
1.631522
1.583790
1.641245
1.575448
1.733014
1.734726
1.539172
1.653031
1.614073
1.691178
1.674263
1.649010
1.668062
1.645955
1.683551
1.636389
1.614082
1.740558
1.563024
1.771706
1.669417
1.671774
1.622929
1.742100
1.639025
1.586543
1.700232
1.599710
1.564751
1.684318
1.620856
1.558952
1.687466
1.588423
1.600427
1.604224
1.715496
1.572952
1.658654
1.702031
1.496614
1.614603
1.581795
1.597242
1.589546
1.751019
1.748053
1.674220
1.605199
1.720075
1.593667
1.695014
1.638456
1.641712
1.540294
1.599121
1.648751
1.593336
1.539277
1.794076
1.688494
1.609905
1.657203
1.546796
1.625984
1.600088
1.589526
1.682592
1.711067
1.645849
1.546386
1.698454
1.706037
1.802621
1.637095
1.626505
1.640281
1.642602
1.619583
1.639406
1.613118
1.617623
1.714038
1.571645
1.668869
1.642895
1.625989
1.636421
1.703984
1.594594
1.632602
1.666797
1.584755
1.581200
1.651332
1.665932
1.633580
1.635749
1.697773
1.544792
1.682016
1.665669
1.620356
1.677831
1.651478
1.612373
1.810359
1.593799
1.606176
1.580476
1.576539
1.639367
1.655073
1.852470
1.669878
1.769418
1.848384
1.655240
1.620003
1.646578
1.744823
1.731246
1.591488
1.708008
1.592614
1.704009
1.635301
1.623596
1.617751
1.605478
1.729470
1.555686
1.658720
1.767507
1.643005
1.695623
1.686445
1.741435
1.580994
1.618753
1.644059
1.666233
1.611312
1.708967
1.513543
1.693912
1.614074
1.507061
1.673411
1.608048
1.605499
1.634757
1.556289
1.700740
1.652587
1.618635
1.631855
1.665590
1.794249
1.630889
1.621045
1.605323
1.735133
1.596516
1.665156
1.616975
1.741934
1.635347
1.796219
1.646352
1.544515
1.549190
1.745033
1.702573
1.567848
1.669061
1.695475
1.655110
1.733593
1.650190
1.737236
1.579310
1.617099
1.617504
1.749386
1.668926
1.694160
1.701119
1.591180
1.713190
1.611614
1.602187
1.719024
1.657296
1.651108
1.677773
1.656093
1.571913
1.630167
1.710229
1.695890
1.670656
1.564015
1.604671
1.620523
