1.680187
1.566075
1.923677
1.360851
1.674612
1.545717
1.709595
1.631034
1.846224
1.612279
1.684388
1.655127
1.741834
1.625445
1.950337
1.693533
1.672452
1.709631
1.747103
1.547344
1.646545
1.410196
1.607916
1.598249
1.553583
1.583774
1.478502
1.662587
1.681726
1.587331
1.402341
1.800428
1.572991
1.482249
1.432935
1.566879
1.756179
1.369687
1.723090
1.639631
1.482840
1.368129
2.101054
1.958082
1.744171
1.482702
1.596302
1.408522
1.646340
1.497649
1.689337
1.504534
1.614103
1.523674
1.721253
1.484739
1.549667
1.542206
1.881211
1.657676
1.692278
1.477960
1.670029
1.758245
1.694731
1.477990
1.568587
1.614880
1.819061
1.326863
1.576928
1.403495
1.929496
1.631146
1.602151
1.838883
1.696721
1.547355
1.583217
1.798415
1.644569
1.572255
1.623566
1.406559
1.461644
1.707416
1.596438
2.028509
1.622481
1.622491
1.491905
1.713934
1.547935
1.471840
1.348237
1.496092
1.759139
2.053901
1.607728
1.553352
1.939907
1.563953
1.454379
1.693600
1.466266
1.631999
1.990975
1.580215
1.567999
1.568277
1.606815
1.556799
1.441784
1.786734
1.801286
1.452999
1.358556
1.551082
1.473763
1.621007
1.559796
1.819241
1.757046
1.338210
1.734590
1.567498
1.373235
1.845723
1.382791
1.644141
1.472034
1.626923
1.288497
1.554296
1.749993
1.739955
1.555456
1.339945
1.391226
1.494045
1.417591
1.782293
1.397749
1.680594
1.781186
1.670149
1.426568
1.538490
1.692226
1.552408
1.463943
1.780111
1.682877
1.561780
1.983611
1.861967
1.503137
1.657288
1.875252
1.349829
1.672516
1.716502
1.995707
1.882428
1.661461
1.589862
1.397662
1.365891
1.730586
1.710201
1.539035
1.445147
1.472149
1.636085
1.615951
1.659758
1.486630
1.577589
1.742502
1.542028
1.441130
1.448781
1.538728
1.712919
1.452769
1.800570
1.690515
1.475182
1.626668
1.661570
1.541449
1.630099
1.438082
1.812085
2.072514
1.571309
2.352484
1.394589
1.589784
1.912390
1.692936
1.651079
1.947186
1.780209
1.687142
1.878078
1.775625
1.461376
1.794108
1.617010
1.579410
1.533337
1.561739
1.663458
2.021545
1.562648
1.569816
1.775662
1.666971
1.782792
1.452319
1.514703
1.926742
1.626621
1.549495
1.536217
1.820078
1.971838
1.332122
1.710703
1.404084
1.691326
1.419125
1.566187
1.598938
1.438450
1.592443
1.766949
1.623240
1.433627
1.428247
1.682698
1.675199
1.690623
1.327733
1.705056
1.554173
1.534837
1.566563
1.581155
1.525445
1.410501
1.645865
1.836433
1.792656
1.625895
1.707208
1.628500
1.705674
1.342618
1.450585
1.482465
1.590679
1.731180
1.356207
1.666713
1.768303
1.605523
1.560606
1.649407
1.893425
1.718732
1.745692
1.469275
1.459548
1.654773
1.565672
1.671501
1.586535
1.710629
1.498648
1.650590
1.332251
1.849077
1.634440
1.434005
1.935078
1.595729
1.352313
1.530700
1.923143
1.588466
1.725124
1.539705
1.659722
1.689114
1.507457
1.974082
1.556215
1.507412
1.813580
1.651929
1.744773
1.702104
1.916920
1.736765
1.606109
1.751410
1.927857
1.455297
1.467860
1.761046
2.111410
1.777122
1.587947
1.471970
1.716920
1.477175
1.745819
1.621885
2.183837
1.549400
1.414762
1.873200
1.593459
1.933793
1.559595
1.612688
1.893894
1.855293
1.557763
1.544326
1.915384
1.523779
1.588044
1.740315
1.593611
1.777868
1.661407
1.450439
1.723645
1.943119
1.847201
1.637678
1.693840
1.491567
1.397309
1.452349
1.672184
1.534911
1.641767
1.635438
1.600433
2.054715
1.910067
1.922705
1.514338
1.503033
1.741845
1.702823
1.824940
1.475965
1.560124
1.518900
1.486009
1.448429
1.744777
1.481974
1.709891
1.761281
1.650031
1.488451
1.994104
1.561089
1.482928
1.745014
1.614941
1.480659
1.733472
1.869215
1.670411
1.800248
1.486003
1.558145
1.804480
1.942557
1.494202
1.613500
1.475926
1.663527
1.385304
1.568452
1.614173
1.795210
1.713989
1.758782
1.627736
1.497268
1.924299
1.681247
1.829348
1.483369
1.397183
1.448505
1.523205
1.772530
1.839599
1.384034
1.632868
1.383450
1.545075
1.504679
1.679178
1.429304
1.781382
1.429007
1.514290
1.597336
1.734036
1.286410
1.953240
1.426910
1.590851
2.007289
1.679227
1.559452
1.663645
1.590846
1.584041
1.703683
1.977072
1.646767
1.610739
1.810998
1.549755
1.958628
1.870615
1.807538
1.541435
1.289159
1.628944
1.553874
1.543378
1.594294
1.893469
1.691592
1.561847
1.739100
1.655556
1.546729
1.637348
1.902519
1.629190
1.892975
1.288702
1.675363
1.490997
1.637921
1.637466
2.204624
1.762434
1.523316
1.469927
1.773356
1.824205
1.364517
1.638586
1.589537
1.365834
1.334897
1.587318
1.625356
2.030008
1.600454
1.476493
1.645985
1.562128
1.692505
1.783838
1.658742
1.344961
1.536290
1.695122
1.557678
1.477659
1.580048
1.873378
1.922458
1.703225
1.576978
1.807349
1.453337
1.546781
1.623913
1.509424
1.799720
1.365979
1.345511
1.851274
1.706464
1.409547
1.467967
1.617192
1.827308
1.783004
1.998354
1.733584
1.697626
1.706826
1.758074
1.730135
1.570090
1.961011
1.633727
1.333304
1.576337
2.091322
1.795152
1.629602
1.670631
1.678803
1.386622
2.013256
1.922835
1.761132
1.498813
1.739409
1.712833
1.677757
1.636856
1.470441
1.507995
1.536416
1.681389
1.624123
1.605525
1.552355
1.262486
1.659177
1.576833
1.831785
1.460561
1.648525
1.761878
1.754011
1.716065
1.714111
1.791877
1.345682
1.583603
1.372439
1.896830
1.466109
1.452289
1.575816
1.633636
1.598372
1.643283
1.480853
1.857657
1.564127
1.695518
1.825356
1.696611
1.638975
1.395017
1.666140
1.680237
1.614817
1.561617
1.500559
1.677794
1.573832
1.556435
1.699728
1.527141
2.021645
1.713722
1.806658
1.503711
1.486681
1.835409
1.438706
1.521979
1.487690
1.915116
1.656473
1.695066
1.855639
1.615736
1.817535
1.611326
1.613461
1.721399
1.498779
1.413169
1.449514
1.811969
1.685177
1.740556
1.853613
1.713477
1.826324
1.560781
1.591499
1.649965
1.497060
1.572722
1.699002
1.426740
2.123546
1.425807
1.722393
1.535625
1.715625
1.918631
1.491470
1.555343
1.654249
1.505526
1.671316
1.721972
1.647181
1.531304
1.571976
1.347295
1.450448
1.589446
1.799213
1.450003
1.329647
1.431144
1.974892
1.542900
1.745240
1.380713
1.639478
1.568283
1.419993
1.867187
1.565453
1.508025
1.796358
1.558598
1.593689
1.747141
1.592445
1.455038
1.526258
1.799488
1.397670
1.617019
1.425493
1.731573
1.864856
1.822925
1.525217
2.128001
1.433271
1.759171
1.695634
1.674143
1.997733
1.470620
1.639006
1.544617
1.469491
1.614123
1.653036
1.541998
1.397691
1.735967
1.877915
1.580518
1.423521
1.580452
1.665917
1.971143
1.698020
1.417461
1.521472
1.823722
1.931171
1.463114
1.471743
1.242150
1.425096
1.712524
1.526040
1.593385
1.813562
1.660964
1.421928
1.973838
1.559126
1.828692
2.074449
1.906382
1.464959
1.448017
1.332184
1.799126
1.331181
1.760932
1.749898
1.573252
2.066656
1.574285
1.651482
2.005999
1.465765
1.584822
1.542257
1.555876
1.932108
1.367502
1.679102
1.610262
1.864231
1.545794
1.443320
1.811890
1.449686
1.546243
1.642882
2.006124
1.460848
1.509249
1.797939
1.703218
1.674281
1.779896
1.677276
1.785947
1.561266
1.805122
1.332696
1.571703
1.627897
1.360124
1.623033
1.898290
1.477314
1.577344
1.809934
1.594855
1.650401
1.495587
1.703775
1.519427
1.885838
1.807121
1.791036
1.426684
1.523148
1.404932
1.447015
1.681311
1.238176
1.686280
1.970808
1.304498
1.564968
1.614969
1.972716
1.465413
1.565912
1.699073
1.773983
1.544686
1.783381
1.565884
1.393742
1.722816
1.818903
1.642634
1.684774
1.511482
1.530309
1.404210
1.720031
2.241482
1.521044
1.531867
1.369868
1.681187
1.847652
1.551389
1.680693
2.006260
1.855910
1.590153
1.405847
1.580573
1.574123
1.784211
2.027763
1.515553
1.476090
1.355695
1.857490
1.714016
1.645224
1.813657
1.604179
1.492957
1.711387
1.785504
1.624821
1.484955
1.532948
1.770233
1.856724
1.681830
1.767902
1.486971
1.769223
1.544794
1.565653
1.651864
2.008839
1.715108
1.793060
2.066515
2.281993
1.598863
1.722057
1.711405
1.665848
1.517067
1.601293
1.528486
1.473629
1.604206
1.658630
1.624212
1.469274
1.788902
1.552723
1.504774
1.669689
2.033031
1.516577
1.898511
1.488279
1.480283
1.410587
1.542781
1.617070
1.580565
1.522268
1.494953
1.565142
1.528510
1.652223
1.785461
1.590837
1.675824
1.777069
1.522870
1.680334
1.769839
1.598945
1.525063
1.759051
1.448707
1.765039
1.896618
1.664402
1.916474
1.556017
1.499936
1.635096
1.636840
1.662304
1.958279
1.703568
1.625073
1.527076
1.826834
1.632986
1.681530
1.590389
1.640300
1.567688
1.562407
1.655328
1.395121
1.733213
1.833096
1.497700
1.511258
1.652052
1.694578
1.857351
1.568850
1.771579
1.647537
1.868148
1.544892
1.661171
1.506099
1.675263
1.697981
1.623131
1.387306
1.522264
1.622589
2.096101
1.302918
1.614583
1.531476
1.860119
1.842243
1.559634
1.673434
1.978765
1.354966
1.945128
1.744549
1.715998
1.722544
1.636008
1.610672
1.567738
1.716782
1.630611
1.787485
1.542105
1.582743
1.449131
1.834954
1.468656
1.721895
1.421258
1.736491
1.969906
1.508174
1.540108
2.111452
1.511503
1.624494
1.497355
1.556582
1.742819
1.648373
1.867204
1.487990
1.539863
1.735218
1.591488
1.536250
1.649126
1.481813
1.798486
1.656457
1.643620
1.673667
1.631562
1.517034
1.867407
1.777717
1.786278
1.654144
1.552772
1.648011
1.498804
1.549621
2.041360
1.895588
1.495190
1.789496
1.882764
1.517410
1.778245
1.770466
1.676972
1.631244
1.482308
1.531044
1.482178
1.779296
1.474337
2.080589
1.899731
1.800596
1.470796
1.414877
1.770738
1.418452
1.731387
1.772735
1.374291
1.560247
1.650474
1.569755
1.426550
1.727056
1.717815
1.684060
