93.292352
262.347251
459.728303
613.125024
709.489820
879.014733
1036.991042
1323.883166
1502.901843
1627.417756
1841.343505
1869.867144
2229.855833
2158.649204
2392.914822
2602.124766
2867.417714
3033.980270
3146.277557
3251.591170
3678.180244
3623.287263
3700.984185
3971.063230
4170.066369
4327.950905
4542.565536
4553.850716
4763.895363
4887.016435
5116.543061
5340.741382
5790.698365
5508.090055
5697.253146
6271.207256
6121.849258
6562.137693
6381.717610
6638.084177
7037.954805
6793.483474
7705.117394
7871.517944
7601.584969
7716.676470
7719.383856
7761.284749
8213.283293
8566.497283
9139.227767
9243.643253
8603.534223
8978.020361
9180.714467
9474.715676
9328.322205
10093.578864
10110.211698
10587.000738
10470.572290
10520.797904
10226.660487
10789.624231