68.261674
208.108348
357.232779
492.392850
576.294954
691.082053
815.174305
990.105064
1083.194343
1349.021019
1470.595040
1595.405991
1701.703700
1811.923755
1942.403879
2107.420872
2332.933160
2429.641893
2472.550906
2690.525625
2641.671999
2936.230665
2881.470288
2980.004251
3385.422016
3473.366075
3755.171310
3918.521087
3720.186287
3777.671890
4470.406413
4172.598103
4180.130868
4591.303129
4611.061665
4658.830041
4811.979984
4989.541012
5032.515753
5282.865572
5781.652765
5414.536392
5848.639917
5912.729396
5793.110906
6261.830737
6022.734942
6158.467533
6707.244212
6541.574043
6851.738872
6941.381322
6888.774329
7283.825332
7570.892356
7466.983126
7342.211350
8024.931304
7757.180237
7612.673632
8299.481150
7751.738278
8118.341005
8672.405743