83.083753
244.654256
412.425386
580.993245
778.678388
940.802667
1085.194622
1338.412875
1394.179874
1628.726929
1593.407705
1901.747505
1987.475244
2236.119434
2263.249038
2507.493541
2659.860334
2930.668103
3146.726517
3274.215820
3498.241165
3605.521292
3864.471293
4218.875595
4201.503901
4300.266505
4710.004668
4657.838116
5075.147177
4804.329400
5066.603823
5440.928382
5754.941776
5645.625233
6089.125305
5929.835394
5865.187649
6181.429181
6957.964316
6973.667938
7234.911318
6866.785931
7252.002588
7879.081940
8058.128964
7991.659802
7542.983846
8003.534473
8643.543114
7912.527913
8467.366442
8438.524799
8658.704673
9183.796331
9254.543094
9570.401046
9603.873420
10018.292957
9891.265503
10326.757268
10063.643980
10292.043238
10628.536691
11083.554655