81.105243
202.549008
317.757375
490.970937
561.304813
703.020635
789.864975
925.478374
1091.779702
1318.135095
1413.041369
1545.027947
1701.310698
1852.830724
1988.997827
2068.769282
2299.163645
2323.458606
2444.155441
2650.507961
2822.726590
2941.115822
3172.389208
3139.823259
3133.729194
3375.241522
3478.579422
3525.506775
3973.780806
4051.428647
4165.567682
4242.740446
4722.066829
4566.714321
4666.104040
4568.514129
4883.285252
4972.592263
4999.440601
5587.265793
5718.883318
5587.193463
5858.493406
5774.780926
6091.157203
6100.251860
6649.077151
6579.272013
6560.166506
6597.520943
6920.672841
6878.639154
7169.000358
6810.842686
7685.499900
7216.660358
7583.056005
7413.490018
7867.471707
8230.332837
7990.506053
8247.786706
8884.814187
7897.567022