54.256378
146.984624
301.902956
441.694766
518.364310
654.301853
813.559194
942.131699
1022.922618
1189.358335
1237.060354
1417.402159
1616.742928
1809.465588
1789.631399
1986.697874
2067.510055
2238.787054
2239.509266
2468.608321
2626.647541
2696.511813
2806.558882
2970.268346
3432.923813
3336.413716
3462.718477
3699.545846
3629.375125
4039.435019
3878.972429
3950.413180
4146.313366
4250.657436
4286.651888
4420.118102
4995.616735
4781.847593
4910.325405
5227.488935
5290.480237
5352.532089
5342.369313
5642.153385
5851.298133
5936.542642
6045.642759
6180.888514
6312.836465
6505.655631
6808.217600
6778.073355
7284.345916
7115.244573
6983.216353
7357.337744
7454.731640
8183.491694
7711.800821
7952.430699
8045.529768
7894.117225
8428.100959
8383.232242