76.072205
201.957960
290.791088
425.495534
556.058793
778.574980
941.555819
1065.467491
1271.146545
1296.900120
1435.912708
1661.694136
1893.304021
1959.160214
2014.499443
2102.530709
2320.879131
2521.598837
2565.079751
2904.063981
2738.350979
2943.097451
3237.871031
3339.818938
3365.218655
3487.982788
3633.021646
3704.358623
3716.960267
4179.298973
4170.537054
4149.776081
4463.014866
4594.259249
4743.892349
4851.251057
4969.547124
5706.830944
5429.748264
5838.965322
5522.443349
5804.553536
5911.238529
5975.450640
6037.494507
6192.556617
7013.674779
6605.756520
7124.723014
6856.906317
6910.219790
7310.967175
7399.135385
7233.642632
7438.277068
7651.009368
7811.595690
8392.018544
7662.218205
8443.107419
8553.535365
8571.677926
8269.673549
8581.558567