80.036682
205.938378
387.182130
534.496091
722.235430
912.942872
1045.510531
1340.534783
1338.371173
1566.056326
1852.652974
1938.773332
2091.105663
2294.396816
2388.289187
2605.041333
2869.987871
3243.433429
3292.746511
3382.776083
3624.192360
3688.179181
3818.999232
4084.916148
4370.913000
4664.705910
4739.170508
4962.997674
5140.712841
5300.441729
5344.289852
5108.285202
5923.427650
5770.238680
6002.865951
6335.104414
6362.296363
6568.962906
7006.969736
6631.319358
6770.022307
7249.290499
7456.864905
7409.445016
7756.922932
8211.673684
7909.814996
8440.592800
8156.475365
8403.036333
9022.539286
9431.939605
9297.566138
9418.505164
9517.807743
9237.301955
9577.769651
9906.172822
9638.023761
10414.934979
11166.868775
10394.898341
10487.018973
11367.780101