64.430744
187.871697
306.655092
421.706175
568.621482
644.627229
833.862443
927.592594
1104.562645
1302.208020
1400.598786
1512.224667
1598.634226
1690.818678
1909.410644
1928.524912
2100.531334
2272.609911
2537.645385
2629.590242
2646.041762
3037.366799
3012.027079
3312.226266
3355.925681
3553.949517
3480.395775
3911.310550
3848.282325
3874.598918
3956.426042
4370.681920
4204.626351
4477.442425
4856.585827
4914.707915
4909.609034
5084.489149
4912.985063
5331.309341
5639.759127
5679.164352
5609.174301
5816.622117
6090.139331
6265.402132
6443.944739
6706.405713
7018.555582
6975.161628
7441.584437
7158.336962
6929.010848
7172.219975
7029.866196
7173.412410
7611.913687
7795.264541
8673.449793
8329.148800
8522.465191
8723.279394
8399.761037
9017.460784