34.690242
102.161667
174.795920
339.045090
398.692339
486.092684
562.456527
647.844170
711.611090
804.199035
870.617130
971.127780
999.265433
1123.064034
1140.844394
1122.423065
1412.614344
1445.668077
1388.726545
1648.665077
1561.851475
1733.353763
1878.699808
1957.011860
1903.369565
2047.124581
2180.710712
2206.764430
2163.969978
2182.681916
2497.473193
2521.875551
2319.688893
2761.887571
2934.201708
2627.073327
3071.142712
3507.187287
3107.768411
3166.654718
3405.366420
3386.804767
3282.605576
4032.546059
3592.328147
3456.766426
3962.452600
4340.785975
4017.683043
4163.116488
4143.569728
4339.349698
4258.322321
4070.808027
4646.788596
4797.751947
4533.145794
4712.774913
4509.966439
4617.427215
4762.012662
5095.189104
4818.402823
4946.016932