66.529976
201.328647
348.760906
445.425713
578.251325
734.386402
849.496915
944.440052
1186.135240
1188.700738
1391.741445
1579.306931
1788.581289
1885.193057
2069.002990
2193.204019
2416.712998
2686.650272
2635.832179
2707.506699
2997.807730
3232.776546
3215.033746
2998.461362
3396.665569
3593.076563
3861.330584
3837.929633
4139.336236
4239.815620
4434.268465
4419.558255
4890.509523
5029.726805
4783.284068
5105.488079
5224.387105
5399.983813
5509.519459
5751.924579
5903.041713
5903.994673
6277.317182
6275.582599
5921.062379
6577.180191
6499.900114
6593.730755
6927.759771
6916.940700
7250.488823
7409.857733
7031.599375
7782.373642
7227.847567
7955.922205
8043.747840
8205.922039
8392.214958
8615.334518
8862.437430
8885.730506
9724.083099
9093.841031