42.886810
141.750305
197.884520
314.798827
398.326274
495.074633
538.063106
624.260001
660.910097
765.664567
851.656290
842.996945
933.651844
1102.482348
1118.723863
1341.551935
1289.447284
1631.951703
1522.342161
1618.790133
1681.915480
1827.771318
1856.665380
1732.299694
2023.667968
2085.866898
2269.086831
2160.085718
2267.440226
2415.653040
2228.639191
2595.441282
2693.789918
2538.811499
2883.743585
3155.708574
3066.804774
2989.180980
3189.125970
3247.913676
3137.728464
3348.640349
3529.074789
3978.033625
3452.340828
3823.478274
3781.579156
3670.810523
3847.835744
3891.364169
4228.337217
4119.250929
4272.022566
4195.666280
4401.245596
4473.626190
4881.765100
4536.746313
4776.524866
4647.578429
4847.968770
4613.450797
5089.736226
5381.606720


40.671125
124.711690
197.050468
274.802789
374.969430
433.310482
502.571187
643.847273
694.326618
767.051704
891.451309
909.487685
1080.961611
1056.721144
1280.267201
1248.853417
1404.565920
1372.498964
1506.853703
1566.300263
1672.305170
1510.101992
1695.055895
1991.266305
1832.919448
2017.095357
2020.835213
2049.754947
2335.633592
2208.918769
2260.150379
2374.748952
2613.335038
2545.169379
2672.314968
2748.064298
2824.752438
3233.349131
3340.184662
2991.427328
3245.630870
3344.533746
3316.247523
3787.593642
3648.143418
3522.664034
4046.980100
3826.034125
3988.207921
4240.016656
4445.402299
4287.634094
4066.683893
4243.841023
4427.123106
4753.593817
4913.843543
4641.052881
4784.516712
5093.252364
5113.679644
4446.901962
5110.837863
5164.927751


49.964757
135.720362
199.227217
247.494425
359.543094
449.876210
524.474424
581.544826
562.207954
741.280066
797.636721
831.260769
948.607298
941.453708
1089.783080
1312.868094
1300.147842
1378.034494
1509.774637
1482.554599
1731.165469
1704.299730
1826.162464
1824.172224
1956.652208
2115.710477
2125.697802
2048.125709
2509.526636
2276.671893
2342.218764
2472.294122
2543.760244
2785.574019
2588.730014
3108.753494
3004.728414
2940.763351
3268.207796
3021.752703
3251.129577
3069.294686
3467.121012
3274.059307
3415.071989
3636.530999
3391.616817
3827.353704
3986.527446
4072.151066
3985.655913
4063.869496
4206.613471
4279.555224
4621.085584
4633.806768
4658.526901
4550.345873
4690.832204
4674.627257
4595.865959
5178.142156
4589.418885
5242.699968


30.472613
98.162801
153.046030
214.060285
318.122945
412.699477
496.524354
497.675451
568.241626
705.219821
760.472870
875.236267
956.388780
897.487881
1087.336982
1079.215083
1324.377739
1161.954590
1302.102913
1509.738394
1596.713734
1568.864760
1758.859457
1842.942870
1776.181835
1983.452081
1958.526935
2118.168935
2033.980373
2319.807330
2106.713236
2342.361897
2415.444420
2479.667206
2572.059014
2556.103786
2775.981339
2842.480723
2818.840612
3033.287486
3102.396867
3298.954020
3469.440452
3354.207550
3394.038817
3445.882323
3676.938823
3702.152092
3761.267149
3671.610198
4368.969900
3820.926567
3929.012218
3867.019054
4124.666005
4238.880602
4540.108143
4077.603006
4214.592595
4219.212520
4558.925616
4756.051901
5125.390915
4728.469130


51.484048
124.359218
196.876723
265.445567
304.144888
390.397264
461.814842
528.636626
727.492200
756.188458
909.021651
965.450521
1083.499340
1147.552301
1234.781202
1301.291982
1302.997189
1426.450087
1512.984711
1684.481726
1761.574404
1849.135441
1990.565016
1962.321016
2013.340274
2191.489168
2041.636520
2165.018461
2400.149280
2463.010248
2643.093237
2616.668964
2647.770196
3032.948718
2667.953599
2867.095000
2938.739053
3122.751874
3241.599798
3227.088589
3388.896714
3582.079074
3126.285097
3662.233116
3733.296340
3610.014904
3565.678599
3843.243017
3671.116316
4093.764111
4228.224250
4264.643227
4003.534516
4396.449547
4043.686160
4561.950916
4584.932057
4687.273129
4974.380632
4495.957985
5052.928850
4714.831882
5222.947660
5782.727374


48.470730
125.310612
199.327137
280.750011
361.754107
492.277842
561.540390
548.962041
730.976319
739.376120
759.512258
932.978115
1018.636235
1121.795902
1105.505789
1289.832429
1250.885239
1326.666161
1372.073388
1596.770758
1692.329587
1831.365796
1913.078618
1809.410102
1974.798177
1870.461953
2082.216687
2113.568500
2144.105957
2104.472744
2343.917345
2466.731600
2510.051237
2706.346833
2850.537802
2848.917975
2921.870389
3324.157035
3017.249651
3189.490461
3346.122960
3418.784615
3730.815981
3779.148879
3665.880187
3667.368140
3465.268738
3779.259569
3899.603009
3907.037849
4167.172980
4291.010267
4089.294928
4486.811345
4552.516013
4500.989228
4530.490740
4797.033430
4442.936118
4503.998168
4864.816288
4828.628386
5125.008966
4760.689967


33.622947
131.027103
179.708119
244.998722
341.735292
387.914039
487.200963
556.395418
579.515349
675.285713
765.607161
846.425494
910.685361
1076.350328
1082.692660
1223.681945
1344.968371
1297.789417
1525.466310
1525.370781
1675.844784
1499.407868
1650.636062
1812.413454
1820.891564
2036.978707
1903.635992
2081.644532
2148.695575
2175.606337
2504.527978
2509.048395
2559.232597
2692.418783
2567.183848
2925.533753
2948.851858
3089.663043
3037.788398
3241.668124
3347.058690
3380.473312
3384.126425
3730.946779
3436.855136
3501.441727
3914.606021
3947.606421
3712.549589
3957.275588
3902.224245
3963.175248
3988.416471
4340.742415
4312.604529
4470.662591
4112.371301
4832.182795
4769.964399
4798.401769
5043.174901
4793.393103
5041.945243
4910.194916


34.690242
102.161667
174.795920
339.045090
398.692339
486.092684
562.456527
647.844170
711.611090
804.199035
870.617130
971.127780
999.265433
1123.064034
1140.844394
1122.423065
1412.614344
1445.668077
1388.726545
1648.665077
1561.851475
1733.353763
1878.699808
1957.011860
1903.369565
2047.124581
2180.710712
2206.764430
2163.969978
2182.681916
2497.473193
2521.875551
2319.688893
2761.887571
2934.201708
2627.073327
3071.142712
3507.187287
3107.768411
3166.654718
3405.366420
3386.804767
3282.605576
4032.546059
3592.328147
3456.766426
3962.452600
4340.785975
4017.683043
4163.116488
4143.569728
4339.349698
4258.322321
4070.808027
4646.788596
4797.751947
4533.145794
4712.774913
4509.966439
4617.427215
4762.012662
5095.189104
4818.402823
4946.016932


38.639467
124.025194
196.765138
275.978522
370.064795
419.640726
481.396851
605.294607
601.009878
750.988139
839.578366
873.692700
930.644426
973.603339
1299.892034
1128.615003
1251.361134
1513.248551
1282.243503
1643.435371
1719.469200
1864.177196
1744.276779
2043.908195
2063.077625
2084.908293
2260.278630
2298.608395
2462.700552
2695.203573
2633.054373
2537.499214
2939.407932
2625.062612
2868.137830
3114.005141
3279.592521
3261.896421
3148.308772
3011.344039
3149.027170
3491.019900
3427.466711
3581.790333
3850.980360
3816.381436
3809.529504
3916.263410
4106.385753
4266.534818
4337.827618
4255.287788
4599.158336
4516.593616
4408.841986
5000.292444
4877.017905
5188.215089
4705.092393
4807.373325
5288.473873
5321.146039
5144.206014
5240.145842


37.860649
125.596156
203.083309
303.894271
376.036168
433.118876
554.511875
589.624125
594.653591
731.413738
780.590240
832.489678
992.601583
1033.076679
1109.519068
1192.735120
1395.307334
1334.090832
1697.648910
1660.238892
1564.564304
1725.031043
1818.131190
1907.037039
1854.595350
2047.193913
2109.233232
2205.224600
2406.161700
2433.407822
2379.047199
2562.547351
2726.065605
2619.080476
2741.361382
2658.752638
2735.260419
3042.834424
2981.707513
2982.979532
3015.162680
3381.557457
3479.525775
3442.445612
3879.370765
3582.066704
3796.278694
3893.352680
3795.588273
3881.010136
3727.310001
4503.596021
4224.679034
4216.688138
4063.085298
4304.661199
4701.721309
4468.928490
4550.040927
4490.824028
4914.409630
4841.566928
4736.147745
4959.997948


