78.222317
210.646086
382.207259
514.214442
629.044938
731.478258
856.410781
974.193804
1148.466369
1327.228972
1559.668050
1602.410704
1838.379524
1746.848992
2043.773740
2249.867390
2156.537837
2270.472695
2546.496201
2655.467694
2964.934069
3136.747173
3094.983374
3167.322027
3416.729672
3646.064727
3638.542360
3709.544412
3836.144449
4104.777481
4235.208366
4324.683991
4316.879550
4733.089163
4675.786897
4777.236181
4939.623030
5091.451537
5032.834938
5889.978520
5749.701340
5419.746234
5805.939028
6085.619689
6042.318885
6656.361620
6451.813496
6236.414652
6643.891864
7116.507936
6784.237519
6936.345253
7743.383602
7725.206515
7974.905248
7514.916910
7702.807484
7790.024567
7761.356314
8321.684873
8103.421037
9157.871880
8802.579127
9287.095118


68.444964
197.062946
353.231515
459.714867
634.180827
772.933333
896.022130
1062.568078
1214.983534
1318.252990
1428.019014
1577.310756
1586.709519
1820.025428
1924.741050
1993.291346
2258.888645
2192.346370
2366.398184
2591.426940
2709.517692
2820.763872
3249.244811
3104.550816
3367.335656
3666.736418
3539.477185
4029.218561
3922.347558
4334.685870
4128.347640
4263.176181
4678.847952
4700.786883
4926.439834
5083.669591
4707.357413
5111.155106
5389.681288
5698.972235
5203.630540
6071.748257
6163.245448
5852.832570
6100.410738
5893.437975
6260.983726
7017.870121
7048.150916
6866.170649
7177.259694
7252.230164
7150.257926
7770.549040
8163.918013
7563.794913
8065.319402
7620.622210
8056.888700
8502.870452
8240.211040
7956.204640
8416.763694
8626.335751


81.105243
202.549008
317.757375
490.970937
561.304813
703.020635
789.864975
925.478374
1091.779702
1318.135095
1413.041369
1545.027947
1701.310698
1852.830724
1988.997827
2068.769282
2299.163645
2323.458606
2444.155441
2650.507961
2822.726590
2941.115822
3172.389208
3139.823259
3133.729194
3375.241522
3478.579422
3525.506775
3973.780806
4051.428647
4165.567682
4242.740446
4722.066829
4566.714321
4666.104040
4568.514129
4883.285252
4972.592263
4999.440601
5587.265793
5718.883318
5587.193463
5858.493406
5774.780926
6091.157203
6100.251860
6649.077151
6579.272013
6560.166506
6597.520943
6920.672841
6878.639154
7169.000358
6810.842686
7685.499900
7216.660358
7583.056005
7413.490018
7867.471707
8230.332837
7990.506053
8247.786706
8884.814187
7897.567022


54.256378
146.984624
301.902956
441.694766
518.364310
654.301853
813.559194
942.131699
1022.922618
1189.358335
1237.060354
1417.402159
1616.742928
1809.465588
1789.631399
1986.697874
2067.510055
2238.787054
2239.509266
2468.608321
2626.647541
2696.511813
2806.558882
2970.268346
3432.923813
3336.413716
3462.718477
3699.545846
3629.375125
4039.435019
3878.972429
3950.413180
4146.313366
4250.657436
4286.651888
4420.118102
4995.616735
4781.847593
4910.325405
5227.488935
5290.480237
5352.532089
5342.369313
5642.153385
5851.298133
5936.542642
6045.642759
6180.888514
6312.836465
6505.655631
6808.217600
6778.073355
7284.345916
7115.244573
6983.216353
7357.337744
7454.731640
8183.491694
7711.800821
7952.430699
8045.529768
7894.117225
8428.100959
8383.232242


76.072205
201.957960
290.791088
425.495534
556.058793
778.574980
941.555819
1065.467491
1271.146545
1296.900120
1435.912708
1661.694136
1893.304021
1959.160214
2014.499443
2102.530709
2320.879131
2521.598837
2565.079751
2904.063981
2738.350979
2943.097451
3237.871031
3339.818938
3365.218655
3487.982788
3633.021646
3704.358623
3716.960267
4179.298973
4170.537054
4149.776081
4463.014866
4594.259249
4743.892349
4851.251057
4969.547124
5706.830944
5429.748264
5838.965322
5522.443349
5804.553536
5911.238529
5975.450640
6037.494507
6192.556617
7013.674779
6605.756520
7124.723014
6856.906317
6910.219790
7310.967175
7399.135385
7233.642632
7438.277068
7651.009368
7811.595690
8392.018544
7662.218205
8443.107419
8553.535365
8571.677926
8269.673549
8581.558567


66.636879
169.914359
293.368996
458.989684
547.282463
733.486136
868.718771
1013.285039
1140.598808
1363.709730
1370.009327
1530.910597
1822.539939
1842.088848
1923.137129
2225.077215
2238.461605
2366.780651
2582.517145
2652.780414
2937.030214
3186.164638
3362.889250
3316.464307
3424.863091
3677.601273
3707.822189
3860.586937
4069.343503
4100.266872
4541.896112
4498.329558
4869.809497
4819.419012
5123.524702
5316.972759
5320.697013
5293.852251
5193.415613
5607.681281
5837.144191
5640.471553
6136.204393
6508.454875
6207.144723
6492.348382
6745.648825
6906.814441
6745.147904
6740.504990
6846.055958
7445.147781
7422.896694
7509.360193
7667.580802
8153.121487
8182.165585
8162.908412
8287.211977
8208.058186
8420.802280
8479.155201
9267.370137
9373.386461


64.430744
187.871697
306.655092
421.706175
568.621482
644.627229
833.862443
927.592594
1104.562645
1302.208020
1400.598786
1512.224667
1598.634226
1690.818678
1909.410644
1928.524912
2100.531334
2272.609911
2537.645385
2629.590242
2646.041762
3037.366799
3012.027079
3312.226266
3355.925681
3553.949517
3480.395775
3911.310550
3848.282325
3874.598918
3956.426042
4370.681920
4204.626351
4477.442425
4856.585827
4914.707915
4909.609034
5084.489149
4912.985063
5331.309341
5639.759127
5679.164352
5609.174301
5816.622117
6090.139331
6265.402132
6443.944739
6706.405713
7018.555582
6975.161628
7441.584437
7158.336962
6929.010848
7172.219975
7029.866196
7173.412410
7611.913687
7795.264541
8673.449793
8329.148800
8522.465191
8723.279394
8399.761037
9017.460784


57.107079
189.660350
386.641087
524.431157
652.677555
802.401237
902.836514
1062.622504
1112.212295
1295.934549
1385.670503
1631.756207
1659.113442
1932.187651
1937.126815
2093.345452
2223.942106
2258.009165
2459.693547
2531.271327
2758.190025
3085.869535
3321.710166
3249.252378
3406.792234
3688.601140
3492.009405
4089.300009
4155.140623
4007.812659
4360.636797
4247.253715
4698.118149
4622.602981
4623.834549
4685.204407
4913.710911
4894.631298
5007.308586
5600.435226
5499.608578
5778.022941
5931.093884
5855.109409
6124.242955
6511.828338
6196.653058
6340.563117
6658.365460
6736.815275
7201.600326
7252.987793
7661.888995
7511.250070
7575.477742
7492.149209
7892.612969
8152.564283
8318.884035
8631.170266
8297.063633
8153.141911
8744.277879
8433.114027


66.529976
201.328647
348.760906
445.425713
578.251325
734.386402
849.496915
944.440052
1186.135240
1188.700738
1391.741445
1579.306931
1788.581289
1885.193057
2069.002990
2193.204019
2416.712998
2686.650272
2635.832179
2707.506699
2997.807730
3232.776546
3215.033746
2998.461362
3396.665569
3593.076563
3861.330584
3837.929633
4139.336236
4239.815620
4434.268465
4419.558255
4890.509523
5029.726805
4783.284068
5105.488079
5224.387105
5399.983813
5509.519459
5751.924579
5903.041713
5903.994673
6277.317182
6275.582599
5921.062379
6577.180191
6499.900114
6593.730755
6927.759771
6916.940700
7250.488823
7409.857733
7031.599375
7782.373642
7227.847567
7955.922205
8043.747840
8205.922039
8392.214958
8615.334518
8862.437430
8885.730506
9724.083099
9093.841031


68.261674
208.108348
357.232779
492.392850
576.294954
691.082053
815.174305
990.105064
1083.194343
1349.021019
1470.595040
1595.405991
1701.703700
1811.923755
1942.403879
2107.420872
2332.933160
2429.641893
2472.550906
2690.525625
2641.671999
2936.230665
2881.470288
2980.004251
3385.422016
3473.366075
3755.171310
3918.521087
3720.186287
3777.671890
4470.406413
4172.598103
4180.130868
4591.303129
4611.061665
4658.830041
4811.979984
4989.541012
5032.515753
5282.865572
5781.652765
5414.536392
5848.639917
5912.729396
5793.110906
6261.830737
6022.734942
6158.467533
6707.244212
6541.574043
6851.738872
6941.381322
6888.774329
7283.825332
7570.892356
7466.983126
7342.211350
8024.931304
7757.180237
7612.673632
8299.481150
7751.738278
8118.341005
8672.405743


