1.189726
1.273577
1.137981
1.150056
1.186294
1.226611
1.119195
1.131536
1.105293
1.061532
1.179398
1.101502
1.216580
1.243382
1.163954
1.215648
1.125438
1.177953
1.321720
1.256795
1.250106
1.190965
1.139171
1.145283
1.083726
1.186821
1.194767
1.279530
1.031904
1.183830
1.076120
1.089763
1.175931
1.202598
1.050594
1.115979
1.196467
1.184880
1.136703
1.199980
1.186704
1.232389
1.058681
1.118695
1.241605
1.143569
1.103044
1.195370
1.286427
1.333372
1.139803
1.087836
1.165840
0.997775
1.254637
1.165311
0.994391
1.371122
1.074714
1.136257
1.190121
1.110658
1.242718
1.165375