1.156427
1.149299
1.262514
1.148597
1.250756
1.138643
1.246757
1.193716
1.142515
1.176078
1.271856
1.236807
1.264395
1.325584
1.233176
1.206812
1.047388
1.222371
1.254155
1.284010
1.197280
1.207520
1.143688
1.198446
1.203650
1.108226
1.166469
1.172441
1.198946
1.167778
1.160950
1.219152
1.165751
1.221497
1.126042
1.102258
1.213612
1.154202
1.185363
1.165689
1.254105
1.163870
1.187800
1.202390
1.185792
1.238843
1.153501
1.151144
1.135107
1.330555
1.197038
1.215284
1.119395
1.137236
1.198533
1.110374
1.031942
1.120707
1.157134
1.179502
1.215400
1.199200
1.156973
1.174599