1.306729
1.194002
1.037114
1.277391
1.408509
1.209859
1.114232
1.412875
1.340907
1.253368
1.160924
1.188239
1.168933
1.153580
1.096317
1.380742
1.122979
1.195485
1.177028
1.105794
1.316983
1.306305
1.328968
1.087471
1.187109
1.234161
1.104805
1.046191
1.258027
1.140236
1.050512
1.106429
1.293965
1.040475
1.176667
1.062195
1.070846
1.305238
1.037655
1.132085
1.258755
1.301109
1.226166
1.193928
1.231454
1.039424
1.280569
1.131273
1.305500
1.174123
1.263149
1.226839
1.107132
1.105752
1.056038
1.172646
1.201485
1.085614
1.242758
1.316860
1.348868
1.186985
1.249877
1.109228