1.249422
1.201518
1.044437
1.152226
1.243748
1.040868
1.093657
1.171127
1.015907
1.169340
1.029255
1.051420
1.109429
0.975278
0.962393
1.087660
1.088857
0.999668
1.192408
1.234952
1.302371
1.118103
1.063190
1.248116
1.222904
1.429022
1.014310
1.075982
1.082059
1.144112
1.133626
1.243969
1.142813
1.333977
1.194668
1.145611
1.292571
1.229841
1.127883
1.239987
1.078375
1.219944
1.322206
1.209975
1.064226
1.191759
1.112102
1.011983
0.949011
1.114739
1.142115
1.108629
1.096738
1.156970
1.081623
1.435734
1.287722
1.159170
1.132523
1.103482
1.292423
1.136726
1.068129
1.056626