1.118989
1.238388
1.095906
1.172630
1.162695
1.202265
1.134139
1.227539
1.135607
1.028131
1.099710
1.199313
1.198268
1.180225
1.141082
1.145882
1.164360
1.099283
1.244974
1.222984
1.131935
1.061685
1.123326
1.146259
1.058935
1.175916
1.174546
1.307993
1.116554
1.098415
1.277318
1.183844
1.122055
1.196597
1.124604
1.153671
1.230225
1.138528
1.137745
1.156287
1.262116
1.090264
1.156491
1.139105
1.134410
1.088548
1.182987
1.092244
1.311724
1.108880
1.247751
1.289598
1.133946
1.184288
1.191426
1.158022
1.153488
1.307422
1.191173
1.111385
1.178943
1.250473
1.146510
1.201280