1.252723
1.133425
1.163261
1.311156
1.078451
1.167388
1.139151
1.233321
1.079660
1.185331
1.103629
1.070279
1.036759
1.292797
1.258983
1.046458
1.170339
1.066566
1.330714
1.228830
1.151860
1.178481
1.182097
1.042541
1.304027
1.017588
1.073949
1.110278
1.035893
1.187666
1.075007
1.236084
1.210734
1.206876
1.180578
1.045241
1.104250
1.125917
1.163756
1.123764
1.258751
1.002697
1.051758
1.271582
1.169760
1.136114
1.073250
1.106340
1.131330
1.067951
1.000432
1.228701
1.264181
0.990993
0.997135
1.110645
1.129835
1.125920
1.132779
1.124691
1.243403
0.997274
1.181748
1.201826