1.108870
1.071918
1.160373
1.108165
1.175174
1.094972
1.253881
1.122832
1.171153
1.121410
1.133211
1.234758
1.176544
1.138616
1.148555
1.180695
1.240881
1.185999
1.178638
1.190027
1.163658
1.083851
1.207932
1.161785
1.119607
1.212890
1.199962
1.232151
1.121552
1.174185
1.138541
1.067618
1.117244
1.082696
1.188290
1.161773
1.293028
1.190430
1.207433
1.137288
1.259116
1.224966
1.130270
1.196869
1.271523
1.080869
1.075543
1.123691
1.164978
1.126915
1.289083
1.180459
1.115432
1.204242
1.160364
1.083075
1.104822
1.100238
1.175574
1.151636
1.200221
1.113195
1.235274
1.211815