1.141486
1.173769
1.092903
1.138657
1.121356
1.274521
1.106948
1.237006
1.167591
1.181010
1.152734
1.267772
1.247798
1.097087
1.171081
1.041510
1.265438
1.118537
1.130496
1.102649
1.221567
1.159355
1.340843
1.178291
1.195632
1.278911
1.169282
1.176820
1.157115
1.205884
1.108884
1.187049
1.262978
1.229705
1.104141
1.222389
1.133019
1.165506
1.196082
1.146570
1.227403
1.272675
1.299999
1.170385
1.110127
1.210297
1.054393
1.147674
1.081664
1.275184
1.077544
1.165378
1.073687
1.205082
1.208806
1.272647
1.186742
1.267762
1.324485
1.157010
1.267678
1.269588
1.148464
1.101558