1.111054
1.143666
1.232658
1.292531
1.076702
1.287277
1.152979
1.175591
1.120727
1.071556
1.172124
1.118571
1.248213
1.158656
1.229216
1.258311
1.196730
1.128395
1.138504
1.260890
1.308810
1.257761
1.146255
1.124271
1.143033
1.207622
1.267446
1.099932
1.108346
1.119984
1.137957
1.202638
1.164972
1.247183
1.277002
1.149082
1.210244
1.176783
1.222342
1.251757
1.172547
1.125763
1.238563
1.165838
1.193740
1.179674
1.041758
1.209217
1.146276
1.131384
1.224571
1.243287
1.009703
1.119659
1.136701
1.235314
1.092499
1.159830
1.192250
1.233395
1.174426
1.174285
1.127333
1.080014