1.065228
1.338279
1.256204
1.242189
1.154084
1.178288
1.075105
1.075620
1.293411
1.094117
1.221413
1.206603
1.391301
1.027262
1.141517
1.078067
1.225120
1.076003
1.155650
1.074803
1.056744
1.020080
1.208835
1.113310
1.225877
1.137633
1.067689
1.275109
1.133802
1.175932
1.322920
1.252894
1.171186
1.250046
1.215165
1.045318
1.030751
1.236256
1.239257
1.095612
1.375520
1.219150
1.232234
1.366076
1.241564
1.385032
1.062974
1.148786
1.251189
1.109950
1.207713
1.105043
1.194285
1.080816
1.112903
1.328132
1.029148
1.293571
1.143293
1.053936
1.323758
1.254602
1.013119
0.980934


1.306729
1.194002
1.037114
1.277391
1.408509
1.209859
1.114232
1.412875
1.340907
1.253368
1.160924
1.188239
1.168933
1.153580
1.096317
1.380742
1.122979
1.195485
1.177028
1.105794
1.316983
1.306305
1.328968
1.087471
1.187109
1.234161
1.104805
1.046191
1.258027
1.140236
1.050512
1.106429
1.293965
1.040475
1.176667
1.062195
1.070846
1.305238
1.037655
1.132085
1.258755
1.301109
1.226166
1.193928
1.231454
1.039424
1.280569
1.131273
1.305500
1.174123
1.263149
1.226839
1.107132
1.105752
1.056038
1.172646
1.201485
1.085614
1.242758
1.316860
1.348868
1.186985
1.249877
1.109228


1.249422
1.201518
1.044437
1.152226
1.243748
1.040868
1.093657
1.171127
1.015907
1.169340
1.029255
1.051420
1.109429
0.975278
0.962393
1.087660
1.088857
0.999668
1.192408
1.234952
1.302371
1.118103
1.063190
1.248116
1.222904
1.429022
1.014310
1.075982
1.082059
1.144112
1.133626
1.243969
1.142813
1.333977
1.194668
1.145611
1.292571
1.229841
1.127883
1.239987
1.078375
1.219944
1.322206
1.209975
1.064226
1.191759
1.112102
1.011983
0.949011
1.114739
1.142115
1.108629
1.096738
1.156970
1.081623
1.435734
1.287722
1.159170
1.132523
1.103482
1.292423
1.136726
1.068129
1.056626


1.089100
1.141470
1.400882
1.125329
1.075205
1.097704
1.147372
1.212080
1.150916
1.187531
1.125478
1.273213
1.141632
1.109713
1.106471
1.181693
1.236808
1.244337
1.157575
1.140725
1.082914
1.027894
1.043578
1.129467
1.064594
1.120021
1.270813
1.226160
1.186259
1.133608
1.055655
1.261818
1.248765
1.109739
1.120945
1.130405
1.143340
1.172619
1.139620
1.062124
1.185477
1.277744
1.322753
1.233867
1.053144
1.129611
1.154875
1.071111
1.030694
1.089306
1.206343
1.198070
1.020476
1.119157
1.126276
1.119886
1.221450
1.058437
1.217739
1.122802
1.405541
1.213030
1.044637
1.197151


1.252723
1.133425
1.163261
1.311156
1.078451
1.167388
1.139151
1.233321
1.079660
1.185331
1.103629
1.070279
1.036759
1.292797
1.258983
1.046458
1.170339
1.066566
1.330714
1.228830
1.151860
1.178481
1.182097
1.042541
1.304027
1.017588
1.073949
1.110278
1.035893
1.187666
1.075007
1.236084
1.210734
1.206876
1.180578
1.045241
1.104250
1.125917
1.163756
1.123764
1.258751
1.002697
1.051758
1.271582
1.169760
1.136114
1.073250
1.106340
1.131330
1.067951
1.000432
1.228701
1.264181
0.990993
0.997135
1.110645
1.129835
1.125920
1.132779
1.124691
1.243403
0.997274
1.181748
1.201826


1.120510
1.060722
0.999186
1.107973
1.175566
1.165658
1.164957
1.163296
1.044835
1.219584
1.121461
1.079839
1.079692
1.174256
1.257508
1.223562
1.082470
1.167976
1.215782
1.113429
1.140447
1.089439
1.124366
1.128484
1.243064
1.325464
1.063086
1.225833
1.134581
1.176077
1.133382
1.222603
1.059236
1.217562
1.118360
1.094033
1.398410
1.184916
1.191490
1.147667
1.019334
1.382272
1.188464
1.203996
1.142820
1.097748
1.179234
1.069689
1.161575
1.257198
1.142301
1.165883
1.139775
1.186787
1.107423
1.092266
1.192840
1.257832
1.223587
1.271817
1.151911
1.259012
1.028568
1.199873


0.994380
1.294301
1.240644
0.994474
1.195701
1.123803
1.097933
1.235507
1.060514
1.082366
1.103496
1.416895
1.218213
1.116766
1.131300
1.107874
1.136139
1.321862
1.257242
1.047093
1.176381
1.208838
1.133098
1.142258
1.221519
1.263711
1.319009
1.110236
1.317454
1.035123
1.135642
1.220597
1.173226
1.081974
1.057592
1.123778
1.288219
1.180539
1.219185
1.022176
1.206473
1.078442
1.002884
1.181879
1.224198
1.196961
1.264628
1.117205
1.115635
1.415002
1.292797
1.194223
1.108390
1.189160
1.230683
1.295413
1.278576
1.169991
1.234227
1.111588
1.145827
1.236521
1.145053
1.145267


1.150883
1.073603
1.335104
1.103204
1.197946
1.299101
1.465527
1.126411
1.150151
1.267335
1.004234
1.203011
1.139932
1.184751
1.111900
1.189551
1.246001
1.126755
1.323474
1.184602
1.059476
1.120444
1.121403
1.090553
1.105864
1.263774
1.058382
1.181848
1.097461
1.099866
1.067254
1.330495
1.346765
1.036681
1.045784
1.259271
1.106324
1.120828
1.239763
1.100119
1.137021
1.284113
1.149693
1.097523
1.097283
1.092692
1.023670
1.147962
1.134071
1.243166
1.046176
1.215870
1.208832
1.079653
1.297606
1.178581
1.069161
1.090447
1.113178
1.241788
1.125087
1.208762
0.953816
1.178460


1.199333
1.038186
1.049674
1.240879
1.110642
1.190950
1.334366
1.194076
1.342211
1.024748
1.217191
1.198212
1.347972
1.170555
1.071541
1.300417
1.116508
1.165989
1.109932
1.136803
1.032870
1.015868
1.290029
1.175138
1.084470
1.051508
1.093838
1.410011
1.125051
0.979126
1.291555
1.246157
1.185932
1.205324
1.384488
1.141868
1.195378
1.207836
1.166595
1.043735
1.100689
1.218771
1.132437
1.330869
1.126754
1.166244
1.494116
1.348841
1.162350
1.056536
1.251109
1.212777
1.049270
1.050916
1.117508
1.273464
1.136242
1.270738
1.402191
1.154567
1.103906
1.111737
0.971818
1.139402


1.122349
1.133289
1.254544
1.126699
1.255108
1.078471
1.234885
1.152192
1.218680
1.190491
1.284010
1.315018
1.025337
1.131323
1.307450
1.142918
1.189002
1.219687
1.156880
1.095722
1.222819
1.127389
1.414840
1.212396
1.175625
1.218477
1.219386
1.048200
1.513183
1.332541
1.314133
1.230617
1.245131
1.169827
1.249705
1.252393
0.993432
1.037627
1.134720
1.136336
1.436391
1.274157
1.119068
1.353583
1.242320
1.255099
1.176237
1.179747
1.256579
1.006057
1.306633
1.155915
1.113432
1.188891
1.217834
1.294751
1.123070
1.038025
1.172696
1.183786
1.242298
1.098270
1.219204
1.262304


