10.823059
6.943680
12.235468
12.875663
9.089387
8.932003
11.393875
9.881240
6.950769
6.147534
5.383097
8.464344
6.798844
6.262616
5.988951
12.638386
5.436013
8.744696
11.156949
7.781580
8.740260
8.614861
8.523952
7.906769
6.476633
7.314535
7.818551
9.059036
6.163475
5.413238
8.646443
9.706036
6.518727
9.537196
15.371124
7.679638
4.792463
9.632338
8.962250
7.079853
6.535541
15.254277
11.368739
12.100769
7.886809
5.967302
8.485774
6.414667
9.588075
13.298792
5.949614
10.772010
16.805070
11.842898
9.151090
10.794978
12.413426
7.276834
8.913620
5.958694
13.818908
7.350211
7.841634
13.338516
7.281181
16.613910
17.099569
9.232225
8.569024
10.235906
7.464398
11.942086
9.728063
6.522594
9.137864
6.666344
5.596003
11.707294
8.186832
6.018654
6.751106
9.251017
7.553928
8.994523
11.532254
10.812325
5.634498
5.727503
6.700301
5.825709
15.986542
6.616404
11.713576
4.291017
9.855383
12.995568
9.865581
8.719341
6.993335
5.341257
6.657756
10.277982
5.723424
8.760834
8.206408
9.303990
4.950588
8.253657
8.196393
7.200648
9.003208
10.597939
13.827355
5.729844
9.859194
14.447808
9.225919
9.522229
7.535067
5.237219
7.557065
7.849945
7.763911
13.744042
4.027029
3.431930
7.988551
12.050978
4.740518
7.301677
12.581259
8.801257
10.638398
9.886894
7.240306
4.721929
10.093081
6.953484
13.200805
9.712787
11.931592
9.003328
6.051805
7.312026
6.142249
11.807935
10.543031
5.945419
10.719855
8.942091
3.378060
9.071574
11.499251
9.080653
10.794987
5.549064
10.813284
10.311132
11.535079
6.177931
4.161490
7.732713
10.932002
12.579997
6.880113
4.145897
6.456292
4.564791
7.441696
9.100406
6.031645
8.189546
9.414680
12.427764
8.787006
10.204411
4.966563
7.001208
9.031525
8.546949
11.709007
8.246824
6.750143
9.899842
10.371884
12.761762
17.923832
8.073243
6.623567
8.790853
7.421974
7.266864
7.528278
17.151312
10.898648
18.330203
7.981698
4.554037
5.869505
6.123686
8.930870
12.516062
9.824844
5.726718
8.470181
8.616007
7.527766
10.316089
10.636739
8.483262
7.634704
7.710541
13.668106
4.754466
5.232534
6.842539
9.049267
6.214888
4.752174
9.075245
8.056501
10.928830
6.627951
4.038729
9.463027
6.767262
10.261663
12.590166
12.747895
4.528484
7.123090
7.900265
8.202245
9.254550
9.015739
11.568477
7.181403
11.246112
9.794356
4.452386
10.061855
7.090447
18.215574
6.886123
10.563964
9.975074
14.570398
11.997616
6.313443
5.608521
7.353971
3.561959
6.689225
5.486831
11.206799
13.581615
9.676193
7.067609
9.679846
4.545299
6.559629
5.655825
7.448000
6.249764
9.131893
6.198298
8.155141
7.139309
14.152347
8.180600
5.928329
9.555968
7.829306
11.080635
7.287357
19.488151
4.330903
4.745234
5.885499
4.136871
6.088729
12.765977
4.804099
4.997246
5.773943
5.669157
9.199279
7.794125
12.947599
4.443648
9.114662
6.185584
8.628946
5.135715
5.146607
8.213523
7.883102
6.769596
7.792896
7.705397
11.909306
6.612637
14.052429
12.302780
7.378590
6.053501
11.938154
7.775274
5.507704
5.092870
9.859787
6.237590
6.317129
8.691362
9.246876
7.964759
6.370664
6.648895
12.878209
7.685380
8.901316
5.886061
6.153235
6.981015
5.188004
6.838188
6.615156
8.716043
6.958552
7.505880
4.697640
15.863328
9.751889
14.155229
11.575737
6.488454
8.278282
8.403560
7.432424
16.187532
10.033291
12.915226
3.843346
6.573523
14.900581
8.863750
11.217909
9.911228
9.059681
11.694003
10.314620
12.439981
6.900261
7.847461
6.303786
12.377635
8.224121
7.314492
16.149074
5.388981
8.554941
7.459755
4.681503
14.743039
14.216878
6.874498
7.874424
8.025614
5.186350
5.652728
10.173996
11.129520
7.674086
7.680227
10.503825
11.897771
6.850954
8.903559
8.648165
6.661628
5.673205
14.526250
11.053567
6.259328
12.695913
9.087100
6.535933
7.273517
6.402552
7.265371
6.121651
4.735387
5.426863
9.177406
7.102907
7.086410
10.431795
7.993768
6.874878
5.932040
7.849638
7.887245
7.289414
12.088584
5.534006
7.491304
7.943063
5.090791
5.532547
10.558458
6.761728
7.737908
8.401684
6.310199
9.183233
12.144355
5.774290
8.286784
7.416662
10.921583
6.781592
3.585004
9.710354
11.265385
4.314398
6.774166
8.586113
10.572293
6.117242
9.144807
7.864234
6.510143
8.248863
8.603241
10.580867
5.086691
7.115980
4.971854
6.855378
5.766460
7.917259
8.175855
4.579750
5.607359
9.996611
5.284794
5.576461
10.641053
6.431348
14.649457
15.300200
4.217764
5.688433
13.337337
10.102369
7.117636
7.747290
6.264515
5.625362
8.003994
6.405747
8.177252
8.121219
11.944032
5.858145
8.429820
4.634885
6.469987
6.260257
5.936532
14.212920
8.753668
7.132355
5.664184
15.431563
6.289304
9.521269
6.935944
5.219527
4.922637
7.660793
12.336829
9.202173
15.469198
10.877088
7.246416
9.760861
8.502002
5.310762
7.757418
15.512740
10.201466
7.889937
6.136615
7.771812
4.667600
8.259950
5.387996
5.306949
9.282709
10.015007
5.431899
6.060428
11.435309
9.923963
12.692040
4.517377
5.400144
10.056656
15.293216
9.792244
6.201298
5.496089
6.478064
5.627988
10.739431
5.317468
12.514139
12.361506
8.788659
5.435862
15.061378
6.869146
7.461926
5.581940
10.155372
7.180531
6.585625
3.881675
6.132859
6.757340
17.284675
7.621855
6.981295
5.745356
5.711317
8.848199
9.435933
12.834683
7.092097
4.692385
10.901936
7.104087
5.966890
6.281826
7.757539
8.656734
11.213361
7.866475
12.138248
12.156398
5.399640
7.322732
14.745972
5.552287
8.342624
15.088644
9.869728
7.439209
6.053692
8.100840
10.259038
7.502824
7.909102
8.583253
8.159980
10.333144
11.464902
8.549140
12.006783
9.670143
9.872429
10.493830
7.528988
9.517114
7.801089
7.726481
8.460400
7.986391
8.274502
5.996050
8.317102
12.004175
9.878243
12.571352
8.942610
11.130360
12.529670
13.781035
8.521791
6.563514
8.906635
6.470280
8.971107
8.935200
9.382288
8.800420
6.729061
7.476235
11.660305
11.861779
7.562007
10.315692
7.457142
6.068916
11.515852
8.289074
11.311818
4.679408
12.949486
10.249597
7.377006
12.770468
7.988191
13.342258
15.054131
6.617459
9.904525
11.591621
10.034757
15.149433
8.677532
6.385019
14.529380
6.139136
13.837524
8.354001
9.664196
5.835235
5.159382
5.675813
7.074067
9.637633
6.455761
7.172374
5.182545
9.612699
5.846867
7.632790
16.610655
8.449987
6.143876
7.055121
7.989067
8.333820
8.932058
8.811889
16.114986
13.857594
9.555536
6.807507
8.102785
5.821296
7.200877
5.335983
7.906781
11.933249
4.647985
11.575072
6.248558
10.539936
21.281292
8.169256
11.382627
8.469379
8.225869
6.946332
9.555469
7.962768
7.178161
9.528551
6.812746
12.153906
4.166303
6.884927
6.065655
6.575395
6.151012
7.036594
10.014041
12.186110
9.119053
4.885999
7.943676
6.866607
6.315793
12.302676
6.589420
9.700818
6.203257
6.811315
18.021545
7.036872
10.714707
6.770761
11.271783
10.404416
7.018929
11.874141
15.324345
16.966011
9.914913
9.415889
12.866691
8.369284
9.882835
8.614520
8.385101
9.762690
15.030649
5.096192
7.483405
11.049466
5.916862
12.093342
9.230770
7.581063
6.832511
7.401454
8.112088
5.889750
8.280155
14.187921
7.964365
6.053510
6.584363
8.450287
7.573980
3.932108
9.683641
16.587765
7.851918
7.650299
10.035118
9.911710
15.544198
6.197044
9.428667
13.348965
4.920343
4.835161
11.265115
7.953944
8.957656
9.680924
8.077201
10.206801
3.881293
5.631266
6.336689
8.604957
10.942971
5.857899
8.087558
10.091994
7.090526
13.040714
6.615154
6.448373
5.390714
4.912268
10.743753
5.172855
10.295397
9.367980
4.885901
5.722899
12.799037
8.527527
5.865508
8.251172
5.442954
16.017833
11.499691
4.739772
4.973553
5.241837
5.182946
10.153835
9.187254
12.620078
6.125758
8.924352
7.610003
9.471653
7.285046
11.574859
6.394612
12.068397
7.480955
7.406465
6.427995
11.236384
15.859172
6.672982
9.576982
5.941392
7.915716
8.279181
10.003139
11.158470
12.431374
9.636801
6.656247
5.642544
8.312534
8.687216
7.702395
14.738067
6.788587
9.119109
7.503812
24.028506
10.199444
5.878632
7.358647
7.716649
6.776539
5.416787
8.892333
10.791155
9.468982
3.612781
6.037402
11.189392
9.654760
11.626729
12.065007
5.646450
5.816638
6.657560
11.256665
6.937188
9.175904
8.180167
10.797480
9.788982
9.452213
11.513572
6.666714
9.867652
6.818835
6.872500
9.460028
11.697516
4.285684
8.380828
7.752408
8.404113
8.952048
13.692079
8.353401
18.112473
8.489206
15.895780
6.246711
4.918902
7.956005
13.220075
11.360908
7.624876
6.852101
9.204579
3.638162
5.668690
10.669261
7.206075
5.754504
5.491295
4.118912
6.394800
15.824183
5.241758
9.952206
13.338267
11.828282
6.918319
13.280227
11.548405
11.280129
7.649968
12.904885
9.803044
7.748475
10.789480
6.118193
6.073199
7.765228
10.824541
6.412255
4.839067
6.198740
7.880212
8.927353
13.546494
12.081641
10.121676
12.888945
13.087733
9.019970
5.148772
8.622990
5.192431
8.103331
4.572424
13.261500
6.506058
7.609426
7.939814
6.402774
9.741820
6.880433
6.602621
9.011092
6.635979
13.807222
5.082537
4.973413
15.886438
8.876492
11.634660
9.512099
7.067902
11.192188
12.104035
7.098293
9.813551
4.565278
6.023000
9.131034
7.034856
7.935645
5.038411
8.433772
7.769002
8.263600
4.812096
6.415899
4.779299
6.715748
5.769770
4.457466
16.443173
8.925298
14.598394
6.081164
5.404358
8.086022
6.752586
5.268951
6.796408
11.435572
10.272487
11.119543
8.017070
7.562302
6.772636
8.126278
12.731391
7.985680
4.299237
11.400671
11.908296
5.634686
7.757975
5.748566
7.270850
9.827097
8.919294
8.104925
8.254551
7.095889
9.744335
12.357133
8.020715
10.443974
8.702584
7.252528
9.144044
6.345785
8.007337
8.846795
14.268283
6.776585
14.245580
10.891854
7.566352
12.511112
6.143093
8.476667
10.605168
8.752396
17.330439
4.332657
5.991985
8.831235
5.534590
18.024935
9.329916
8.335104
