20.493368
18.349917
20.218873
18.617086
17.456939
17.472173
17.422060
16.444137
17.282251
19.775290
17.456893
18.377415
14.393318
22.392730
15.513567
19.565989
19.024708
15.304414
17.833471
29.210330
19.921786
18.792774
17.403025
18.429914
15.344142
16.780798
19.343179
16.492061
21.767609
21.210085
22.451843
17.404151
19.791590
20.699531
21.492398
17.594225
24.660191
18.423633
17.032942
27.081707
19.857245
19.593755
18.117898
16.761405
18.583431
14.772333
14.661651
18.967791
32.217347
18.038857
15.483206
17.476930
18.544700
16.682820
15.145498
21.094025
18.458649
16.146385
18.240125
20.349856
15.245150
25.379151
20.345742
19.463339
18.531741
21.636476
19.796345
18.482420
15.349032
16.283859
17.368502
22.709613
18.661838
14.516680
18.104006
21.993851
21.228940
20.499226
17.637764
16.462853
16.299952
20.187172
16.085046
18.937134
17.584943
14.634110
27.623998
17.951119
20.552912
16.958163
21.728052
16.866192
20.909972
14.965268
18.530677
19.547012
30.384183
20.228075
21.002363
26.813127
17.031857
17.552913
18.860862
16.148250
19.352896
19.780584
21.209955
25.145511
14.473670
16.841565
18.307743
19.964768
16.656600
19.322446
17.640353
14.784022
17.068652
17.981468
18.196225
17.589162
23.252587
20.952455
21.969672
20.908472
20.127392
16.443553
17.142712
19.134505
16.626973
18.585328
21.205950
19.796154
16.947426
17.036418
17.957711
18.588861
15.935989
20.332737
18.197094
21.661789
18.889240
15.502611
21.252681
14.791553
16.873743
19.839782
26.483213
18.874289
22.452527
14.328068
20.814761
18.332772
17.204027
19.379190
19.325314
16.111637
17.312438
17.707286
22.656682
18.112207
18.235480
21.816743
17.216913
16.230423
21.882997
16.266263
25.807184
16.918876
17.566563
17.534340
15.375561
20.137297
14.853250
19.547969
21.284435
15.810955
20.727243
14.221938
14.061468
14.989872
21.541871
17.455673
21.652781
20.394034
23.682750
21.024073
22.448605
16.589418
15.630365
16.347573
19.565219
20.314016
19.833699
20.001168
19.764660
16.369255
16.222298
25.382429
22.247960
20.282497
19.173236
20.405472
20.319868
13.086286
19.325248
18.918511
18.129428
20.303827
27.240102
15.662147
21.128688
17.526055
19.843972
19.007325
20.226332
15.405744
17.991444
23.245179
16.390772
19.684450
16.824098
20.676537
18.961974
19.740919
21.802596
14.352982
15.822445
19.681431
20.456525
17.254406
16.644354
16.464086
17.214572
19.157651
16.191030
22.434592
14.616233
17.135055
19.172814
22.567172
18.007646
16.039424
19.556859
14.432992
22.982804
17.220056
17.936195
15.868458
16.808673
15.475670
17.209825
23.440569
17.197084
19.652156
16.110714
20.319623
18.586391
25.476370
21.982643
29.636818
21.142045
17.119776
19.430201
15.287032
20.338682
17.574311
18.290129
16.875638
19.396762
19.295175
18.926338
20.240641
16.733475
19.201830
18.860627
19.413633
17.787994
15.126318
17.057456
17.408732
20.462794
23.177973
16.923991
17.701729
19.434301
18.644559
23.719917
18.992356
17.636416
20.131509
18.956294
16.051289
27.270923
18.995504
24.270081
18.544211
23.444900
17.495638
15.771773
15.772452
15.903088
21.937434
14.744783
16.589654
15.978728
16.972759
20.163232
16.222668
17.998609
16.348831
34.091827
18.721813
16.960790
19.643192
17.143021
17.928594
18.624746
19.167589
19.553071
14.633936
22.196279
20.019253
22.033674
23.082329
19.448976
21.994830
21.887538
16.547214
19.585438
17.476950
19.673076
14.041652
23.662042
16.641015
18.551904
17.160601
23.278013
16.674361
17.046838
16.492375
15.340775
18.966913
17.828270
19.604290
16.475457
22.124973
20.102812
18.171821
23.966301
15.968471
17.477468
19.775502
21.146607
15.789414
16.658441
19.341079
17.476757
15.835525
14.090602
14.108822
20.618387
15.723430
16.588525
15.625751
17.356042
14.614400
30.152395
29.006456
18.859211
18.383234
25.358660
18.205155
18.965484
17.220220
19.683121
24.058914
16.842078
22.065027
18.290968
14.563684
16.091039
18.052892
21.929340
21.247831
17.786264
17.066759
16.920766
19.700761
26.967131
18.948652
19.944264
15.006929
16.758585
17.789574
14.402991
23.935183
21.695267
23.870539
15.686113
22.169224
19.547774
22.482304
19.553097
21.644027
14.517517
19.864471
19.223917
15.071121
15.982484
21.317326
17.128796
19.624140
20.597022
23.129122
18.226692
15.906560
17.706501
17.423505
25.160490
21.586546
17.400909
14.988045
17.507733
16.236225
15.601569
18.573673
15.708782
16.922503
21.202706
17.065132
20.793572
26.436012
15.606479
14.658118
17.480678
22.698615
15.740270
16.169354
15.910479
14.702904
15.581771
14.346516
22.581158
19.648906
23.196913
15.469122
16.162131
21.852851
16.244507
21.812438
23.456220
15.474274
22.242875
20.235600
17.968415
15.809054
19.145030
22.348142
22.804371
21.102428
15.065362
20.613150
17.524048
15.525827
23.211799
18.241602
18.557928
19.186780
19.725682
27.067586
23.689311
21.002161
18.735562
18.286377
16.969951
21.128874
13.550477
19.609473
17.294052
16.081865
19.217667
20.571757
19.109731
16.342687
19.528314
17.932221
13.447925
21.846098
18.846757
18.163855
16.400104
25.034755
14.329624
19.146262
20.168923
19.486310
22.355848
17.676746
22.735258
21.078181
25.284442
19.832747
21.576979
16.188140
15.304055
15.139398
17.706167
15.933718
20.093503
13.052589
18.654080
17.617723
17.800845
21.324976
18.368994
24.285095
24.846638
20.444521
16.041064
18.047179
18.988929
16.368718
17.673991
21.748866
22.539605
19.776434
17.992923
20.961397
19.143211
14.088721
19.610152
19.706522
24.375284
16.165330
18.558368
20.578273
15.259727
16.398514
24.230458
17.183901
22.487659
17.996238
17.937670
14.868753
15.595905
16.426385
18.147054
20.404069
16.823392
18.728929
18.330039
19.754601
21.181235
16.291800
32.300479
20.762990
20.933978
35.471701
19.900205
20.593799
14.683385
15.395795
16.403422
18.427685
20.995851
13.915148
22.008908
24.264753
18.139313
21.426613
14.427491
18.389005
16.725042
16.699143
14.739529
20.098963
19.024905
24.778503
17.634576
20.619178
21.035148
13.010580
14.838034
18.205028
18.048985
15.135760
20.995322
22.105474
15.752422
25.576585
15.383898
19.745232
19.256189
18.681804
20.506867
16.566973
18.626750
19.206210
18.286745
19.652706
21.520510
17.801280
19.255022
20.946774
17.913617
16.902706
18.857101
16.685201
16.515644
18.675316
20.205595
18.389523
17.238625
16.517922
20.815601
21.617472
13.999994
20.991373
20.127231
17.072451
23.314987
20.654407
16.377225
21.017613
16.943357
20.169695
17.119523
33.593492
19.985204
17.588326
19.975081
21.510023
16.762703
15.051348
16.423930
17.781764
20.517790
25.110323
17.997653
14.706942
17.571638
16.503149
17.614344
19.179849
22.361251
21.154440
18.557289
15.943037
19.805987
22.404015
22.780214
20.457665
14.660136
20.976722
15.672248
17.537203
15.611685
17.525718
20.135669
16.826751
17.408986
14.546849
16.450258
17.179656
15.939537
13.894210
16.767712
16.100570
15.415740
22.811118
18.650168
18.986206
16.645658
20.862172
25.195113
16.502027
18.206309
19.113624
23.407830
15.230449
18.846502
20.673935
14.349846
18.659476
15.424100
19.089990
18.594293
19.150235
19.731200
17.371292
19.021172
19.314566
15.958351
21.313971
20.149793
19.537572
18.877670
14.370180
19.574943
20.626963
18.242849
15.197639
22.619996
24.028478
20.933293
17.947843
13.931296
13.597924
15.253774
22.885792
18.557010
18.714902
19.159349
18.784921
14.351031
17.351983
18.389331
20.296776
16.673613
18.008073
21.910506
20.796774
19.057052
17.691415
22.947193
17.908404
19.521450
19.158716
20.103652
15.105236
21.723084
21.887519
22.775185
20.920715
17.261426
18.239506
20.397684
14.806195
24.475529
23.852617
21.397825
23.584849
18.926883
25.626732
16.285892
19.238986
18.176582
17.392581
15.833353
17.902258
19.415126
21.236573
15.367603
17.871842
19.030460
17.680478
19.166934
15.564547
15.085457
18.172140
15.992436
16.920655
18.327484
16.762205
17.644956
24.794713
22.698639
18.586409
20.248656
19.886180
15.688216
19.338217
20.098365
19.856186
20.355222
21.357791
19.454449
21.758859
18.125063
24.519537
14.717488
19.088514
19.352467
14.491721
21.324529
24.177091
18.047295
18.639676
22.235699
20.608175
22.859789
16.576888
17.011158
23.092320
18.325607
17.864631
17.682155
20.008586
19.746136
12.882647
23.100028
15.607196
21.100627
19.845738
14.785974
18.277462
17.639437
25.824794
16.383834
16.365257
20.111969
18.725336
15.896833
17.768729
21.981341
21.911014
20.563920
21.130368
14.957252
16.129249
29.974707
22.160484
17.958425
19.236866
14.876478
24.082439
22.568743
25.479261
25.877728
18.514502
17.755302
19.380356
19.152515
20.095763
18.893983
28.767685
18.813805
20.550845
16.506217
15.678195
17.992516
19.403836
21.382161
16.099140
16.856226
15.666482
18.176068
15.460080
18.190167
19.292894
16.017427
16.941399
14.800299
24.838062
15.605694
24.342865
17.441451
17.514755
17.250695
17.812438
21.101861
17.918919
17.479833
21.824712
13.333783
17.599355
18.178343
18.587445
21.612238
14.914646
15.505506
19.316578
21.343552
24.614919
14.458126
15.919171
14.169850
18.389451
15.601769
18.006646
17.614991
22.149772
15.899583
19.154083
18.331936
16.812893
20.977933
26.014396
21.192403
15.698969
20.030243
21.232767
21.399153
15.283143
18.768302
18.915235
20.975008
19.032291
17.612051
16.956131
18.038827
13.964122
22.455784
16.906269
18.215780
17.108954
23.681774
16.966388
18.952608
20.192969
13.974489
16.525563
16.688471
20.328730
17.984727
17.167895
21.738429
21.093553
20.954625
24.557637
31.803422
16.466236
16.551197
17.766859
16.801447
14.249375
16.246609
20.096294
21.033762
17.756418
21.823879
17.222071
20.664396
13.646594
20.039928
21.718368
16.910850
15.979691
18.092624
20.007020
15.960883
21.364165
24.760475
19.937226
16.914175
19.068852
16.876608
14.123627
16.797637
18.032617
17.426111
25.081481
15.753073
18.462929
16.080194
16.251961
14.268106
15.239769
21.849247
15.334034
24.914056
22.007062
16.990512
23.163506
18.714538
17.649625
23.884912
17.628224
21.099211
18.888486
19.275266
18.036351
19.318393
15.665709
19.296853
21.426736
13.888406
23.531197
20.496442
17.617471
18.219247
16.815712
17.196876
17.786912
15.621161
24.701074
15.418213
21.652006
17.998829
15.098696
18.261220
16.286232
27.614002
19.185923
15.013744
24.104656
17.355334
23.096685
18.126585
18.557118
