26.593409
12.389589
14.188165
12.716440
14.284003
15.350853
20.540806
13.957450
39.849550
18.876296
17.721699
20.072069
11.379675
16.892408
12.200486
25.525006
14.655216
14.598677
15.618254
10.176832
15.483808
17.775259
34.952471
17.924160
12.623335
13.338534
17.874468
11.466288
13.857332
18.092029
19.066053
18.039829
11.896835
11.603588
16.614909
16.990321
14.884949
17.335883
12.403149
13.351890
18.199132
15.856313
14.883004
14.218533
8.993923
16.311091
12.661880
14.484507
12.313613
14.650667
16.076031
15.138110
9.220594
12.257215
12.125124
12.964599
20.038743
8.482374
16.762065
11.645284
17.100335
14.681716
15.025525
10.947289
12.590385
14.741060
11.290592
18.799740
13.541108
14.783375
10.859955
19.197834
11.811375
9.994859
17.432839
21.592263
18.180012
13.218982
16.204821
15.182706
15.755405
15.631249
12.042423
15.019346
16.219222
10.208392
13.140668
17.031505
9.259643
11.429102
24.224817
12.041459
10.551147
21.296887
15.793815
18.041639
14.445576
13.350341
24.492724
16.103934
20.281180
13.479137
15.297075
16.260350
11.462551
9.219562
16.781217
9.143961
12.539167
21.559127
14.603901
13.955533
17.442869
10.926909
9.667201
21.016503
9.480276
11.126429
10.864902
13.847010
16.732019
13.902783
12.446491
15.460530
20.550712
8.957976
20.743740
20.554071
15.262840
15.478565
16.253827
17.239214
24.140626
19.078061
12.928130
10.849080
21.142560
12.206001
14.005981
17.967832
14.576260
13.567097
13.993511
11.826440
15.620285
8.866768
15.181479
16.071894
20.559841
23.137371
11.429567
18.144249
13.821896
15.874775
14.189883
28.410874
14.905208
18.947965
11.529342
23.503408
9.156643
11.993269
16.842993
29.997887
12.492610
14.271868
15.125777
13.841280
11.280671
12.302533
14.199922
12.678332
11.963678
11.857464
11.683325
16.849964
14.999908
12.324278
19.460290
14.006431
28.542946
18.294436
16.272624
15.193491
27.845446
12.395005
15.360272
20.950085
15.158209
17.358960
14.297050
14.076479
11.826202
12.521429
10.329771
10.781992
10.890928
14.705182
9.190234
10.109607
11.182777
15.202593
16.617849
14.261690
13.037889
13.642499
16.483262
14.427077
13.932122
26.468173
22.533287
16.822533
17.054442
13.072136
19.284550
15.011587
15.611845
16.125067
17.377587
17.559156
12.096144
17.998227
28.649964
19.576913
18.181498
13.241379
15.041179
12.520194
18.023513
8.461736
12.954366
11.164702
13.433023
18.527188
13.309947
16.975640
14.063999
12.434436
16.807292
11.368639
9.631905
15.235519
20.658035
15.786594
13.317866
12.529137
13.521963
12.342130
14.529511
15.327131
12.575650
27.714073
25.528744
13.394443
17.168697
15.662541
13.629473
16.521929
13.321537
16.263123
13.795130
25.729365
13.017349
17.062803
16.675906
14.909512
12.842171
11.117004
11.641417
11.130222
14.821947
26.915576
18.549626
17.577317
9.389791
14.775960
16.960426
26.518032
13.858732
9.775354
23.546430
10.557758
21.490942
12.659701
12.240049
10.077178
15.865702
20.621355
13.454734
13.178151
12.610708
9.043060
15.227163
19.200176
13.266190
17.494702
12.372871
12.726103
27.677766
14.186675
13.245533
22.897562
15.194533
11.534130
11.214155
14.319081
13.152451
12.184801
11.173004
24.258901
29.799541
18.414738
12.958989
12.260955
12.822339
17.188449
9.497223
13.766889
16.610555
9.768267
11.251188
14.797279
12.733120
12.034819
21.639883
16.007520
20.358926
14.756580
17.205609
18.622476
10.548632
15.553981
10.351895
17.370133
16.454702
12.924967
12.125525
19.498897
13.624854
26.935293
11.208211
13.047494
16.542386
16.754451
12.423152
22.290036
14.531288
14.319085
14.055871
13.082261
9.997600
20.147657
16.821908
9.757148
10.710442
16.418083
16.236782
13.720546
23.209338
15.647698
10.154067
13.181429
27.251979
13.606276
17.405022
14.070265
7.399598
16.372303
14.752674
11.684148
17.323230
15.862127
10.105409
10.978859
27.684832
9.042420
10.993280
15.301516
17.238821
20.169719
16.574787
12.524505
24.818187
24.898335
13.750841
13.134857
20.780241
14.241562
12.848931
17.835101
12.642214
12.069589
15.348701
13.617388
16.872040
14.543855
14.954976
8.822867
22.913168
23.652719
15.873443
14.826320
13.482271
12.417672
13.056032
13.244803
14.113689
18.657723
11.357748
13.372774
10.401969
13.405228
12.746119
15.669705
16.775195
13.045182
30.954654
9.269278
17.089098
11.901380
23.009548
13.974278
13.807823
12.122767
11.162539
15.658172
8.550850
15.657614
13.817263
21.045067
14.124229
13.585003
12.973958
11.052400
13.417591
14.524997
16.240218
10.919641
12.500799
14.003423
11.861979
14.985412
16.869375
18.407185
14.702354
15.814639
19.719772
23.511543
14.827108
15.038777
12.325984
11.723095
16.623903
18.874204
16.223270
15.868416
12.630597
14.890222
14.815889
15.399832
12.359572
10.637045
14.565794
14.891381
15.815938
18.787522
14.578846
13.182621
15.790641
16.809691
7.704025
16.453650
18.615976
11.994168
10.842836
13.170579
12.966637
14.580411
15.606003
14.369198
14.391242
18.887588
9.976135
20.476022
15.882048
19.447680
13.545331
16.048142
9.014460
11.624464
18.348565
16.525520
11.884250
13.645217
9.570566
12.006040
12.632137
22.412462
13.340669
11.055413
13.768588
14.634441
14.332494
20.839204
12.694376
17.130410
12.566712
16.035785
18.928439
22.273267
9.943275
12.363562
20.968458
14.708667
15.217504
18.028822
10.755231
10.839082
16.641631
14.267456
8.782004
16.762677
15.607473
14.657473
21.910250
9.657913
18.518971
11.572234
12.890352
12.140395
14.331558
12.403906
12.951100
12.480093
20.440137
18.824823
21.196783
19.234611
11.167977
12.323221
19.295072
20.535531
13.133203
13.356371
10.908734
9.545282
10.155111
22.150890
15.269319
18.005068
20.669908
13.030634
17.480679
17.042627
34.632597
15.538267
12.214082
13.266779
16.245089
13.755403
24.000394
15.379253
13.050680
10.903570
10.308487
11.528051
14.087325
15.175891
14.546431
10.245402
14.103543
17.829236
10.900709
19.180867
13.962363
7.302501
15.383961
22.509315
9.948031
15.887753
10.473216
12.973587
10.650612
11.246475
16.934269
25.384416
11.792801
11.864685
18.837404
18.962396
13.270747
11.468523
14.955715
15.379306
11.795577
10.896225
13.331119
13.848533
22.584310
11.913694
9.909473
24.239609
21.257727
13.548947
14.238089
21.248072
16.269459
10.174168
11.290399
11.594991
16.422707
15.505199
19.638757
12.328329
17.372783
11.707975
13.558133
21.787730
14.370374
12.391879
15.457138
15.588337
13.197215
16.291231
11.423604
10.326936
13.122702
15.321986
12.102261
18.795693
15.560167
24.316776
15.239321
13.363817
40.838569
17.959351
13.977232
13.562747
11.674179
17.127281
10.377862
27.828555
18.344312
15.640168
17.903128
11.186097
17.450499
19.876606
13.301925
10.747777
14.234908
18.609035
12.128516
18.278366
14.991713
10.695679
14.250617
18.543859
17.639321
11.245710
8.729165
19.615576
16.125851
17.429531
12.194902
12.524264
14.583518
13.795917
15.780381
15.191994
15.468724
23.806933
10.812160
18.276119
23.952805
13.639174
9.126442
14.913107
14.478261
19.607004
11.417951
9.443312
12.990572
14.444291
7.733602
17.638392
11.442557
17.594824
18.754291
12.457550
14.712023
17.385587
16.266387
14.059312
23.241679
22.476316
21.701664
17.810418
13.493764
9.671159
24.521295
12.607963
8.243563
11.416379
10.858806
14.175470
15.470158
24.628471
14.062203
12.365548
14.170394
8.298576
17.846752
15.829303
12.395566
14.610144
9.689484
21.049237
8.811314
14.309687
40.122973
17.921774
17.451345
17.563113
19.987396
20.894663
12.052013
19.286010
16.991643
11.634820
27.085545
9.778673
16.495609
18.384651
14.760317
10.502316
14.564531
13.641860
12.585291
9.539310
14.726275
16.013736
18.069818
10.999433
12.107961
14.401868
12.453900
15.043419
9.344846
12.932313
8.582653
18.977494
12.932358
21.736267
10.210282
15.456580
13.921633
13.138006
15.561114
11.263562
15.265368
14.192986
8.346949
14.968062
9.507724
13.427533
14.040254
18.689721
9.583991
14.289415
13.875120
14.790722
13.271471
13.000528
16.550354
19.840476
17.554010
10.175021
21.089817
15.156640
10.353242
16.175386
10.915823
21.272434
13.528190
13.916050
11.661649
10.042588
11.855546
10.980478
12.378754
19.458167
14.906715
12.777273
15.229520
12.265703
20.368583
13.552842
14.726370
10.123518
11.605949
14.721456
12.863485
19.203223
15.965576
15.746495
11.736357
16.380951
14.593652
13.569759
14.509830
13.899828
19.267431
18.373776
18.965654
13.266858
16.918476
11.226367
15.075645
14.335668
20.064736
26.693919
11.039570
12.829163
17.406324
12.704564
26.044907
10.613284
9.802930
17.590412
18.335644
12.260758
12.748540
17.392817
25.536392
11.733078
18.137385
12.431013
11.805722
9.556762
14.272349
11.922987
16.433587
11.789104
16.358142
15.026818
16.889873
16.955364
12.548063
10.268462
12.608439
11.524933
8.593361
9.118148
16.383052
21.609407
22.003895
24.345886
19.994906
33.906755
14.784204
14.624058
11.071647
12.350392
23.486759
15.005341
17.116542
14.915573
9.533603
14.758768
12.719804
20.003381
11.995383
19.510129
12.263006
17.017611
19.686890
13.517537
12.531759
12.520819
9.345140
16.325489
26.201469
11.279916
19.451513
12.747291
10.261016
12.849820
15.832012
12.349687
11.901011
12.600595
12.560918
10.132728
17.056188
15.406246
14.100300
16.324101
14.961434
11.231064
12.587418
13.786313
11.774480
17.637761
17.634277
11.163480
18.039318
17.245122
15.054907
9.106576
15.376440
24.229469
15.195466
13.422637
10.605472
17.554676
12.368605
16.189873
20.257977
9.513928
18.438115
11.565303
16.154444
14.284969
9.720538
11.120542
23.352440
20.392064
12.853795
10.505106
15.429536
12.088579
8.434319
20.639428
15.913863
18.797490
13.008561
16.046093
12.077258
11.159151
15.501233
18.542974
12.070983
17.095084
28.323129
18.415711
20.010116
14.893190
10.029806
11.876427
12.315823
14.745897
19.989865
16.235448
16.462201
18.120172
15.092416
22.486037
15.927920
21.136971
14.678846
16.360639
19.487245
13.411358
10.751553
17.455660
17.119589
18.854936
21.883817
14.921282
15.410863
14.137591
17.492607
11.202151
13.873587
17.094834
11.151401
10.764144
11.014733
28.191156
17.925573
10.588523
9.940363
8.088353
13.049973
11.442521
7.646534
13.988089
16.656465
19.894305
17.469649
13.551532
12.271002
11.245096
10.212449
20.599618
9.999633
11.852229
22.325349
12.646605
