16.270980
18.724736
16.182070
17.774659
14.014742
10.204761
9.485578
9.904293
25.991786
23.081040
17.677451
18.357409
15.634556
20.937001
16.871241
15.861754
16.637290
32.708395
21.649494
17.484330
14.559947
18.287444
16.738995
14.436770
20.337547
18.772478
15.403466
13.851441
16.776608
33.271169
27.228571
19.494354
11.085775
10.157190
18.822716
22.602904
11.893074
10.788419
20.626705
13.382025
13.998284
16.403677
15.163800
12.245080
21.071005
24.108499
14.224627
12.783153
14.110131
10.687092
10.558078
37.731805
35.263171
19.272325
15.116984
19.910491
19.006435
16.956406
24.683263
23.493556
16.722511
17.185932
20.987224
25.872391