10.445298
10.897260
10.081843
14.822949
12.594568
12.445356
15.215851
13.419897
17.561800
20.307097
23.207187
11.504026
15.604088
23.882244
30.094488
15.086276
15.925697
15.575020
12.188751
16.331938
25.839966
41.100171
29.044782
30.768652
25.971214
15.810329
14.525497
11.054461
35.689051
38.607244
28.973980
13.081366
11.182009
12.241157
22.083952
20.812191
20.363384
14.613927
18.623966
17.348224
20.501307
25.041138
23.705501
16.319800
16.790471
15.949167
10.133250
16.401566
10.666516
8.918620
26.413347
29.570058
16.451328
25.732615
36.118618
27.308027
26.630312
26.056687
34.199972
30.551953
19.174099
10.766753
20.849269
16.129047