12.676766
16.623527
19.047497
19.846785
25.335320
17.820362
17.246491
14.409516
16.185542
30.839081
13.666954
33.940828
18.943828
19.353727
17.540544
14.790477
8.463655
11.946504
19.709871
17.606074
17.597288
13.919902
17.557235
22.994199
27.650500
34.880986
21.032262
17.276350
20.298019
15.688096
15.251411
16.921023
34.806588
31.428173
20.655007
14.844638
9.903813
7.438502
15.867117
10.357763
10.807598
12.070832
18.688866
13.647352
23.862449
9.943533
26.207846
26.575104
16.822179
21.160603
18.844163
10.760465
13.949669
15.168595
25.082149
14.411142
6.906731
14.862819
16.037063
15.260427
14.575828
25.479255
17.219397
15.004708