9.779334
10.794454
9.536787
9.825313
7.998055
10.564975
9.482095
14.342887
8.873365
20.276929
15.795883
26.383485
22.866291
23.743957
27.416738
25.122560
26.170682
13.589447
13.618218
33.911368
56.038983
54.364759
30.761186
19.141182
17.178315
22.023905
18.869386
8.963907
16.829259
13.544960
22.001780
19.297546
38.295775
22.822961
19.333133
17.996420
10.938302
16.265280
11.373760
16.581361
18.175597
15.731748
16.003658
19.942222
20.404119
20.856705
22.463880
10.591732
10.065847
16.603751
16.382046
23.629735
14.990827
27.862394
33.350119
26.070047
12.327389
10.595540
8.046115
11.906472
11.047506
13.261191
16.740514
24.209307