8.925199
10.720821
20.381609
13.440063
19.123944
14.851846
8.291930
10.522299
15.635599
19.209818
16.787606
20.566173
19.459025
23.751235
16.761731
10.274209
6.724387
11.380425
25.142172
10.852952
29.543322
49.297059
25.975961
23.160280
17.508268
20.295425
31.443335
22.294788
16.928910
12.044146
14.819641
22.051065
14.398572
12.065763
15.959415
18.706514
18.011887
16.582679
11.053937
18.839566
20.552561
27.350447
26.189779
21.910147
15.524847
15.567173
13.671428
17.089576
8.807694
13.006045
25.608486
33.827120
38.472461
25.841431
19.379131
15.635970
10.490627
11.239774
13.152199
10.449866
13.044153
24.904217
26.151029
17.458471