16.356000
17.250067
15.489724
9.417938
9.278920
9.043846
6.704100
13.320108
13.774778
18.465196
10.603785
21.426380
10.649561
19.146404
19.612150
27.406044
25.607337
17.281687
15.040104
12.611137
15.431298
18.484202
10.081962
12.224100
18.719958
24.051942
23.627551
13.894434
15.974582
16.965340
13.427591
11.259098
13.507962
22.673536
23.162340
21.686935
10.599208
17.259215
16.463667
21.310936
14.637328
9.419723
9.414897
10.564642
22.156889
23.616881
19.512585
12.841658
14.863068
16.883173
24.968367
15.935255
24.893229
17.457556
14.061754
8.588120
17.300750
18.024076
9.658245
8.434374
15.349004
18.084108
13.372376
9.970834