16.736527
13.252139
20.882643
12.156280
12.459162
12.191430
13.521872
12.191047
10.826583
15.393695
6.936663
20.096249
16.804516
14.059002
9.028652
13.051600
14.098186
10.943103
11.736419
21.421671
15.444314
12.995791
28.205427
36.540924
29.614928
18.155390
17.784839
11.497785
23.896618
38.899000
20.626845
23.814161
27.762368
10.784586
10.523400
14.875045
9.693122
13.199986
12.661405
13.348280
13.607563
17.248819
14.340415
15.698156
23.260823
10.833645
12.278700
28.064420
21.169807
33.343940
20.939334
14.879077
27.116361
18.345243
18.914565
17.506300
28.871508
26.024194
23.356191
16.295023
15.881258
18.065874
27.467007
28.867053