7.971159
10.668055
13.590598
22.617004
35.836628
17.565553
16.041291
13.470513
15.096254
33.691785
20.716467
22.129387
11.653395
14.476672
24.998722
30.300359
20.554804
20.829530
14.224879
15.584348
29.291771
18.756172
22.707908
22.631634
19.283000
12.401828
14.145241
13.071010
11.467442
14.185618
9.995993
25.357382
41.991953
23.860955
11.195563
15.696002
7.029068
10.251601
13.450229
12.459298
12.736817
18.937131
18.203578
41.723963
36.302755
31.346887
39.577822
49.184158
22.658314
18.089457
12.811553
14.226048
9.876718
12.084254
15.612451
23.005964
21.346553
25.258669
12.878450
17.117667
16.952792
23.006870
22.610325
13.163941