8.822598
12.346261
11.732976
34.106304
24.776842
12.724496
15.484890
15.240570
32.374460
20.693206
20.010049
11.085736
20.466250
29.349090
24.671419
19.695355
14.799357
15.700282
30.285253
16.513325
28.029014
17.925000
15.325441
13.074317
14.471022
11.523575
13.623951
10.783127
30.684800
40.048812
16.519632
11.867635
10.330595
10.152766
12.573942
12.713670
12.362054
20.759712
23.326365
41.350318
32.654598
34.690350
50.265872
28.532925
17.451980
13.176482
12.664815
9.860372
14.367694
20.776012
21.357771
25.711666
14.724905
15.909659
18.360541
20.971245
22.426351
13.201130
16.187826
11.557781
16.099018
11.123294
31.353727
28.418209