6.171188
10.585781
20.807123
21.927650
19.008749
19.853239
15.013814
12.552853
14.464638
20.248294
12.728876
11.521115
14.262275
14.180228
14.578082
8.992916
6.951990
9.243315
7.267792
10.280145
19.884455
16.116444
8.567686
15.560180
30.330500
31.466892
37.868051
41.640526
30.480243
30.648831
27.295989
24.676162
24.580342
23.220684
15.109475
18.914927
12.824360
10.609933
15.153401
10.846342
8.934787
14.413765
29.450941
23.342237
21.848911
19.709295
9.919864
11.584519
9.322472
28.663973
23.160523
26.524098
33.619928
37.660174
48.303340
29.106409
11.868621
18.126856
15.317687
13.485107
11.798823
17.201041
11.026527
18.290238