9.270959
18.840934
25.849895
21.724032
12.464691
17.164383
13.276198
18.568727
15.062801
19.999575
13.732352
13.228918
9.927851
13.252974
7.893736
9.284161
9.335478
11.196899
9.507105
11.234432
24.895936
32.932060
19.692410
24.193108
22.401001
15.095002
19.902579
18.261147
18.794309
14.755674
13.962398
23.159107
27.200959
14.147610
18.771140
17.114660
9.907734
18.562496
14.205095
15.813175
14.848243
20.603385
26.230416
44.093859
28.326705
20.078589
11.867167
21.415404
16.821724
13.595512
14.758458
19.085428
18.940936
15.514516
21.533206
16.235745
7.272822
17.162568
19.054828
20.333764
20.824747
20.203170
18.803659
13.690730


6.883396
10.868910
10.836067
19.878653
19.064088
28.352111
17.469273
12.709423
9.640208
18.800874
10.581186
16.703914
15.389111
17.901916
6.494424
11.860793
23.341802
20.194860
18.398720
14.418993
27.401328
14.925587
9.280455
22.305796
23.824394
31.119492
12.261885
9.611264
12.558014
13.425267
11.876723
33.795190
23.581688
9.059752
15.183703
15.939741
14.297597
19.669334
20.313496
17.948338
21.387688
22.641608
12.515918
15.810679
16.234865
12.099648
13.824056
34.196157
34.757681
24.134881
22.043637
21.355390
35.183468
21.115944
16.221841
13.093190
21.877211
24.872375
9.037703
17.778119
18.938199
22.099272
19.489524
23.964068


9.779334
10.794454
9.536787
9.825313
7.998055
10.564975
9.482095
14.342887
8.873365
20.276929
15.795883
26.383485
22.866291
23.743957
27.416738
25.122560
26.170682
13.589447
13.618218
33.911368
56.038983
54.364759
30.761186
19.141182
17.178315
22.023905
18.869386
8.963907
16.829259
13.544960
22.001780
19.297546
38.295775
22.822961
19.333133
17.996420
10.938302
16.265280
11.373760
16.581361
18.175597
15.731748
16.003658
19.942222
20.404119
20.856705
22.463880
10.591732
10.065847
16.603751
16.382046
23.629735
14.990827
27.862394
33.350119
26.070047
12.327389
10.595540
8.046115
11.906472
11.047506
13.261191
16.740514
24.209307


8.925199
10.720821
20.381609
13.440063
19.123944
14.851846
8.291930
10.522299
15.635599
19.209818
16.787606
20.566173
19.459025
23.751235
16.761731
10.274209
6.724387
11.380425
25.142172
10.852952
29.543322
49.297059
25.975961
23.160280
17.508268
20.295425
31.443335
22.294788
16.928910
12.044146
14.819641
22.051065
14.398572
12.065763
15.959415
18.706514
18.011887
16.582679
11.053937
18.839566
20.552561
27.350447
26.189779
21.910147
15.524847
15.567173
13.671428
17.089576
8.807694
13.006045
25.608486
33.827120
38.472461
25.841431
19.379131
15.635970
10.490627
11.239774
13.152199
10.449866
13.044153
24.904217
26.151029
17.458471


16.356000
17.250067
15.489724
9.417938
9.278920
9.043846
6.704100
13.320108
13.774778
18.465196
10.603785
21.426380
10.649561
19.146404
19.612150
27.406044
25.607337
17.281687
15.040104
12.611137
15.431298
18.484202
10.081962
12.224100
18.719958
24.051942
23.627551
13.894434
15.974582
16.965340
13.427591
11.259098
13.507962
22.673536
23.162340
21.686935
10.599208
17.259215
16.463667
21.310936
14.637328
9.419723
9.414897
10.564642
22.156889
23.616881
19.512585
12.841658
14.863068
16.883173
24.968367
15.935255
24.893229
17.457556
14.061754
8.588120
17.300750
18.024076
9.658245
8.434374
15.349004
18.084108
13.372376
9.970834


11.474941
21.696677
14.703071
10.087821
16.974146
23.009790
16.753537
12.133184
12.121306
9.222435
15.631255
15.900932
7.871114
14.043316
11.451892
14.660368
10.445394
12.308357
9.701139
13.221382
17.951880
11.889778
7.417646
6.597420
18.828427
19.651901
13.692981
18.177057
18.110767
14.326169
11.264037
7.678771
9.765490
13.470647
12.456663
13.677771
13.089788
12.560357
8.548203
15.895624
8.891725
15.554962
26.708669
16.355840
19.510011
12.041429
12.657901
16.387345
9.439738
27.944557
44.517048
33.304446
36.363412
34.585732
26.165440
15.993773
24.311712
18.387433
14.368665
19.040181
10.926992
10.007556
17.659951
32.816796


5.978865
9.588991
13.059904
8.338358
16.411945
12.822848
8.365111
24.935662
32.567451
40.413225
27.096548
21.671750
11.584191
15.952051
16.270023
18.800812
9.754664
12.978902
14.200204
22.557925
41.978367
24.155166
22.831432
18.968388
22.988817
22.336884
14.405414
9.006760
12.973636
18.179063
14.685542
27.216285
26.188310
31.196992
29.573728
25.902148
16.170466
19.498001
22.415668
18.270778
17.635963
7.156611
13.016146
20.719407
23.112128
37.087696
23.439402
13.600244
17.796833
22.143716
36.247978
18.936171
16.771177
17.842143
19.387695
12.127337
12.489212
14.973275
13.146985
16.513632
11.275885
12.687269
11.252047
8.873634


7.752523
15.910821
17.201499
13.006555
16.110893
18.193679
10.611142
20.601662
22.013546
21.979644
8.304072
7.840516
7.355749
13.244642
14.107026
14.400687
12.903741
17.721443
15.771709
11.662178
27.363782
25.974058
11.087120
10.498489
14.350034
20.704277
7.486603
12.370941
14.716445
19.117531
16.920802
9.722601
16.030553
11.738481
12.215799
9.163056
8.357090
15.374283
11.547482
12.276586
8.267682
12.587800
16.954782
21.957360
19.925635
13.046896
12.110741
16.366441
7.685324
19.347607
17.073243
18.190600
16.829431
31.680058
26.654829
26.683892
25.436416
28.111812
26.852662
24.504907
19.881845
13.440660
21.551840
18.640211


6.171188
10.585781
20.807123
21.927650
19.008749
19.853239
15.013814
12.552853
14.464638
20.248294
12.728876
11.521115
14.262275
14.180228
14.578082
8.992916
6.951990
9.243315
7.267792
10.280145
19.884455
16.116444
8.567686
15.560180
30.330500
31.466892
37.868051
41.640526
30.480243
30.648831
27.295989
24.676162
24.580342
23.220684
15.109475
18.914927
12.824360
10.609933
15.153401
10.846342
8.934787
14.413765
29.450941
23.342237
21.848911
19.709295
9.919864
11.584519
9.322472
28.663973
23.160523
26.524098
33.619928
37.660174
48.303340
29.106409
11.868621
18.126856
15.317687
13.485107
11.798823
17.201041
11.026527
18.290238


12.725846
10.011184
7.417669
10.399665
13.543083
12.819721
6.621984
7.310717
18.522638
16.034069
15.183526
9.063227
7.270194
15.536539
19.773343
11.227946
14.916228
12.422820
14.335968
12.440020
21.431889
15.185241
14.707828
20.363278
29.252297
25.489616
18.541633
12.046644
12.753023
7.409194
13.552985
25.228145
21.731294
21.305964
37.933542
32.786003
18.593111
17.216523
13.681906
10.422824
21.297574
15.850842
16.671919
12.697987
14.360316
10.676843
12.826422
22.516818
10.253088
19.137515
30.520930
31.863929
48.855242
37.249493
35.930193
24.310860
16.421006
40.034070
33.444712
28.568239
23.305958
13.545269
15.846339
17.887755


