16.270980
18.724736
16.182070
17.774659
14.014742
10.204761
9.485578
9.904293
25.991786
23.081040
17.677451
18.357409
15.634556
20.937001
16.871241
15.861754
16.637290
32.708395
21.649494
17.484330
14.559947
18.287444
16.738995
14.436770
20.337547
18.772478
15.403466
13.851441
16.776608
33.271169
27.228571
19.494354
11.085775
10.157190
18.822716
22.602904
11.893074
10.788419
20.626705
13.382025
13.998284
16.403677
15.163800
12.245080
21.071005
24.108499
14.224627
12.783153
14.110131
10.687092
10.558078
37.731805
35.263171
19.272325
15.116984
19.910491
19.006435
16.956406
24.683263
23.493556
16.722511
17.185932
20.987224
25.872391


13.158763
15.535374
21.836513
23.666992
20.282288
15.949899
15.255145
16.570762
29.982678
14.801443
34.400427
18.198251
18.354983
12.899897
12.729345
9.306015
20.442424
17.819780
16.914103
13.170737
19.954018
24.261760
32.717761
27.329319
15.098328
21.890464
15.950563
15.918936
19.126212
36.116166
28.769812
13.634479
12.602757
9.166018
13.435014
11.070779
11.153351
12.587821
17.663080
15.736323
20.061352
17.797672
24.156702
21.748558
18.986392
19.218097
11.351625
12.751336
22.136880
19.770972
7.964143
10.689722
16.977578
14.913428
15.575528
23.212818
18.529630
12.314546
21.817061
17.641863
19.181218
14.199840
17.762738
34.590302


9.613777
9.623779
10.354911
14.277542
21.292440
24.708531
25.526135
15.707765
54.281533
22.890677
20.337753
12.956243
18.517163
29.467475
17.443035
12.369049
17.309564
17.284693
22.426566
12.815482
17.240685
21.075546
28.214846
10.776310
10.667858
17.189360
33.574630
25.689985
19.884621
28.004362
13.147426
9.819082
10.063785
11.257406
23.428110
21.023575
14.848828
27.766472
42.610627
39.160352
18.622386
12.144652
25.512701
25.361801
15.501959
12.155226
6.742965
10.673627
14.857595
15.896589
23.613156
9.728283
16.672109
30.224722
16.851109
20.151042
18.407844
12.785846
19.063430
24.470485
14.006314
11.752134
15.673981
13.653001


11.789043
16.950381
12.328797
15.983046
18.786741
19.902054
10.183715
17.818416
34.942583
22.314305
24.495540
18.734560
16.667138
14.007004
18.892972
13.627918
20.397108
25.482012
16.318835
12.285778
20.989169
33.528746
17.515919
11.248781
12.127020
24.600764
14.189204
15.729393
10.992444
10.904503
23.509705
29.245058
14.453929
19.293699
20.986639
14.981166
12.299533
15.076995
15.616845
21.507383
13.798559
14.746167
16.670555
16.988567
14.783788
14.541100
10.815265
18.379174
31.786798
19.690526
21.623609
21.064155
20.678792
24.233023
17.299456
15.645907
15.465743
12.719333
19.684650
14.868842
11.568214
10.320011
23.107412
27.815735


16.302292
10.596416
9.021450
15.306132
15.713371
15.958250
25.771987
15.459227
16.195334
12.068286
23.307654
15.335410
13.188228
18.155684
19.745264
15.689834
16.622104
9.833039
23.840254
14.367048
19.881470
20.254238
12.604630
15.988127
11.764961
14.511633
14.181163
27.987706
23.048440
21.239563
17.889266
32.674249
16.163018
8.949960
14.525912
23.073851
20.848043
17.233350
25.680001
23.089919
25.190154
14.117202
29.763627
25.686936
12.030502
9.762280
10.662214
12.175209
16.090039
15.109802
30.709473
27.522203
16.318433
21.660552
11.820430
16.250478
13.646618
19.329986
11.988649
9.352714
19.625892
35.013579
33.107214
18.861309


16.339378
13.725326
18.723268
11.242465
15.207779
10.316541
12.882432
10.846895
15.251274
8.288945
18.450745
17.148015
11.247631
11.847149
12.882244
10.996312
12.826428
21.120283
14.461642
13.302384
34.842814
36.467821
22.074132
19.083566
14.410834
18.215013
38.492033
21.850192
25.386250
23.596034
10.881867
14.864590
7.645325
13.725686
11.911732
13.891090
13.227708
17.538508
13.409369
20.629930
16.689367
9.547595
21.401190
24.707629
31.638643
22.337839
15.738253
26.141558
19.467149
16.441232
24.399462
25.988492
28.181994
15.973257
15.271627
17.719950
29.210421
26.248757
29.921062
32.763752
18.556653
18.449115
31.119273
22.000000


8.822598
12.346261
11.732976
34.106304
24.776842
12.724496
15.484890
15.240570
32.374460
20.693206
20.010049
11.085736
20.466250
29.349090
24.671419
19.695355
14.799357
15.700282
30.285253
16.513325
28.029014
17.925000
15.325441
13.074317
14.471022
11.523575
13.623951
10.783127
30.684800
40.048812
16.519632
11.867635
10.330595
10.152766
12.573942
12.713670
12.362054
20.759712
23.326365
41.350318
32.654598
34.690350
50.265872
28.532925
17.451980
13.176482
12.664815
9.860372
14.367694
20.776012
21.357771
25.711666
14.724905
15.909659
18.360541
20.971245
22.426351
13.201130
16.187826
11.557781
16.099018
11.123294
31.353727
28.418209


12.721164
15.746562
14.687581
22.634465
8.836467
12.149594
13.851153
15.551968
24.300030
10.970447
15.039006
14.818120
14.884422
12.905259
9.986826
12.850854
11.219011
18.417389
15.625611
12.274566
16.748598
23.192059
26.033694
27.739812
22.019076
18.829780
21.165666
16.883814
20.687483
16.929823
22.321307
8.840908
8.170753
15.127745
24.386782
30.714240
18.846212
16.345987
32.931101
29.647089
18.397759
22.205707
41.249592
46.654787
53.728923
36.497192
20.603406
12.053974
16.192898
17.065558
35.969581
29.886965
18.965608
18.874499
19.442439
28.701707
21.025313
14.996572
16.481599
13.524046
18.547515
16.090511
21.755065
20.152022


10.243289
21.126035
16.622443
15.963146
13.269240
14.054941
8.740537
9.089852
16.230385
15.710371
34.037344
35.082344
27.628810
22.628349
16.472035
12.695132
9.625793
25.945046
19.187342
9.836684
25.343722
33.705757
35.287856
15.711166
13.046891
15.263172
28.010171
37.180688
25.520340
19.483287
21.470524
13.009369
6.315457
13.325159
17.569402
22.455596
13.218746
21.553022
15.370525
19.904887
19.299051
19.726553
26.315335
19.993752
9.550819
18.170901
14.104624
12.772952
12.641255
11.902683
19.251534
23.477429
16.673415
25.991603
16.041445
20.578128
24.726124
19.774600
18.892671
17.335856
16.606908
16.710783
33.741701
22.956674


10.445298
10.897260
10.081843
14.822949
12.594568
12.445356
15.215851
13.419897
17.561800
20.307097
23.207187
11.504026
15.604088
23.882244
30.094488
15.086276
15.925697
15.575020
12.188751
16.331938
25.839966
41.100171
29.044782
30.768652
25.971214
15.810329
14.525497
11.054461
35.689051
38.607244
28.973980
13.081366
11.182009
12.241157
22.083952
20.812191
20.363384
14.613927
18.623966
17.348224
20.501307
25.041138
23.705501
16.319800
16.790471
15.949167
10.133250
16.401566
10.666516
8.918620
26.413347
29.570058
16.451328
25.732615
36.118618
27.308027
26.630312
26.056687
34.199972
30.551953
19.174099
10.766753
20.849269
16.129047


