2.750785
2.671878
2.556000
2.753053
2.339892
2.899757
2.237226
2.406544
3.278895
2.839336
2.756386
2.801929
2.175552
2.658279
3.086038
2.753432
2.318153
2.289259
2.656788
2.501665
2.371591
2.705178
3.318764
2.123117
2.763098
2.455127
2.410784
2.471976
3.334265
2.290464
2.544841
2.411831
1.916766
2.138405
2.721713
2.223575
2.901210
3.185983
2.751084
2.280715
2.317942
1.964810
3.457341
2.377643
2.237040
2.407380
2.632721
2.511386
2.676431
2.486378
2.921571
3.118215
2.699914
2.369844
2.547137
2.977175
2.144246
3.501924
2.925851
2.307056
2.310631
2.764402
2.509335
2.026192