2.775535
2.938151
3.130548
2.238627
2.559686
2.439311
2.894622
2.811484
2.656968
2.894827
2.737667
2.478125
2.531651
2.520884
2.755202
2.472869
2.462451
2.677900
2.400497
2.861453
3.061330
2.920159
3.125904
2.661960
2.972622
2.763430
2.978920
2.424428
2.598253
2.544368
2.581922
2.842514
2.467597
2.693296
2.435933
2.632897
2.061285
2.503828
2.658249
2.526156
2.595321
2.784647
2.651995
2.566036
2.506458
2.438351
2.518422
2.548007
2.649561
2.535045
2.372037
2.495809
2.433236
2.555122
2.285118
2.221989
2.638425
2.135027
3.038638
2.548408
2.676921
2.167787
3.707396
2.844795