2.805144
2.805735
3.117687
2.802906
2.668792
2.978161
2.441928
2.578210
2.654624
2.493303
2.703556
2.280264
3.264138
2.505367
2.996460
2.752719
2.041756
2.696717
2.533335
2.625865
3.171023
2.938076
2.466546
2.838425
2.804859
2.870643
2.755113
2.937242
2.872257
3.030595
2.740924
2.279073
3.115455
2.620460
2.387589
2.647496
3.251921
1.930791
2.457909
2.647036
1.818056
2.264260
2.500475
2.464310
2.704814
2.256668
2.478122
2.601421
2.254644
2.701889
3.082130
2.468523
2.636740
2.553753
2.832239
2.432869
2.379431
2.653312
3.096718
1.826134
2.400110
2.649546
2.541630
2.621156