2.787656
2.483781
2.308721
2.331782
2.065115
2.707397
2.447887
2.263766
2.949359
1.924563
2.641040
2.558938
2.776272
3.073414
2.853594
2.454365
2.008207
2.326826
2.593789
3.189777
3.071531
2.958410
2.539356
2.406623
2.822531
2.422074
2.349363
2.253295
2.615612
2.668874
3.203119
2.234569
2.472264
2.688041
2.775433
2.250943
2.263546
2.725609
2.628023
2.539785
2.176596
2.432427
3.248322
3.098311
2.657438
2.457959
2.658425
2.571901
2.844978
2.193074
2.542259
2.138362
2.488499
2.306151
2.455141
2.789018
2.501991
2.478372
3.434925
2.110534
2.329256
3.718688
3.156230
2.506732