2.269275
1.943828
2.746449
2.539151
2.633689
2.773391
2.613182
2.103660
2.699069
2.331648
2.278124
2.401946
2.688232
2.406549
2.491532
2.337235
2.526444
2.578798
2.357377
2.997107
2.540368
2.440569
2.505856
3.153798
2.383356
2.484548
2.513691
3.025437
3.117827
2.271284
2.965817
2.759841
2.133331
2.362895
2.942861
2.859866
2.645872
2.400514
2.626564
2.446470
2.995920
2.874469
2.725508
2.836760
3.303990
2.441064
2.106076
2.436439
2.368977
3.126584
2.807033
2.949211
2.715784
3.305648
2.872356
3.018125
2.350898
2.440509
2.498722
2.598829
2.321737
2.794206
3.232802
2.395929