2.575485
2.528178
2.177299
3.044670
2.883670
2.537816
2.312432
2.386627
2.572153
2.013881
2.837214
2.532017
2.568977
2.663583
2.334727
2.599047
2.431629
2.055746
2.912509
3.347167
3.001313
3.347922
2.527919
2.650115
2.583695
2.470083
2.646184
3.107779
2.573621
2.675247
2.896721
2.710555
2.674456
2.885968
3.677105
2.971214
3.139502
2.554707
2.754751
2.554619
2.436934
2.888925
3.052486
2.524813
3.232995
2.164475
3.067370
2.004377
2.659677
2.477698
3.070778
2.361534
2.300925
2.542518
2.864884
2.851105
2.440876
1.973392
2.341619
2.398128
2.331193
2.503419
1.950050
2.542709