2.457877
2.621501
2.716515
2.987727
2.312519
2.413162
2.645748
2.446716
2.529192
2.953854
2.518582
2.631620
2.342074
2.934722
2.656227
3.013599
2.528218
2.706970
2.188945
2.260848
3.367587
2.687893
2.535680
2.787658
2.325641
3.298590
2.078340
2.480524
2.163003
2.783349
2.417428
2.554170
2.926797
2.574465
2.571246
2.663502
2.761140
2.530078
3.586761
3.297167
2.546907
2.748730
2.993581
2.903123
1.998527
2.693360
2.632376
2.383234
2.695037
2.950751
3.031417
2.452290
2.583264
3.043526
2.366109
2.400713
2.577394
2.201148
3.025512
2.761547
2.275326
3.230159
2.540671
2.376105