2.501207
2.024881
2.839669
2.504865
2.464079
2.496921
2.836384
2.904786
2.543088
2.733232
2.400785
2.646497
2.690633
2.655426
3.089617
3.056645
2.707374
2.675360
2.392877
3.035609
2.590261
2.039036
2.462331
2.638036
3.170731
2.583724
2.208894
2.227926
3.202470
2.651275
2.345017
3.063758
3.140367
3.033489
2.661283
2.941709
2.234934
2.313980
2.283222
2.639240
2.798842
3.021076
2.931850
2.089436
3.166023
2.851272
2.027277
2.521400
2.532550
2.869265
2.273275
2.456204
2.400842
2.770830
2.231973
2.338163
2.472732
2.696689
2.518151
3.238447
2.708254
2.742508
2.439002
2.584761