2.492590
3.356185
2.266206
2.689461
2.522274
2.368991
3.047594
2.561282
2.143653
2.917205
2.397253
2.441550
2.437193
2.529745
2.744682
2.971914
2.329826
2.951896
2.625668
2.527611
2.939702
2.420015
2.512468
2.463229
2.618901
2.588054
2.308603
2.651201
2.244814
2.692705
2.538083
2.732213
2.846435
2.416362
2.310223
2.457792
2.383789
2.439376
3.216819
2.682048
3.065145
2.919360
2.660704
3.130857
2.716899
3.130513
2.328179
2.858936
2.408715
2.815345
2.157480
2.631950
2.637235
2.282782
2.665149
2.807848
2.422854
2.594793
2.743636
3.032910
2.362679
2.254217
2.576465
2.727572