2.454357
3.380009
3.134536
2.806234
2.096374
2.769907
2.368666
2.452253
2.999855
2.833584
2.491738
2.843742
3.102506
2.250329
3.330120
2.217490
2.153288
2.625081
2.722335
2.713981
2.766145
2.239201
2.587899
2.666374
2.583289
2.388287
2.965857
2.852463
2.866173
3.358455
3.073367
2.365956
3.534923
2.344212
2.942282
2.699850
2.803732
2.551693
2.669340
2.769416
1.896365
2.844133
2.676971
2.699054
2.679020
2.693093
2.485578
2.504817
2.463449
2.115822
2.324590
2.962410
2.469135
2.368487
2.831888
2.312291
2.833114
2.788308
2.766623
2.148505
2.583425
2.481724
2.594203
2.362434