2.741864
2.632876
2.671610
2.572538
2.473870
2.406371
3.165486
2.701675
2.982141
2.149216
2.949850
2.798150
2.404662
2.484321
2.556019
2.462342
2.840746
2.434039
2.726468
2.492121
2.756034
2.811155
2.375584
2.282674
2.068742
2.516283
2.051203
3.354274
2.901845
2.206185
2.154621
3.320458
2.098827
2.515467
2.577252
2.222331
2.884808
2.928559
2.848910
2.428941
2.689761
2.606757
3.120318
2.802840
2.257336
2.595903
2.238016
2.789227
2.264369
2.387738
2.419121
2.071156
2.162874
2.560569
2.760752
2.598240
2.623660
2.441406
2.865357
2.610909
2.326532
2.754002
2.474944
2.714852


2.823358
3.061463
2.766444
2.739801
2.833975
2.439342
2.637142
2.495621
2.506256
2.809250
2.925164
2.735320
2.456321
2.503461
2.521771
3.365266
2.411864
2.632345
3.029044
2.687836
2.941780
3.020536
2.793051
2.455533
2.770067
2.552537
2.599851
2.763406
2.384661
2.354827
2.121044
2.383120
2.708199
2.290583
2.451580
2.569518
2.530604
2.824602
2.656707
2.521933
2.685595
2.439663
2.611645
2.685878
2.271664
2.569694
2.490391
2.543542
2.761304
2.934918
2.603552
3.228387
2.148783
2.432744
2.763771
2.588950
2.575034
2.040712
2.869534
2.542700
2.568832
2.197802
2.791415
2.066785


2.719309
2.419524
2.292084
2.155325
2.648870
2.291303
2.670797
2.447068
2.377208
2.668994
3.172200
2.592895
2.254170
2.372401
3.277609
2.677498
2.778807
2.392879
2.716753
2.449488
2.586542
2.334136
3.160112
2.352771
2.302792
2.959999
2.204460
2.359308
2.895995
2.212077
2.534194
3.224500
2.723943
2.562910
2.844816
2.275303
2.552104
2.566174
2.164076
2.416815
2.405354
2.798668
2.436626
3.067664
2.265401
3.382130
2.802977
2.462717
2.218982
3.006970
2.466428
2.826430
2.362725
2.632419
3.349702
2.648962
2.500469
2.478563
2.565924
3.459055
2.881316
2.387700
2.656819
2.215482


2.153448
2.166895
2.786614
2.656131
2.866066
2.103092
2.577419
2.351253
2.306163
2.495109
2.654318
2.298985
2.476983
2.384237
2.950070
2.640767
2.376114
3.080839
2.180629
2.634261
3.089080
2.550663
2.891968
2.612801
2.185736
2.824974
2.743722
2.577141
2.615333
2.679055
3.019510
2.561086
3.149261
2.823631
1.992083
2.293437
3.073770
2.753537
2.962025
2.998737
3.011317
2.746212
2.355838
2.628634
2.379360
2.653459
3.101876
2.349750
2.281347
2.471959
2.816793
2.688484
2.760471
2.705108
2.474896
2.357195
2.358961
2.699682
2.366152
2.721064
2.604526
2.308853
2.645939
2.262706


2.724974
2.003472
3.014793
2.825079
2.517961
2.302760
2.430393
2.450283
2.641848
2.508278
2.570138
2.502805
2.380798
2.561237
3.222916
2.919344
2.953777
2.717393
2.280183
2.729207
3.059955
2.689954
2.725733
2.845971
2.646220
3.559315
3.015880
2.837271
2.606401
2.498287
2.751751
2.992815
2.777163
2.479928
2.736526
2.394717
2.450968
3.061643
2.075197
2.543938
2.902504
2.745766
2.083285
2.378703
2.341138
2.305778
2.335701
2.272215
2.316005
2.121861
2.433953
2.467122
2.907874
2.740341
2.511739
2.306738
2.471857
2.777784
2.347876
2.488126
2.551227
2.442988
2.625900
2.505412


2.457877
2.621501
2.716515
2.987727
2.312519
2.413162
2.645748
2.446716
2.529192
2.953854
2.518582
2.631620
2.342074
2.934722
2.656227
3.013599
2.528218
2.706970
2.188945
2.260848
3.367587
2.687893
2.535680
2.787658
2.325641
3.298590
2.078340
2.480524
2.163003
2.783349
2.417428
2.554170
2.926797
2.574465
2.571246
2.663502
2.761140
2.530078
3.586761
3.297167
2.546907
2.748730
2.993581
2.903123
1.998527
2.693360
2.632376
2.383234
2.695037
2.950751
3.031417
2.452290
2.583264
3.043526
2.366109
2.400713
2.577394
2.201148
3.025512
2.761547
2.275326
3.230159
2.540671
2.376105


2.501207
2.024881
2.839669
2.504865
2.464079
2.496921
2.836384
2.904786
2.543088
2.733232
2.400785
2.646497
2.690633
2.655426
3.089617
3.056645
2.707374
2.675360
2.392877
3.035609
2.590261
2.039036
2.462331
2.638036
3.170731
2.583724
2.208894
2.227926
3.202470
2.651275
2.345017
3.063758
3.140367
3.033489
2.661283
2.941709
2.234934
2.313980
2.283222
2.639240
2.798842
3.021076
2.931850
2.089436
3.166023
2.851272
2.027277
2.521400
2.532550
2.869265
2.273275
2.456204
2.400842
2.770830
2.231973
2.338163
2.472732
2.696689
2.518151
3.238447
2.708254
2.742508
2.439002
2.584761


2.492590
3.356185
2.266206
2.689461
2.522274
2.368991
3.047594
2.561282
2.143653
2.917205
2.397253
2.441550
2.437193
2.529745
2.744682
2.971914
2.329826
2.951896
2.625668
2.527611
2.939702
2.420015
2.512468
2.463229
2.618901
2.588054
2.308603
2.651201
2.244814
2.692705
2.538083
2.732213
2.846435
2.416362
2.310223
2.457792
2.383789
2.439376
3.216819
2.682048
3.065145
2.919360
2.660704
3.130857
2.716899
3.130513
2.328179
2.858936
2.408715
2.815345
2.157480
2.631950
2.637235
2.282782
2.665149
2.807848
2.422854
2.594793
2.743636
3.032910
2.362679
2.254217
2.576465
2.727572


2.775535
2.938151
3.130548
2.238627
2.559686
2.439311
2.894622
2.811484
2.656968
2.894827
2.737667
2.478125
2.531651
2.520884
2.755202
2.472869
2.462451
2.677900
2.400497
2.861453
3.061330
2.920159
3.125904
2.661960
2.972622
2.763430
2.978920
2.424428
2.598253
2.544368
2.581922
2.842514
2.467597
2.693296
2.435933
2.632897
2.061285
2.503828
2.658249
2.526156
2.595321
2.784647
2.651995
2.566036
2.506458
2.438351
2.518422
2.548007
2.649561
2.535045
2.372037
2.495809
2.433236
2.555122
2.285118
2.221989
2.638425
2.135027
3.038638
2.548408
2.676921
2.167787
3.707396
2.844795


1.880642
2.400672
2.568764
2.576952
2.950837
2.033109
2.710586
3.107560
2.872907
2.513594
2.497733
3.625081
2.594666
2.186712
2.813850
2.756127
2.411269
2.604729
2.534378
2.962328
2.158834
3.368471
2.227944
2.864515
2.561276
2.773300
2.916899
2.607855
3.389172
2.571682
2.678151
2.381725
2.167429
2.613862
1.951230
2.530924
2.357891
2.782117
2.591716
2.645203
2.675056
2.371230
2.858806
3.013187
2.516319
2.866926
2.383646
2.982135
2.238909
3.169412
2.386737
2.280475
3.265501
2.448626
2.390188
2.438473
2.695556
2.515933
2.623635
2.641151
2.326999
2.436678
2.634123
2.345080


