2.750785
2.671878
2.556000
2.753053
2.339892
2.899757
2.237226
2.406544
3.278895
2.839336
2.756386
2.801929
2.175552
2.658279
3.086038
2.753432
2.318153
2.289259
2.656788
2.501665
2.371591
2.705178
3.318764
2.123117
2.763098
2.455127
2.410784
2.471976
3.334265
2.290464
2.544841
2.411831
1.916766
2.138405
2.721713
2.223575
2.901210
3.185983
2.751084
2.280715
2.317942
1.964810
3.457341
2.377643
2.237040
2.407380
2.632721
2.511386
2.676431
2.486378
2.921571
3.118215
2.699914
2.369844
2.547137
2.977175
2.144246
3.501924
2.925851
2.307056
2.310631
2.764402
2.509335
2.026192


2.805144
2.805735
3.117687
2.802906
2.668792
2.978161
2.441928
2.578210
2.654624
2.493303
2.703556
2.280264
3.264138
2.505367
2.996460
2.752719
2.041756
2.696717
2.533335
2.625865
3.171023
2.938076
2.466546
2.838425
2.804859
2.870643
2.755113
2.937242
2.872257
3.030595
2.740924
2.279073
3.115455
2.620460
2.387589
2.647496
3.251921
1.930791
2.457909
2.647036
1.818056
2.264260
2.500475
2.464310
2.704814
2.256668
2.478122
2.601421
2.254644
2.701889
3.082130
2.468523
2.636740
2.553753
2.832239
2.432869
2.379431
2.653312
3.096718
1.826134
2.400110
2.649546
2.541630
2.621156


2.787656
2.483781
2.308721
2.331782
2.065115
2.707397
2.447887
2.263766
2.949359
1.924563
2.641040
2.558938
2.776272
3.073414
2.853594
2.454365
2.008207
2.326826
2.593789
3.189777
3.071531
2.958410
2.539356
2.406623
2.822531
2.422074
2.349363
2.253295
2.615612
2.668874
3.203119
2.234569
2.472264
2.688041
2.775433
2.250943
2.263546
2.725609
2.628023
2.539785
2.176596
2.432427
3.248322
3.098311
2.657438
2.457959
2.658425
2.571901
2.844978
2.193074
2.542259
2.138362
2.488499
2.306151
2.455141
2.789018
2.501991
2.478372
3.434925
2.110534
2.329256
3.718688
3.156230
2.506732


2.269275
1.943828
2.746449
2.539151
2.633689
2.773391
2.613182
2.103660
2.699069
2.331648
2.278124
2.401946
2.688232
2.406549
2.491532
2.337235
2.526444
2.578798
2.357377
2.997107
2.540368
2.440569
2.505856
3.153798
2.383356
2.484548
2.513691
3.025437
3.117827
2.271284
2.965817
2.759841
2.133331
2.362895
2.942861
2.859866
2.645872
2.400514
2.626564
2.446470
2.995920
2.874469
2.725508
2.836760
3.303990
2.441064
2.106076
2.436439
2.368977
3.126584
2.807033
2.949211
2.715784
3.305648
2.872356
3.018125
2.350898
2.440509
2.498722
2.598829
2.321737
2.794206
3.232802
2.395929


2.575485
2.528178
2.177299
3.044670
2.883670
2.537816
2.312432
2.386627
2.572153
2.013881
2.837214
2.532017
2.568977
2.663583
2.334727
2.599047
2.431629
2.055746
2.912509
3.347167
3.001313
3.347922
2.527919
2.650115
2.583695
2.470083
2.646184
3.107779
2.573621
2.675247
2.896721
2.710555
2.674456
2.885968
3.677105
2.971214
3.139502
2.554707
2.754751
2.554619
2.436934
2.888925
3.052486
2.524813
3.232995
2.164475
3.067370
2.004377
2.659677
2.477698
3.070778
2.361534
2.300925
2.542518
2.864884
2.851105
2.440876
1.973392
2.341619
2.398128
2.331193
2.503419
1.950050
2.542709


2.421958
2.618064
2.359296
2.956300
2.975482
2.353488
2.730730
2.197843
2.900182
2.200632
2.561910
2.437917
3.100588
2.645146
2.482243
2.621031
2.071223
2.757884
3.316006
2.166326
3.514138
2.165245
2.679497
2.845462
2.121559
2.225172
2.371956
2.908711
3.302514
2.779939
2.446913
2.851020
2.464884
2.437793
3.370411
2.415040
2.029035
2.509176
2.135576
2.716454
2.634861
2.375840
2.452325
3.176129
2.271577
2.805135
2.687437
2.615887
2.760766
2.587294
2.561387
3.174508
3.106262
3.690384
2.774608
2.523029
2.872174
2.774065
2.694778
2.952460
1.830135
2.765049
2.991814
2.129455


2.568754
2.072858
2.461434
2.694548
2.429340
2.622933
2.287465
2.589857
2.986205
2.678457
2.641556
2.804238
2.955700
2.579802
2.008713
2.906921
2.278704
3.039470
2.776444
3.036362
3.321326
2.696784
2.697458
2.629428
2.326461
2.932593
2.812711
2.821617
1.966052
2.172789
2.505817
2.702196
3.058489
2.841848
2.542824
2.061945
2.253806
2.622487
3.323773
2.661019
2.518094
2.355873
3.037355
3.267309
2.863191
3.006542
2.912832
2.873098
2.389861
2.326913
2.506282
2.190223
2.483707
2.469230
2.783677
2.795357
3.012345
3.125195
2.089369
2.814726
2.737674
3.184048
2.090301
2.482922


2.486229
3.106535
2.871689
2.432625
2.743206
2.247715
2.660463
2.378321
3.038124
2.854780
2.554334
1.922388
2.901213
2.509834
2.387882
2.707627
2.218357
2.522268
2.681265
2.535583
2.945079
2.689487
2.393484
3.209400
2.706870
2.707330
2.386596
2.750658
3.074819
2.163578
2.369390
2.696088
2.353596
2.801951
2.399041
2.206784
2.451889
2.581827
2.325772
2.939758
2.325769
2.508029
2.657170
3.093999
2.300884
2.600271
2.162613
2.558752
2.423232
2.459186
2.690884
2.754894
3.169208
2.472414
3.481415
2.782210
2.672367
2.641721
2.912714
3.166210
3.063822
3.011071
2.333849
2.482271


2.454357
3.380009
3.134536
2.806234
2.096374
2.769907
2.368666
2.452253
2.999855
2.833584
2.491738
2.843742
3.102506
2.250329
3.330120
2.217490
2.153288
2.625081
2.722335
2.713981
2.766145
2.239201
2.587899
2.666374
2.583289
2.388287
2.965857
2.852463
2.866173
3.358455
3.073367
2.365956
3.534923
2.344212
2.942282
2.699850
2.803732
2.551693
2.669340
2.769416
1.896365
2.844133
2.676971
2.699054
2.679020
2.693093
2.485578
2.504817
2.463449
2.115822
2.324590
2.962410
2.469135
2.368487
2.831888
2.312291
2.833114
2.788308
2.766623
2.148505
2.583425
2.481724
2.594203
2.362434


1.929287
2.088446
2.330284
2.920189
2.394525
3.110806
2.294267
2.170291
2.766730
2.458625
3.700321
2.660452
2.555229
2.605023
2.625551
3.700699
2.552373
2.478674
2.218319
2.784986
2.811340
2.647817
2.392160
2.668985
2.406386
3.264095
2.620723
2.012598
3.188794
2.879479
2.121562
3.119004
2.415280
2.799109
2.655383
2.819606
2.592774
3.192776
3.163314
2.768841
2.274841
2.777823
2.591468
2.167779
2.301365
2.481091
2.066441
2.359644
2.447118
2.441065
2.751767
2.597484
2.309903
2.934281
2.899705
2.133188
2.704370
2.818569
3.132396
2.482014
2.745588
2.845046
2.531784
2.716538


