1.139525
1.051418
0.973787
1.411803
1.471190
1.304081
1.230516
1.026620
1.282405
1.321505
1.004645
1.162535
1.201337
1.068148
1.157977
1.004628
1.174875
1.156053
1.189382
1.227331
1.037508
1.255689
1.158140
1.310550
1.189102
1.143264
1.101050
1.767374
0.990824
1.132937
0.944035
1.119435
1.238933
1.161377
1.045942
1.067226
1.356350
1.172308
1.026101
1.170958
1.044809
1.320962
0.931617
1.066229
1.094611
0.989295
1.028512
0.987487
1.162424
1.130273
1.320894
1.053884
1.158712
1.298022
1.136404
1.210464
1.077049
0.976134
1.135582
1.297690
1.257459
1.261534
1.121602
1.023234