1.158468
1.100194
1.181938
1.045917
1.305884
0.974103
1.342465
1.190055
1.086679
1.190949
1.395639
1.030183
1.120789
1.320047
1.189205
1.070021
1.161858
1.176433
1.244606
1.155845
1.077757
1.360485
1.256402
1.220126
1.267956
1.348661
0.990427
1.095290
1.059421
1.131022
1.072407
1.511477
1.281261
1.276184
0.844771
1.280742
1.241521
1.354572
1.046861
1.153559
1.059217
1.289828
1.105123
1.123665
1.271808
1.048433
1.168016
1.124585
1.217551
1.145078
1.634192
1.337598
0.971329
1.272906
1.181376
1.209922
1.228082
1.358810
1.103044
0.961856
1.126995
1.236859
1.485232
1.622041