1.254609
1.347654
1.159423
1.074824
1.317050
0.979649
1.180163
1.264743
1.268200
1.495058
1.319308
1.130955
1.182879
1.187679
0.908719
1.275017
1.467797
1.598554
1.380712
0.989828
1.289039
1.180616
1.219134
1.164115
1.095517
1.282281
1.111893
1.234429
1.049272
1.268515
1.098255
1.020532
1.466223
1.056842
1.397621
1.261624
1.048491
1.110195
1.293488
1.041339
1.052323
1.408000
0.955189
1.221482
1.204921
1.423436
1.016209
1.624164
1.291226
1.329780
1.178682
1.206957
0.992135
1.092932
1.280866
1.325270
1.085299
1.082684
1.116276
0.969501
1.020427
1.286356
1.162667
1.336201