1.272656
1.031150
1.357702
1.178295
1.067727
1.164119
0.968707
1.331826
0.970660
1.275428
1.212575
1.070754
1.044555
1.086233
1.106350
1.227105
1.157999
1.024639
0.924219
1.023641
1.139125
1.255454
1.155394
0.942303
1.021116
1.038428
1.253118
0.999267
1.046174
0.905379
0.947806
0.993408
1.105382
0.984977
1.106507
1.095299
1.084916
1.037376
0.983193
1.211197
1.200910
1.174838
1.097802
1.326657
1.383097
1.167688
1.028433
1.201494
0.976709
1.193641
1.220540
1.382183
1.092876
1.288506
1.012501
1.575569
1.402484
0.929770
1.015118
1.222103
1.044673
1.205652
0.904015
1.203185