1.021360
1.183141
0.991420
1.283859
1.095425
1.760606
1.116519
1.117634
1.127741
1.104168
0.963957
0.969395
1.263243
1.085102
1.245446
1.181806
1.164680
1.315197
1.041066
1.089789
1.295152
1.066354
1.165592
1.217805
1.223620
1.316357
1.052261
1.230044
1.105649
1.099068
0.967011
1.179591
1.345047
1.131130
1.077503
1.220227
1.293060
1.260070
1.241319
0.953068
1.272959
1.188870
1.149757
1.035404
1.038179
1.086330
1.159184
0.949501
0.905568
1.184220
1.086838
1.085647
1.148559
1.141327
0.913997
0.988954
1.204496
1.415919
1.144858
1.485931
1.062715
1.029986
1.220280
1.329798