1.176307
1.396922
0.935491
1.350151
0.954367
1.284099
1.374775
1.117604
1.326910
1.147364
1.046062
1.153498
1.238465
1.220950
1.080507
1.026827
1.031497
1.319161
1.113008
1.143196
1.169278
1.020373
1.131309
1.112091
1.096702
1.091449
1.120507
0.929041
1.212063
1.381191
1.187556
1.163765
1.312016
0.976332
1.061119
1.254155
1.147808
1.121974
1.008745
1.281760
1.248144
1.407456
1.217434
1.083708
1.174585
1.063476
1.096242
1.327440
1.003407
1.256661
1.148223
1.108405
1.498155
1.145348
1.066533
1.031125
0.899390
1.123073
1.086366
1.078955
1.136178
0.953345
0.936380
1.205895