1.007610
1.166034
1.156144
1.111483
1.086309
0.901883
0.901575
1.256390
1.190158
1.021258
1.219436
1.223172
1.041197
1.114088
1.155043
1.148603
1.102688
1.255259
1.056049
1.115068
1.174831
1.143032
1.018579
1.325139
1.093755
1.052376
1.262625
0.924273
0.971208
1.399836
1.107288
1.198605
1.235513
1.353320
1.078711
1.010190
1.195538
1.032565
1.134366
1.217796
1.389982
0.986758
1.243020
1.086223
1.206457
1.081457
1.019435
1.204729
1.103882
1.137673
1.012639
1.204091
1.183874
1.189872
1.434754
1.268390
1.243748
1.048355
1.045105
1.274361
1.250788
1.104339
1.213510
0.975410