0.876397
1.050410
1.372235
1.310776
1.116944
1.281234
1.050964
1.023983
0.952108
1.520228
0.952432
1.061190
1.208078
1.114019
1.109292
1.046791
1.389799
1.094713
1.030246
1.055521
1.024909
1.161545
1.036666
1.242310
1.565646
1.235359
1.222196
1.206149
1.142762
1.091898
1.016144
1.193736
1.198944
1.055993
1.220360
1.131552
1.064858
1.533088
1.211338
1.229431
1.217458
1.082895
1.053200
1.204447
1.277377
1.118476
1.247814
1.139083
1.036332
1.074415
1.395979
1.043435
1.157760
1.036586
1.321881
1.234967
1.334426
1.300322
1.380013
1.164154
1.115263
0.963586
1.534693
1.275715