1.150883
1.073603
1.335104
1.103204
1.197946
1.299101
1.465527
1.126411
1.150151
1.267335
1.004234
1.203011
1.139932
1.184751
1.111900
1.189551
1.246001
1.126755
1.323474
1.184602
1.059476
1.120444
1.121403
1.090553
1.105864
1.263774
1.058382
1.181848
1.097461
1.099866
1.067254
1.330495
1.346765
1.036681
1.045784
1.259271
1.106324
1.120828
1.239763
1.100119
1.137021
1.284113
1.149693
1.097523
1.097283
1.092692
1.023670
1.147962
1.134071
1.243166
1.046176
1.215870
1.208832
1.079653
1.297606
1.178581
1.069161
1.090447
1.113178
1.241788
1.125087
1.208762
0.953816
1.178460