1.020629
1.478885
1.022841
1.004870
1.050961
0.974506
1.244271
1.152276
1.299160
1.012716
1.172328
1.020014
1.379791
1.461315
1.157032
1.080533
1.455781
1.151475
1.400128
1.160361
1.013294
1.024765
1.085907
1.299781
1.202568
1.249674
1.300643
1.444333
1.153749
1.229259
1.027317
0.941369
1.555005
1.036353
1.260191
1.139399
1.075138
1.096681
1.237904
1.007134
1.226425
1.232119
0.901028
1.170149
1.200422
0.949947
0.941865
1.039623
1.172463
1.195715
1.438282
1.115234
1.163960
1.009145
1.151119
0.969406
1.221828
1.067833
1.052944
1.671408
1.180176
1.394251
0.876629
1.055109