1.139525
1.051418
0.973787
1.411803
1.471190
1.304081
1.230516
1.026620
1.282405
1.321505
1.004645
1.162535
1.201337
1.068148
1.157977
1.004628
1.174875
1.156053
1.189382
1.227331
1.037508
1.255689
1.158140
1.310550
1.189102
1.143264
1.101050
1.767374
0.990824
1.132937
0.944035
1.119435
1.238933
1.161377
1.045942
1.067226
1.356350
1.172308
1.026101
1.170958
1.044809
1.320962
0.931617
1.066229
1.094611
0.989295
1.028512
0.987487
1.162424
1.130273
1.320894
1.053884
1.158712
1.298022
1.136404
1.210464
1.077049
0.976134
1.135582
1.297690
1.257459
1.261534
1.121602
1.023234


1.254609
1.347654
1.159423
1.074824
1.317050
0.979649
1.180163
1.264743
1.268200
1.495058
1.319308
1.130955
1.182879
1.187679
0.908719
1.275017
1.467797
1.598554
1.380712
0.989828
1.289039
1.180616
1.219134
1.164115
1.095517
1.282281
1.111893
1.234429
1.049272
1.268515
1.098255
1.020532
1.466223
1.056842
1.397621
1.261624
1.048491
1.110195
1.293488
1.041339
1.052323
1.408000
0.955189
1.221482
1.204921
1.423436
1.016209
1.624164
1.291226
1.329780
1.178682
1.206957
0.992135
1.092932
1.280866
1.325270
1.085299
1.082684
1.116276
0.969501
1.020427
1.286356
1.162667
1.336201


1.272656
1.031150
1.357702
1.178295
1.067727
1.164119
0.968707
1.331826
0.970660
1.275428
1.212575
1.070754
1.044555
1.086233
1.106350
1.227105
1.157999
1.024639
0.924219
1.023641
1.139125
1.255454
1.155394
0.942303
1.021116
1.038428
1.253118
0.999267
1.046174
0.905379
0.947806
0.993408
1.105382
0.984977
1.106507
1.095299
1.084916
1.037376
0.983193
1.211197
1.200910
1.174838
1.097802
1.326657
1.383097
1.167688
1.028433
1.201494
0.976709
1.193641
1.220540
1.382183
1.092876
1.288506
1.012501
1.575569
1.402484
0.929770
1.015118
1.222103
1.044673
1.205652
0.904015
1.203185


1.021360
1.183141
0.991420
1.283859
1.095425
1.760606
1.116519
1.117634
1.127741
1.104168
0.963957
0.969395
1.263243
1.085102
1.245446
1.181806
1.164680
1.315197
1.041066
1.089789
1.295152
1.066354
1.165592
1.217805
1.223620
1.316357
1.052261
1.230044
1.105649
1.099068
0.967011
1.179591
1.345047
1.131130
1.077503
1.220227
1.293060
1.260070
1.241319
0.953068
1.272959
1.188870
1.149757
1.035404
1.038179
1.086330
1.159184
0.949501
0.905568
1.184220
1.086838
1.085647
1.148559
1.141327
0.913997
0.988954
1.204496
1.415919
1.144858
1.485931
1.062715
1.029986
1.220280
1.329798


1.176307
1.396922
0.935491
1.350151
0.954367
1.284099
1.374775
1.117604
1.326910
1.147364
1.046062
1.153498
1.238465
1.220950
1.080507
1.026827
1.031497
1.319161
1.113008
1.143196
1.169278
1.020373
1.131309
1.112091
1.096702
1.091449
1.120507
0.929041
1.212063
1.381191
1.187556
1.163765
1.312016
0.976332
1.061119
1.254155
1.147808
1.121974
1.008745
1.281760
1.248144
1.407456
1.217434
1.083708
1.174585
1.063476
1.096242
1.327440
1.003407
1.256661
1.148223
1.108405
1.498155
1.145348
1.066533
1.031125
0.899390
1.123073
1.086366
1.078955
1.136178
0.953345
0.936380
1.205895


1.007610
1.166034
1.156144
1.111483
1.086309
0.901883
0.901575
1.256390
1.190158
1.021258
1.219436
1.223172
1.041197
1.114088
1.155043
1.148603
1.102688
1.255259
1.056049
1.115068
1.174831
1.143032
1.018579
1.325139
1.093755
1.052376
1.262625
0.924273
0.971208
1.399836
1.107288
1.198605
1.235513
1.353320
1.078711
1.010190
1.195538
1.032565
1.134366
1.217796
1.389982
0.986758
1.243020
1.086223
1.206457
1.081457
1.019435
1.204729
1.103882
1.137673
1.012639
1.204091
1.183874
1.189872
1.434754
1.268390
1.243748
1.048355
1.045105
1.274361
1.250788
1.104339
1.213510
0.975410


0.876397
1.050410
1.372235
1.310776
1.116944
1.281234
1.050964
1.023983
0.952108
1.520228
0.952432
1.061190
1.208078
1.114019
1.109292
1.046791
1.389799
1.094713
1.030246
1.055521
1.024909
1.161545
1.036666
1.242310
1.565646
1.235359
1.222196
1.206149
1.142762
1.091898
1.016144
1.193736
1.198944
1.055993
1.220360
1.131552
1.064858
1.533088
1.211338
1.229431
1.217458
1.082895
1.053200
1.204447
1.277377
1.118476
1.247814
1.139083
1.036332
1.074415
1.395979
1.043435
1.157760
1.036586
1.321881
1.234967
1.334426
1.300322
1.380013
1.164154
1.115263
0.963586
1.534693
1.275715


1.352758
1.032713
1.009153
1.099834
1.390766
1.168376
1.155644
1.160313
0.991972
1.151513
1.411012
1.156221
1.375251
1.440173
1.627517
1.001438
1.230908
1.063938
1.214585
1.267102
1.315056
1.007508
1.036153
1.099772
1.301704
1.070648
1.250993
1.039487
1.272553
1.081748
1.070692
1.000059
1.232454
1.262890
1.123320
1.212671
1.302059
1.142558
1.090390
1.132586
1.288060
1.396291
1.389679
0.962311
1.157014
0.992525
1.067065
1.126054
1.220765
1.191744
0.891577
1.184381
1.088437
1.234515
0.968185
1.219775
1.385541
1.048803
1.018795
1.078528
1.308636
1.111708
1.069389
1.035660


1.020629
1.478885
1.022841
1.004870
1.050961
0.974506
1.244271
1.152276
1.299160
1.012716
1.172328
1.020014
1.379791
1.461315
1.157032
1.080533
1.455781
1.151475
1.400128
1.160361
1.013294
1.024765
1.085907
1.299781
1.202568
1.249674
1.300643
1.444333
1.153749
1.229259
1.027317
0.941369
1.555005
1.036353
1.260191
1.139399
1.075138
1.096681
1.237904
1.007134
1.226425
1.232119
0.901028
1.170149
1.200422
0.949947
0.941865
1.039623
1.172463
1.195715
1.438282
1.115234
1.163960
1.009145
1.151119
0.969406
1.221828
1.067833
1.052944
1.671408
1.180176
1.394251
0.876629
1.055109


1.158468
1.100194
1.181938
1.045917
1.305884
0.974103
1.342465
1.190055
1.086679
1.190949
1.395639
1.030183
1.120789
1.320047
1.189205
1.070021
1.161858
1.176433
1.244606
1.155845
1.077757
1.360485
1.256402
1.220126
1.267956
1.348661
0.990427
1.095290
1.059421
1.131022
1.072407
1.511477
1.281261
1.276184
0.844771
1.280742
1.241521
1.354572
1.046861
1.153559
1.059217
1.289828
1.105123
1.123665
1.271808
1.048433
1.168016
1.124585
1.217551
1.145078
1.634192
1.337598
0.971329
1.272906
1.181376
1.209922
1.228082
1.358810
1.103044
0.961856
1.126995
1.236859
1.485232
1.622041


