1.189726
1.273577
1.137981
1.150056
1.186294
1.226611
1.119195
1.131536
1.105293
1.061532
1.179398
1.101502
1.216580
1.243382
1.163954
1.215648
1.125438
1.177953
1.321720
1.256795
1.250106
1.190965
1.139171
1.145283
1.083726
1.186821
1.194767
1.279530
1.031904
1.183830
1.076120
1.089763
1.175931
1.202598
1.050594
1.115979
1.196467
1.184880
1.136703
1.199980
1.186704
1.232389
1.058681
1.118695
1.241605
1.143569
1.103044
1.195370
1.286427
1.333372
1.139803
1.087836
1.165840
0.997775
1.254637
1.165311
0.994391
1.371122
1.074714
1.136257
1.190121
1.110658
1.242718
1.165375


1.243115
1.261266
1.175478
1.360351
1.196526
1.213089
1.158943
1.208725
1.133580
1.353001
1.180040
1.178843
1.128275
1.124215
1.203724
1.110528
1.140355
1.101808
1.302901
1.194429
1.150471
1.219430
1.250630
1.162910
1.086583
1.170051
1.203709
1.306048
1.172169
1.134514
1.196684
1.159271
1.167406
1.224271
1.122177
1.096972
1.322517
1.251994
1.199677
1.191824
1.132576
1.238070
1.229851
1.043748
1.129722
1.105404
1.213225
1.257709
1.048985
1.157485
1.077930
1.151650
1.085135
1.154982
1.106617
1.235961
1.193260
1.232217
1.150854
1.129670
1.309284
1.205889
1.111504
1.192981


1.198502
1.145455
1.139975
1.078779
1.099827
1.038518
1.013394
1.064776
1.213792
1.161795
1.190768
1.220478
1.085780
1.142797
1.267237
1.179930
1.250998
1.180496
1.193136
1.204034
1.123634
1.001112
1.131517
1.129193
1.085283
1.377600
1.099993
1.207276
1.068214
1.155805
1.136686
1.092483
1.231863
1.052831
1.183672
1.106723
1.231899
1.052303
1.159179
1.270669
1.196121
1.229824
1.189634
1.115732
1.107774
1.103600
1.164494
1.143391
1.109559
1.225295
1.094327
1.126777
1.091393
1.148186
1.198980
1.273101
1.178334
1.183968
1.087545
1.202681
1.348647
1.205997
1.226857
1.204054


1.118989
1.238388
1.095906
1.172630
1.162695
1.202265
1.134139
1.227539
1.135607
1.028131
1.099710
1.199313
1.198268
1.180225
1.141082
1.145882
1.164360
1.099283
1.244974
1.222984
1.131935
1.061685
1.123326
1.146259
1.058935
1.175916
1.174546
1.307993
1.116554
1.098415
1.277318
1.183844
1.122055
1.196597
1.124604
1.153671
1.230225
1.138528
1.137745
1.156287
1.262116
1.090264
1.156491
1.139105
1.134410
1.088548
1.182987
1.092244
1.311724
1.108880
1.247751
1.289598
1.133946
1.184288
1.191426
1.158022
1.153488
1.307422
1.191173
1.111385
1.178943
1.250473
1.146510
1.201280


1.157217
1.229807
1.170204
1.125792
1.149090
1.110363
1.177066
1.143820
1.263628
1.138605
1.241871
1.041506
1.066100
1.133809
1.267242
1.130933
1.106709
1.156797
1.129861
1.140397
1.121153
1.124308
1.037909
1.234262
1.008222
1.119058
1.132181
1.153966
1.134357
1.224036
1.109239
1.214477
1.114999
1.301514
1.089316
1.172866
1.100750
1.198721
1.160584
1.207187
1.225349
1.205768
1.114791
1.229859
1.166149
1.294136
1.187407
1.193377
1.171741
1.173148
1.202880
1.264422
1.183742
1.214207
1.186889
1.068495
1.144893
1.205151
1.155750
1.134534
1.334613
1.026586
1.149782
1.092404


1.108870
1.071918
1.160373
1.108165
1.175174
1.094972
1.253881
1.122832
1.171153
1.121410
1.133211
1.234758
1.176544
1.138616
1.148555
1.180695
1.240881
1.185999
1.178638
1.190027
1.163658
1.083851
1.207932
1.161785
1.119607
1.212890
1.199962
1.232151
1.121552
1.174185
1.138541
1.067618
1.117244
1.082696
1.188290
1.161773
1.293028
1.190430
1.207433
1.137288
1.259116
1.224966
1.130270
1.196869
1.271523
1.080869
1.075543
1.123691
1.164978
1.126915
1.289083
1.180459
1.115432
1.204242
1.160364
1.083075
1.104822
1.100238
1.175574
1.151636
1.200221
1.113195
1.235274
1.211815


1.141486
1.173769
1.092903
1.138657
1.121356
1.274521
1.106948
1.237006
1.167591
1.181010
1.152734
1.267772
1.247798
1.097087
1.171081
1.041510
1.265438
1.118537
1.130496
1.102649
1.221567
1.159355
1.340843
1.178291
1.195632
1.278911
1.169282
1.176820
1.157115
1.205884
1.108884
1.187049
1.262978
1.229705
1.104141
1.222389
1.133019
1.165506
1.196082
1.146570
1.227403
1.272675
1.299999
1.170385
1.110127
1.210297
1.054393
1.147674
1.081664
1.275184
1.077544
1.165378
1.073687
1.205082
1.208806
1.272647
1.186742
1.267762
1.324485
1.157010
1.267678
1.269588
1.148464
1.101558


1.172018
1.139589
1.413965
1.128472
1.139882
1.181222
1.142283
1.199223
1.243424
1.113801
1.117977
1.121994
1.147552
1.116744
1.251744
1.175634
1.103622
1.159182
1.213328
1.074460
1.092973
1.124481
1.146024
1.219940
1.211627
1.084916
1.135221
1.195405
1.059787
1.134324
1.216047
1.174675
1.053635
1.186075
1.219536
1.099955
1.283594
1.136132
1.121367
1.230935
1.200880
1.114173
1.219410
1.189190
1.043174
1.084740
1.131647
1.206364
1.134271
1.178677
1.149844
1.134559
1.208991
1.058822
1.286161
1.180902
1.173058
1.101781
1.089953
1.132271
1.215967
1.177013
1.257960
1.148790


1.111054
1.143666
1.232658
1.292531
1.076702
1.287277
1.152979
1.175591
1.120727
1.071556
1.172124
1.118571
1.248213
1.158656
1.229216
1.258311
1.196730
1.128395
1.138504
1.260890
1.308810
1.257761
1.146255
1.124271
1.143033
1.207622
1.267446
1.099932
1.108346
1.119984
1.137957
1.202638
1.164972
1.247183
1.277002
1.149082
1.210244
1.176783
1.222342
1.251757
1.172547
1.125763
1.238563
1.165838
1.193740
1.179674
1.041758
1.209217
1.146276
1.131384
1.224571
1.243287
1.009703
1.119659
1.136701
1.235314
1.092499
1.159830
1.192250
1.233395
1.174426
1.174285
1.127333
1.080014


1.156427
1.149299
1.262514
1.148597
1.250756
1.138643
1.246757
1.193716
1.142515
1.176078
1.271856
1.236807
1.264395
1.325584
1.233176
1.206812
1.047388
1.222371
1.254155
1.284010
1.197280
1.207520
1.143688
1.198446
1.203650
1.108226
1.166469
1.172441
1.198946
1.167778
1.160950
1.219152
1.165751
1.221497
1.126042
1.102258
1.213612
1.154202
1.185363
1.165689
1.254105
1.163870
1.187800
1.202390
1.185792
1.238843
1.153501
1.151144
1.135107
1.330555
1.197038
1.215284
1.119395
1.137236
1.198533
1.110374
1.031942
1.120707
1.157134
1.179502
1.215400
1.199200
1.156973
1.174599


