1.533746
1.964288
1.755549
1.646801
1.545647
1.663023
1.340287
1.542996
1.900641
1.975390
1.816390
1.703588
1.638147
1.621373
1.726726
1.517580
1.478142
1.328015
1.431864
1.545306
1.756970
1.438559
1.487928
1.512659
2.038340
1.967026
2.091287
1.785952
1.514736
1.720233
1.517066
1.854006
1.559126
1.356167
1.405304
1.984223
1.561127
1.347570
1.760284
1.484969
1.627677
2.108220
1.664084
1.275985
1.574635
1.356375
1.350223
1.690371
1.626168
1.499702
2.229212
1.611384
1.554292
1.758450
1.278149
1.597685
1.515175
1.920051
1.715192
1.507176
1.610027
1.464593
2.101032
1.427430