1.337835
1.411841
1.504424
1.405707
1.910920
1.651306
1.845517
1.408598
1.607281
1.475958
1.676722
1.469269
1.762947
1.759269
1.722878
1.433949
1.662985
1.519072
1.617283
1.910377
1.803496
1.596175
2.066099
1.639909
1.533645
1.920282
1.453152
2.169306
1.846451
1.437084
1.690747
1.772625
1.533323
1.558920
2.000804
1.243674
1.723531
1.390167
2.101127
1.643844
1.404829
2.054211
1.843128
1.536620
1.648230
1.652088
1.514084
1.552565
1.718176
1.439577
1.466791
1.436986
1.622844
1.798415
1.525982
1.433669
1.418115
1.606792
1.604025
1.357468
1.618937
2.053829
1.556412
1.829713