1.702922
2.038347
1.732863
1.804998
1.487017
1.637935
1.941948
1.830556
2.065238
1.825211
1.591077
1.573707
1.945518
1.563940
1.622384
1.758101
1.548492
1.631954
1.810088
1.797292
1.592100
1.557229
1.467206
1.897988
1.806364
1.513489
1.858059
1.620026
1.777657
1.360263
1.765691
1.797329
1.648490
1.913591
1.523561
1.407371
1.735514
1.524537
1.601418
1.521432
2.116018
1.950243
1.650616
1.555280
1.651960
1.513867
1.455894
1.481703
1.519797
1.661192
1.930606
1.475188
1.753344
1.935143
1.479701
1.693265
1.766138
1.410644
1.631732
1.461858
1.650760
1.964699
1.539281
1.586067