1.519224
1.991812
1.401770
1.582401
1.358459
1.711540
1.702308
1.520661
1.714243
1.595893
1.127532
1.712439
1.162099
1.413797
2.112737
1.736446
1.638099
1.724763
1.482615
2.437682
1.519828
1.481781
1.730615
2.083141
1.828701
1.503912
1.622505
1.360873
1.567093
1.622061
1.536547
1.870206
1.498686
2.300247
1.855343
1.537853
1.966418
1.735350
1.617521
1.658151
1.748617
1.732569
1.563974
1.372818
1.533054
1.303647
1.412166
1.696854
1.580552
1.588628
2.016398
1.472703
1.675222
1.579232
1.592928
1.798501
1.354118
1.696350
1.619212
1.609357
1.638094
1.602740
1.437027
1.650725