1.608017
1.563218
1.558167
1.765492
1.570444
1.655448
1.531789
1.636668
1.433931
1.455767
1.531707
1.444728
1.425980
1.768314
1.904872
1.562122
1.785848
1.564578
1.401691
1.522101
1.628488
1.663945
1.577505
1.555483
1.591775
1.574202
1.903951
1.542793
1.532848
1.858848
1.845524
1.601018
1.399350
1.389832
2.104249
1.416048
1.539758
1.592157
1.840125
1.802940
1.437700
1.702599
1.489095
1.631716
1.500067
1.474003
1.564445
1.640198
1.704210
1.790672
1.738292
1.493273
1.801663
2.105246
1.757171
1.624639
1.783522
1.696438
1.563311
2.066064
1.775753
1.486600
1.595575
1.754207