1.701705
1.632256
1.491012
1.616453
1.476879
1.880501
1.771702
1.975269
1.744113
1.697086
1.735814
1.617648
1.810178
1.612230
1.681580
1.541508
1.516103
1.493508
1.447586
1.666584
1.755244
1.557118
1.439489
1.539004
1.704262
1.652205
1.625828
1.562863
1.884621
1.412110
1.764426
1.547703
1.682894
1.637941
1.831611
1.704565
1.625961
1.554717
1.655785
1.787003
1.983388
1.846604
1.988271
1.649654
1.917049
1.619034
1.729536
1.626149
1.542627
1.744780
1.839664
1.700944
1.561653
1.886906
1.384016
1.836143
1.744314
1.673193
1.656917
1.677328
1.637135
1.777770
1.839585
1.877286