1.500410
1.331885
1.479308
2.047409
1.504392
1.518013
1.493242
1.499888
1.583139
1.323826
1.534247
1.247286
1.571726
1.688423
2.022943
1.187421
1.957784
2.093523
1.688276
1.448699
1.666059
1.260731
1.666545
1.620665
1.795425
1.929418
1.490778
1.365864
2.022717
1.537495
1.553969
2.225664
1.570439
1.968677
2.003772
1.148044
1.294877
1.404554
1.322005
1.588329
1.615044
2.218358
1.516169
1.530053
1.965648
1.492929
1.437640
2.192578
1.763449
1.537630
1.925266
2.171947
1.304326
1.481610
2.119376
1.940851
1.526384
1.645739
1.626591
1.672714
1.704910
1.478843
1.755246
1.569575