1.143544
1.708135
1.652544
1.317331
1.446171
1.724150
1.394198
1.564551
1.396378
1.497883
1.842787
1.558273
1.360369
1.508875
1.397056
1.560566
1.964793
1.779426
1.588876
1.834552
2.031366
1.221241
1.640267
1.532651
1.973932
1.817512
1.307403
1.852360
1.629560
1.761661
1.812047
1.896797
1.927359
1.525452
1.715332
1.776915
1.542835
1.692942
1.830714
1.309168
1.443702
1.506522
1.773951
1.942826
1.354327
1.590777
1.816404
1.456039
1.863382
1.710006
1.783730
1.578268
1.514293
1.851842
1.578877
1.865524
1.613560
1.349053
1.490678
1.719518
1.815708
1.871861
1.595300
1.428694