1.399753
1.428910
1.630940
1.446630
2.077218
1.778601
1.736197
1.612635
1.791292
1.298080
1.809894
1.553066
1.427256
1.429298
1.661657
1.486551
1.546191
1.924048
1.741401
1.792026
1.856565
1.510799
1.438423
1.499106
1.900609
1.524103
1.392830
1.600763
1.547717
1.880141
1.533332
1.511665
1.350317
1.666696
1.798140
1.478422
1.711282
1.952421
1.560951
1.658542
1.210759
1.764265
2.058943
1.143760
1.413123
1.451083
1.440153
1.553363
1.745120
1.911820
1.380415
1.607810
1.578447
1.724390
1.585936
1.473552
1.713603
1.759583
1.375318
1.530815
1.859199
1.509651
1.531324
1.571317