1.469350
1.619183
1.876880
1.783912
2.048445
1.687389
2.071071
1.522097
1.423374
1.787202
1.649296
1.726846
1.511761
1.679311
1.909182
1.813608
1.361742
1.612805
1.710268
1.499590
1.587763
1.682056
1.353697
1.753100
1.714635
1.512497
1.399058
1.744218
1.679403
1.708912
1.686504
1.587646
1.902311
1.641267
1.645556
1.455390
1.827284
2.036653
1.980843
1.718920
1.630768
1.664924
1.577739
1.571294
1.672153
1.548928
1.663163
1.462510
1.575330
1.482531
1.523385
1.605771
1.668490
1.489285
1.459254
1.991375
1.572514
1.628989
1.701198
1.588580
1.666949
1.801178
1.766955
1.733926