1.533746
1.964288
1.755549
1.646801
1.545647
1.663023
1.340287
1.542996
1.900641
1.975390
1.816390
1.703588
1.638147
1.621373
1.726726
1.517580
1.478142
1.328015
1.431864
1.545306
1.756970
1.438559
1.487928
1.512659
2.038340
1.967026
2.091287
1.785952
1.514736
1.720233
1.517066
1.854006
1.559126
1.356167
1.405304
1.984223
1.561127
1.347570
1.760284
1.484969
1.627677
2.108220
1.664084
1.275985
1.574635
1.356375
1.350223
1.690371
1.626168
1.499702
2.229212
1.611384
1.554292
1.758450
1.278149
1.597685
1.515175
1.920051
1.715192
1.507176
1.610027
1.464593
2.101032
1.427430


1.789291
1.828878
1.578926
2.085814
2.067335
1.701561
1.812423
1.734225
2.119257
1.325021
1.620767
1.423368
1.552035
1.490979
2.207979
1.598771
1.982816
1.758621
1.696067
1.925625
2.790051
1.419392
1.923429
1.956343
1.801648
1.363979
1.473335
1.687329
1.364777
1.690359
1.689950
2.237427
1.668412
1.673616
1.499219
1.816787
1.495766
1.667484
1.718763
1.595187
1.721583
1.505957
1.531154
1.735676
1.641198
1.601096
2.260210
1.490425
1.997754
1.661711
1.534309
1.447090
1.556515
1.621443
1.418132
1.541280
1.695544
1.868852
2.039340
1.923090
1.607714
1.619722
1.358335
1.425408


1.519224
1.991812
1.401770
1.582401
1.358459
1.711540
1.702308
1.520661
1.714243
1.595893
1.127532
1.712439
1.162099
1.413797
2.112737
1.736446
1.638099
1.724763
1.482615
2.437682
1.519828
1.481781
1.730615
2.083141
1.828701
1.503912
1.622505
1.360873
1.567093
1.622061
1.536547
1.870206
1.498686
2.300247
1.855343
1.537853
1.966418
1.735350
1.617521
1.658151
1.748617
1.732569
1.563974
1.372818
1.533054
1.303647
1.412166
1.696854
1.580552
1.588628
2.016398
1.472703
1.675222
1.579232
1.592928
1.798501
1.354118
1.696350
1.619212
1.609357
1.638094
1.602740
1.437027
1.650725


1.491769
1.473801
1.935580
1.757999
1.241219
1.440965
1.700364
1.828326
1.690298
1.704482
1.716431
1.424749
1.571642
1.491521
1.891139
1.699955
1.322535
1.484043
1.729663
1.488439
1.413436
1.455616
1.685030
1.300361
1.297401
1.920937
1.154247
1.368301
1.548562
1.466914
1.386991
1.485307
1.695281
1.705398
1.640199
2.305245
1.870566
1.454470
1.624046
1.703193
1.858484
1.686605
1.504098
1.581782
1.697825
1.181646
1.268902
1.544174
1.611090
1.657074
1.606147
1.353657
1.790006
1.734193
1.607819
1.588878
1.543693
1.574799
1.449059
1.607675
1.652825
1.379625
1.588625
1.880562


1.898680
1.583782
1.700930
1.621108
1.493433
1.734565
1.257261
1.464733
1.738948
1.493066
1.467394
1.548872
1.761803
2.112199
1.486810
1.751857
1.869013
1.976468
1.731603
2.110965
1.566102
1.849198
2.008871
1.456324
1.363159
2.184590
1.468761
1.686449
1.556936
1.654435
1.733257
1.876950
1.435763
1.761377
1.634969
1.895424
1.372386
1.523216
1.521920
1.465422
1.364320
1.748192
1.601266
1.351238
1.605685
1.382621
1.267101
1.347275
2.134216
2.243691
1.422655
1.475952
1.688892
1.411749
1.408081
1.506722
1.330427
1.858407
1.353861
1.915375
1.587189
1.376018
1.652747
1.701399


1.500410
1.331885
1.479308
2.047409
1.504392
1.518013
1.493242
1.499888
1.583139
1.323826
1.534247
1.247286
1.571726
1.688423
2.022943
1.187421
1.957784
2.093523
1.688276
1.448699
1.666059
1.260731
1.666545
1.620665
1.795425
1.929418
1.490778
1.365864
2.022717
1.537495
1.553969
2.225664
1.570439
1.968677
2.003772
1.148044
1.294877
1.404554
1.322005
1.588329
1.615044
2.218358
1.516169
1.530053
1.965648
1.492929
1.437640
2.192578
1.763449
1.537630
1.925266
2.171947
1.304326
1.481610
2.119376
1.940851
1.526384
1.645739
1.626591
1.672714
1.704910
1.478843
1.755246
1.569575


1.143544
1.708135
1.652544
1.317331
1.446171
1.724150
1.394198
1.564551
1.396378
1.497883
1.842787
1.558273
1.360369
1.508875
1.397056
1.560566
1.964793
1.779426
1.588876
1.834552
2.031366
1.221241
1.640267
1.532651
1.973932
1.817512
1.307403
1.852360
1.629560
1.761661
1.812047
1.896797
1.927359
1.525452
1.715332
1.776915
1.542835
1.692942
1.830714
1.309168
1.443702
1.506522
1.773951
1.942826
1.354327
1.590777
1.816404
1.456039
1.863382
1.710006
1.783730
1.578268
1.514293
1.851842
1.578877
1.865524
1.613560
1.349053
1.490678
1.719518
1.815708
1.871861
1.595300
1.428694


1.399753
1.428910
1.630940
1.446630
2.077218
1.778601
1.736197
1.612635
1.791292
1.298080
1.809894
1.553066
1.427256
1.429298
1.661657
1.486551
1.546191
1.924048
1.741401
1.792026
1.856565
1.510799
1.438423
1.499106
1.900609
1.524103
1.392830
1.600763
1.547717
1.880141
1.533332
1.511665
1.350317
1.666696
1.798140
1.478422
1.711282
1.952421
1.560951
1.658542
1.210759
1.764265
2.058943
1.143760
1.413123
1.451083
1.440153
1.553363
1.745120
1.911820
1.380415
1.607810
1.578447
1.724390
1.585936
1.473552
1.713603
1.759583
1.375318
1.530815
1.859199
1.509651
1.531324
1.571317


1.482913
1.391420
1.916193
1.426073
1.448021
2.088029
1.768251
1.738727
1.760650
1.845074
2.361193
1.652728
1.551592
1.863188
2.581347
1.375227
1.625650
1.476759
1.560959
1.228788
2.107482
1.593357
1.655041
1.614820
1.621621
1.902224
1.358280
1.517615
1.894757
1.414362
2.058960
1.849423
1.604427
2.037947
1.643759
1.442363
1.416876
1.473093
1.722737
1.739846
1.643810
1.548633
1.374429
1.653771
1.824115
1.334274
1.364522
1.896016
1.544427
1.315804
1.318126
1.658974
2.058207
1.626819
1.738862
1.541161
1.492279
1.360892
1.400858
1.417253
2.020132
1.691122
1.549689
1.746940


1.337835
1.411841
1.504424
1.405707
1.910920
1.651306
1.845517
1.408598
1.607281
1.475958
1.676722
1.469269
1.762947
1.759269
1.722878
1.433949
1.662985
1.519072
1.617283
1.910377
1.803496
1.596175
2.066099
1.639909
1.533645
1.920282
1.453152
2.169306
1.846451
1.437084
1.690747
1.772625
1.533323
1.558920
2.000804
1.243674
1.723531
1.390167
2.101127
1.643844
1.404829
2.054211
1.843128
1.536620
1.648230
1.652088
1.514084
1.552565
1.718176
1.439577
1.466791
1.436986
1.622844
1.798415
1.525982
1.433669
1.418115
1.606792
1.604025
1.357468
1.618937
2.053829
1.556412
1.829713


