1.806098
1.584913
1.523769
1.853692
1.863610
1.582293
1.463812
1.419331
1.660768
1.513865
2.102952
1.685231
1.727917
1.438969
1.688356
1.561304
1.726490
1.576413
1.465687
1.548085
1.871003
1.638304
1.462000
1.695375
1.656570
1.703093
1.463898
1.592017
1.335037
1.821749
1.488079
1.378628
1.601393
1.336330
1.681834
1.620050
1.561178
1.542054
1.614326
1.401518
1.676898
1.943425
1.773649
1.581854
1.944757
1.718963
1.400633
2.062660
1.315089
1.791345
1.684909
1.614003
1.497285
1.513957
1.860595
1.569120
1.822034
1.584746
1.663623
1.445168
1.477819
1.666861
1.618255
1.651448


1.702922
2.038347
1.732863
1.804998
1.487017
1.637935
1.941948
1.830556
2.065238
1.825211
1.591077
1.573707
1.945518
1.563940
1.622384
1.758101
1.548492
1.631954
1.810088
1.797292
1.592100
1.557229
1.467206
1.897988
1.806364
1.513489
1.858059
1.620026
1.777657
1.360263
1.765691
1.797329
1.648490
1.913591
1.523561
1.407371
1.735514
1.524537
1.601418
1.521432
2.116018
1.950243
1.650616
1.555280
1.651960
1.513867
1.455894
1.481703
1.519797
1.661192
1.930606
1.475188
1.753344
1.935143
1.479701
1.693265
1.766138
1.410644
1.631732
1.461858
1.650760
1.964699
1.539281
1.586067


1.674905
1.502969
1.422919
1.740654
1.369890
1.363347
1.604136
1.523873
1.552460
1.971948
1.498559
1.552323
1.684814
1.743236
1.828155
1.698405
1.587302
1.604924
1.361608
1.676845
1.604625
1.740469
1.871392
1.455713
1.422731
1.790304
1.520194
1.754476
1.531018
1.581945
1.723942
1.793336
1.555676
1.649802
1.575690
1.735507
1.567522
1.446155
1.576178
1.393806
1.750946
1.749472
1.695243
1.787473
1.731863
1.623135
1.405993
1.534464
1.622162
1.820325
1.482515
1.734842
1.770473
1.453622
1.835772
1.789687
1.396620
1.681981
1.785227
1.666573
1.545499
1.597484
1.801727
1.505432


1.608017
1.563218
1.558167
1.765492
1.570444
1.655448
1.531789
1.636668
1.433931
1.455767
1.531707
1.444728
1.425980
1.768314
1.904872
1.562122
1.785848
1.564578
1.401691
1.522101
1.628488
1.663945
1.577505
1.555483
1.591775
1.574202
1.903951
1.542793
1.532848
1.858848
1.845524
1.601018
1.399350
1.389832
2.104249
1.416048
1.539758
1.592157
1.840125
1.802940
1.437700
1.702599
1.489095
1.631716
1.500067
1.474003
1.564445
1.640198
1.704210
1.790672
1.738292
1.493273
1.801663
2.105246
1.757171
1.624639
1.783522
1.696438
1.563311
2.066064
1.775753
1.486600
1.595575
1.754207


1.701705
1.632256
1.491012
1.616453
1.476879
1.880501
1.771702
1.975269
1.744113
1.697086
1.735814
1.617648
1.810178
1.612230
1.681580
1.541508
1.516103
1.493508
1.447586
1.666584
1.755244
1.557118
1.439489
1.539004
1.704262
1.652205
1.625828
1.562863
1.884621
1.412110
1.764426
1.547703
1.682894
1.637941
1.831611
1.704565
1.625961
1.554717
1.655785
1.787003
1.983388
1.846604
1.988271
1.649654
1.917049
1.619034
1.729536
1.626149
1.542627
1.744780
1.839664
1.700944
1.561653
1.886906
1.384016
1.836143
1.744314
1.673193
1.656917
1.677328
1.637135
1.777770
1.839585
1.877286


1.457144
1.681740
1.480696
1.505424
1.348932
1.898609
1.558368
1.803125
1.437813
1.685608
1.707471
1.713518
1.796233
1.741478
1.565412
1.336487
1.829272
1.623427
1.733739
1.800773
1.745455
1.629497
1.997181
1.546903
1.726535
1.613920
1.538347
1.476729
1.823212
1.510600
1.476575
1.844807
1.445747
1.670873
1.646168
1.736252
1.499961
1.563206
1.614926
1.627273
1.564851
1.708166
1.321025
1.662191
1.582017
1.632730
1.855000
1.520681
1.575987
1.542592
1.494473
1.647421
1.610042
1.578299
1.754539
1.713941
1.618590
1.825996
1.653332
1.678024
1.728452
1.604716
1.595304
1.588340


1.479914
1.438438
1.563316
1.489416
1.627770
1.443950
1.722632
1.715287
1.734195
1.703416
1.654511
1.697777
1.900494
1.683473
1.634856
1.755671
1.358709
1.842340
1.594404
1.672164
1.672326
1.713305
1.697861
1.502996
1.681548
1.655685
1.700178
1.592809
1.970018
1.519615
1.544923
1.543620
1.499399
2.014140
1.640095
1.810673
1.820457
1.649777
1.382156
1.402154
1.462242
1.494524
1.539915
1.703732
1.821526
1.538298
1.662735
1.725153
1.725651
1.778679
1.689275
1.563195
1.670217
1.857452
1.520195
1.488494
1.627769
1.742676
1.645079
1.594451
1.881461
1.834271
1.649680
1.777163


1.533649
1.673681
1.782710
1.591769
1.658884
1.477565
1.515044
1.824685
1.740002
1.605512
1.492002
1.640634
1.577961
1.497862
1.699216
1.763293
1.498393
1.626902
1.438757
1.613642
1.611388
1.667580
1.535617
1.703474
1.600441
1.594996
1.566042
1.567878
1.602067
1.677515
1.589093
1.700904
1.498285
1.642287
1.581243
1.490669
1.660946
1.963060
1.406773
1.526199
1.488965
1.571519
1.854911
1.673513
1.690937
1.486811
1.663693
1.608490
1.538930
1.485675
1.827111
1.611089
1.705395
1.642277
1.746765
1.636278
1.535556
1.804346
1.944934
1.494435
1.698159
1.903932
1.486355
1.847331


1.440742
1.694631
1.826823
1.862789
1.909407
2.092891
1.540564
1.440763
1.778633
1.637816
1.619421
1.684685
1.795878
1.846072
1.544482
1.522444
1.699589
1.503832
1.568464
1.654529
1.390560
1.773736
1.632512
1.410721
1.759196
1.607402
1.728708
1.732069
1.684412
1.866556
1.500066
1.595086
1.701389
2.036228
1.860190
1.756190
1.658524
1.732484
1.569221
1.464299
1.700914
1.572070
1.461740
1.608601
1.480744
1.505775
1.592236
1.674220
1.450414
1.819026
1.671793
1.620371
1.592477
1.743716
1.616900
1.800735
1.729881
1.734528
1.682782
1.656984
1.581375
1.448674
1.756445
1.839725


1.413695
1.673915
1.671379
1.509617
1.630669
1.720586
1.614101
1.630034
1.793454
1.757389
1.628557
1.901148
1.787760
1.567185
1.647941
1.715072
1.687864
1.719016
1.607221
1.638446
1.460177
1.502258
1.616935
1.574075
1.477985
1.817799
1.759087
1.478657
1.684856
1.595351
1.521327
1.425908
1.567043
1.619157
1.794266
1.716620
1.495287
1.804643
1.629100
1.588903
1.863758
1.757591
1.648950
1.689245
1.683051
1.563803
1.480284
1.780703
1.392004
1.450686
1.730900
1.845410
1.636920
1.408059
1.576590
1.668163
1.684851
2.028029
1.574172
1.571501
1.898185
1.558764
1.530387
2.186292


