alpha = 0.5
06 0.539459 0.545725 0.549087 0.535034 0.078725
07 0.645568 0.640247 0.640872 0.624962 0.091742 
08 0.718426 0.722649 0.740033 0.713626 0.104981
09 0.794464 0.830568 0.811054 0.800644 0.117331
10 0.896684 0.894283 0.928219 0.890877 0.129918  
11 0.995716 0.982219 0.974416 0.977301 0.141422
12 0.999290 0.994507 0.974642 0.974117 0.143312
13 0.991379 0.999841 0.996060 0.989148 0.143483

alpha =1.5
13 0.581249 0.598913 0.582157 0.577501 0.084874
14 0.643155 0.630188 0.632899 0.636000 0.090829
15 0.669480 0.668723 0.685700 0.675952 0.096928
16 0.710267 0.733011 0.727268 0.713491 0.104383
17 0.769204 0.772666 0.771969 0.746125 0.110765
18 0.808799 0.814836 0.813391 0.816793 0.116930
19 0.853394 0.849017 0.853363 0.852466 0.123373
20 0.889390 0.892075 0.911906 0.888710 0.129954
21 0.944546 0.943441 0.945751 0.946383 0.136795
22 0.982787 0.976771 0.978850 0.991418 0.142026
23 0.987263 0.992586 0.997780 0.999659 0.144607
