1.584362
1.620472
1.706294
1.658621
1.702425
1.557196
1.613305
1.573470
1.443443
1.653799
1.637788
1.707986
1.612347
1.671949
1.579635
1.655457
1.707427
1.537888
1.673479
1.529140
1.636082
1.605091
1.664855
1.648961
1.634946
1.742323
1.654236
1.591878
1.558088
1.524912
1.652279
1.766448
1.684594
1.755100
1.573353
1.687066
1.629812
1.532280
1.621525
1.913734
1.874901
1.685577
1.572098
1.652953
1.713564
1.699831
1.788998
1.749364
1.650916
1.795675
1.823727
1.758326
1.682165
1.704525
1.698264
1.716048
1.878390
1.528143
1.713815
1.644643
1.672854
1.585035
1.598789
1.626285
1.479825
1.576548
1.587126
1.682301
1.435933
1.555745
1.618095
1.549593
1.613395
1.562251
1.588743
1.661214
1.706945
1.646286
1.648530
1.419374
1.725524
1.755516
1.563410
1.606782
1.645713
1.593529
1.591583
1.718913
1.647892
1.602167
1.594603
1.578293
1.674091
1.562580
1.593813
1.619725
1.560121
1.594679
1.632786
1.648552
