1.708013
1.405967
1.544754
1.582628
1.640080
1.685480
1.582166
1.889786
1.764070
1.875612
1.599903
1.668238
1.639826
1.605013
1.561255
1.774857
1.407986
1.515835
1.582886
1.637768
1.687156
1.638586
1.698519
1.557214
1.752335
1.556245
1.831033
1.696065
1.539679
1.408754
1.557784
1.665925
1.666817
1.628564
1.798196
1.453703
1.863410
1.472077
1.914716
1.850132
1.663149
1.487703
1.606276
1.639125
1.630301
1.604998
1.603290
1.392488
1.850941
1.524600
1.717430
1.629162
1.443679
1.823916
1.620340
1.593035
1.574219
1.591291
1.440957
1.536878
1.600638
1.679162
1.626664
1.523393
1.634181
1.622167
1.393090
1.681381
1.654898
1.502345
1.468359
1.678588
1.733329
1.648634
1.664085
1.659152
1.521212
1.877331
1.678157
1.840920
1.930868
2.209357
1.536011
1.591117
1.629102
1.438199
1.652049
1.551904
1.626786
1.733454
1.614504
1.623274
1.600010
1.774244
1.519065
1.871639
1.733092
1.726496
1.928813
1.692033
