2.201154
1.976376
1.125170
1.822233
1.858753
2.097887
1.324523
1.830942
1.789701
1.510294
1.622841
1.882262
1.549095
1.782057
1.760326
1.744804
1.513092
2.010776
1.350729
1.918998
1.260361
1.642397
1.316705
1.757391
1.900782
1.810361
1.612580
1.547333
1.358400
1.600931
1.295562
1.295091
1.678939
2.279060
2.076498
1.642690
1.362113
1.796803
1.815018
1.783656
1.455769
2.218500
1.546624
1.339038
1.669018
1.348539
1.777270
1.642581
1.556860
1.660712
1.430659
1.189822
1.432211
1.364512
1.922011
1.248096
1.291336
1.599134
2.316429
1.157934
2.300604
1.436859
1.742533
2.081357
1.685935
1.173287
1.264462
1.992974
1.320342
1.603472
1.629608
1.473077
1.169940
2.448928
1.340418
1.289242
1.406942
1.241626
1.095309
1.381547
1.671322
1.479217
1.000195
1.372975
1.502661
2.132450
1.338250
1.079790
1.087705
2.027842
1.738365
1.858533
1.526933
1.361984
1.604555
1.464009
1.741267
2.120243
2.046410
1.891985
1.452549
1.888973
1.605122
1.464346
1.400669
1.332119
1.550986
1.472295
1.256295
1.305016
1.517067
1.989039
1.721499
1.525312
1.514111
1.604529
2.316878
1.408592
1.764106
1.353998
1.467930
1.228782
1.239837
1.632078
1.541049
1.629130
1.302581
1.571611
1.367025
1.845379
1.462532
1.300933
1.660707
1.648616
1.452583
2.522335
1.466447
3.123707
1.616222
1.560440
1.654500
1.541745
1.549448
1.803712
1.396525
1.448342
1.305457
1.791765
1.444393
1.229161
1.623986
1.540079
1.283472
1.180487
1.057543
2.442329
1.566367
1.192673
1.894566
1.295621
1.524283
1.511545
1.500421
1.331624
1.415173
1.567016
1.750113
1.693392
1.411289
1.264395
2.864167
1.500896
1.348961
1.896065
1.677493
1.568679
1.463174
1.555159
1.737579
1.476047
1.238874
2.154245
1.237979
1.591253
1.640547
1.505830
1.384849
1.550713
1.463876
1.422286
1.863797
1.356276
1.608453
1.910200
1.358451
2.339525
1.338536
1.208207
1.411864
1.309569
1.313919
1.220436
1.680154
1.306784
1.256179
1.501752
1.337177
1.004578
1.538671
1.421844
1.538864
1.333244
1.152375
1.375321
1.861249
0.966538
1.053707
1.456778
1.639582
2.021853
1.280933
1.381470
2.140302
1.327470
1.659219
1.608861
1.348123
1.218909
1.615883
1.635210
1.768708
2.153175
1.427437
2.077545
1.590092
1.892522
1.236147
2.116848
1.731145
1.252621
1.666182
1.277647
1.448676
1.472383
1.723158
2.450732
1.059371
1.528062
1.583000
1.129766
1.724341
1.905099
1.942806
1.699495
1.768684
1.829633
1.397772
1.604277
1.554125
2.422217
1.892283
1.663717
1.301118
1.568178
2.011538
1.888877
1.193777
1.207980
2.288227
1.424757
1.764396
1.471669
1.237362
2.166659
1.391306
1.486149
1.648157
1.583370
1.298578
1.336543
1.380854
1.420775
1.640623
1.593914
1.456476
1.438559
1.798070
1.698803
1.800362
1.591539
2.089702
2.059232
2.087987
1.170290
1.561558
1.498340
1.759390
1.848954
2.036395
1.353302
1.709899
1.896788
1.679106
2.044334
2.128103
1.710854
1.897606
1.336870
1.661624
1.584368
1.448742
1.889921
1.703095
1.366333
2.073338
1.457922
1.632856
1.452080
1.663126
1.543565
1.282139
1.269476
1.594497
1.708453
1.187701
1.537784
2.138311
1.576860
1.067818
1.453264
1.249638
2.008873
1.382581
1.479565
1.274817
1.646638
1.320883
1.258998
1.775576
1.178468
1.708196
1.636101
1.399880
1.519523
1.402006
1.501172
1.436602
1.398322
1.573197
1.742220
1.132065
1.789694
1.462013
2.030856
1.273652
2.293586
1.576966
1.542561
2.888971
1.481111
1.033318
1.592327
1.896843
1.311532
1.264654
2.417974
1.362886
1.631986
1.832250
1.725307
2.126038
1.466383
1.848102
1.404370
1.360050
1.386647
1.665149
1.479750
1.216374
1.578502
1.362490
1.665786
1.799012
1.845338
1.661938
1.482456
1.171181
1.549623
1.104355
1.387049
1.312135
1.641727
1.743101
1.283327
1.895474
1.704031
1.361275
1.618982
1.589699
2.320285
1.376383
1.965783
1.523156
1.781033
1.303477
0.968199
1.986546
1.144947
1.062055
1.177818
1.522547
1.828505
1.462645
1.648981
1.519366
1.521795
1.465455
1.403398
1.418087
1.384925
1.403267
1.731046
1.397206
1.619129
1.552230
1.528769
1.620172
1.373218
1.747272
1.639747
1.223215
1.435580
1.231273
1.694117
1.856075
1.345070
1.609374
1.187281
1.667500
1.503150
1.495397
2.035228
1.538122
1.562746
1.168172
1.599646
1.289291
1.663303
2.730164
1.193723
1.503814
1.663665
1.275101
1.652440
2.102412
1.863862
1.588161
1.551520
1.310550
1.837818
1.084079
1.856483
1.426143
1.121038
1.579516
1.554825
2.188952
1.328227
2.264136
1.430422
2.105065
1.757390
1.902242
1.914746
1.243442
1.471470
1.448800
1.784004
1.576398
1.588215
1.641283
1.799994
1.634285
1.813653
3.196005
1.945109
1.925386
1.256763
1.623150
1.401022
1.636924
1.367165
1.651444
1.886821
1.312819
1.695318
1.426156
1.714578
1.221678
1.831225
1.363921
1.298537
2.345311
1.384772
1.575707
1.315633
1.712893
1.506304
1.960092
1.474845
1.421602
1.897393
1.967984
1.573915
1.476644
1.137438
1.871705
1.614857
1.389694
1.148772
1.827535
2.093956
1.539986
1.452440
1.736519
1.554268
2.562448
1.557785
1.448601
1.791168
1.592218
1.976840
3.092665
1.422575
1.975686
1.275165
1.416339
1.685266
2.012102
1.408490
1.484883
1.690359
1.975787
1.462587
1.261490
1.388145
1.866724
1.478977
1.917058
1.599046
1.488009
1.617066
1.346477
1.589155
2.012776
1.092277
1.591644
1.313244
1.624454
2.236266
1.448851
1.745820
1.430257
1.647879
2.209275
1.552183
1.415585
1.583018
1.101890
1.424577
1.743518
1.742039
1.624144
2.248131
1.470064
1.478714
2.136141
1.931515
1.275029
1.327911
1.370507
1.759521
1.646609
1.548989
1.400799
1.646892
1.827168
1.231533
1.458808
1.163587
1.603710
2.131813
1.692181
1.030573
1.827108
1.366525
1.416880
1.516227
1.329200
1.752413
1.534561
1.713808
1.948288
1.143066
1.357923
1.436204
1.141660
1.477640
1.837333
2.238876
1.306187
2.054987
1.459760
1.718282
1.471137
1.715329
1.983242
1.433028
1.425470
1.520622
1.880941
1.154598
1.713134
1.358988
1.453390
1.558450
1.433465
1.985287
1.695423
1.714042
1.180125
2.128802
1.258327
1.503160
1.475947
1.368470
1.453437
2.087468
1.101251
1.561444
1.391273
1.691796
1.517946
1.297270
1.409470
2.228196
1.412357
1.160587
1.454837
1.701781
1.314913
1.227119
1.243270
1.473858
1.661865
1.782931
1.786966
2.088323
1.716666
1.263541
1.269532
1.704321
1.632237
1.599326
1.610497
1.475907
1.645316
1.699215
1.326451
1.309324
1.184700
1.674763
2.396784
1.351796
1.227845
1.440802
1.851077
1.445819
1.233167
1.312270
1.644978
1.369503
1.238895
1.724005
1.517570
1.506021
1.516414
1.230662
1.324761
1.338717
1.102075
2.666761
1.816629
1.999759
1.649201
1.199480
1.380360
1.415306
2.010728
2.288810
1.684487
1.685758
1.645212
1.468442
1.753187
1.716554
1.676390
1.422650
1.336763
2.214109
1.115295
1.480913
1.571384
1.484757
1.685775
1.493131
1.546621
1.401565
1.474779
1.593597
1.277390
1.924733
1.724574
1.614850
1.415213
1.551250
1.624915
1.560198
1.650382
1.419456
1.084177
1.353733
1.301725
1.344370
1.153569
1.258667
1.759760
1.423291
1.652829
1.422881
1.033397
1.062203
1.697483
1.392139
1.260084
1.498855
1.485743
1.642981
1.314446
1.627998
2.014050
1.662978
1.221699
1.166634
2.105415
1.633931
1.093424
1.258058
1.397341
1.452968
1.361899
1.366307
1.616257
1.246688
2.013121
1.323855
1.712607
1.723402
1.714466
1.225452
1.768676
1.691725
1.333450
1.608930
1.399276
2.113249
1.392335
1.741444
1.588696
1.968035
1.545732
1.918266
1.311625
1.919523
1.259958
1.892607
1.291388
1.757340
1.617985
1.252861
2.073954
1.816813
2.324182
2.415871
1.588124
1.610196
1.544216
1.975171
1.609444
1.398280
1.400670
2.185253
1.393025
1.620532
1.305387
1.568016
1.313866
1.736929
1.502094
1.707788
1.688320
1.704282
1.543852
1.344737
1.225298
1.916126
1.415433
1.860416
1.864056
1.197653
1.725899
1.390920
1.622022
1.741965
1.479560
1.657487
1.367136
1.812961
1.431596
1.649881
1.469241
1.548006
1.547688
1.192707
1.274836
1.440697
1.330107
1.297678
1.206600
1.304651
1.415841
1.230341
1.192739
1.346828
1.161409
1.317448
1.430269
1.577708
1.367328
1.196770
1.482484
1.855658
1.457615
1.994708
1.581520
1.438512
1.679739
1.064880
1.539492
1.522781
1.479981
1.515195
1.537418
1.689112
1.406289
1.652904
1.319874
1.454220
1.452065
1.414331
1.561327
1.531679
1.272873
1.549394
1.585105
1.685507
1.385987
1.128513
1.588182
1.916377
1.122913
1.971460
1.753257
1.688348
2.147339
1.843869
1.135088
1.616071
1.227655
1.445842
1.777265
1.180743
1.437277
1.625882
1.246928
1.394326
1.243521
1.858283
2.059027
1.608013
1.298148
1.437518
1.733859
1.332096
1.501600
1.484718
1.696060
1.439642
1.132041
1.320516
1.438359
2.451847
1.723666
1.543232
1.555027
2.203520
1.507427
1.641463
1.652153
1.263395
1.693008
1.515812
1.743171
1.519858
1.273748
1.608874
2.099762
1.971642
1.824586
1.287902
1.570484
1.254058
2.001109
1.572557
1.597998
1.350680
1.505476
1.464759
1.378342
1.428836
1.784860
1.485064
1.409582
1.820681
1.917654
1.453650
2.019407
1.743198
1.172165
1.562273
1.405349
1.631149
1.269104
1.428826
1.810590
2.005568
1.466672
1.451256
1.599772
2.029480
1.323936
1.526620
1.532387
1.579580
1.120859
1.819689
1.626438
1.464802
1.593485
1.757306
1.336351
1.546417
1.584631
1.365992
1.445577
1.392764
1.448450
1.352759
1.833677
1.455804
1.416263
1.098495
1.264848
1.438957
1.456192
1.991073
1.397531
1.302262
1.065191
1.792404
1.834519
2.006960
1.401278
1.370099
1.947286
1.545190
1.249485
1.892236
1.876141
1.351604
