1.638094
1.628694
1.633820
1.579540
1.655283
1.627038
1.648580
1.660428
1.601409
1.657050
1.697002
1.650063
1.612541
1.609794
1.649317
1.646403
1.668396
1.663008
1.639469
1.682780
1.658428
1.630374
1.659716
1.633341
1.638050
1.638099
1.673864
1.656032
1.683270
1.650685
1.609822
1.682214
1.627042
1.638437
1.625317
1.663439
1.640046
1.653173
1.654935
1.609386
1.663802
1.639130
1.616155
1.638442
1.709451
1.655166
1.605001
1.661793
1.645772
1.618632
1.594250
1.677155
1.643181
1.622824
1.643918
1.643251
1.717491
1.653290
1.599239
1.682622
1.616487
1.677482
1.624352
1.634836
1.676501
1.636544
1.624544
1.660293
1.674819
1.622632
1.650397
1.678553
1.675025
1.642975
1.647438
1.667993
1.639541
1.686546
1.633437
1.710010
1.675530
1.650309
1.695398
1.611472
1.651984
1.592614
1.630888
1.720244
1.674236
1.603386
1.645173
1.695556
1.672776
1.661877
1.641340
1.707990
1.631202
1.696193
1.646034
1.620016
1.636772
1.636829
1.603201
1.659594
1.641034
1.631444
1.676057
1.613559
1.674630
1.639402
1.694207
1.683928
1.677006
1.671288
1.640972
1.623925
1.661618
1.685858
1.659046
1.629262
1.706461
1.595472
1.642743
1.681156
1.700243
1.652264
1.704357
1.634128
1.653359
1.638713
1.615895
1.710247
1.670082
1.693041
1.678853
1.653946
1.664935
1.621417
1.649723
1.715033
1.665487
1.621382
1.661310
1.603595
1.656938
1.678075
1.706005
1.652457
1.649442
1.617558
1.633166
1.677467
1.635692
1.635720
1.630119
1.675069
1.630029
1.676666
1.650954
1.638591
1.656464
1.645741
1.705303
1.661458
1.666695
1.651732
1.599004
1.672062
1.647939
1.601926
1.657580
1.636081
1.603880
1.663681
1.688860
1.667246
1.669762
1.625368
1.621396
1.614348
1.630552
1.607850
1.634627
1.672244
1.655069
1.631325
1.635503
1.661444
1.649748
1.642350
1.589894
1.620922
1.596159
1.642453
1.644478
1.619545
1.633671
1.651554
1.672508
1.607049
1.653960
1.654028
1.648540
1.612196
1.674400
1.663279
1.620037
1.656852
1.638686
1.633713
1.634699
1.665500
1.700720
1.637509
1.662226
1.642447
1.618838
1.635868
1.648054
1.693559
1.670653
1.682017
1.656898
1.673930
1.687640
1.649177
1.622145
1.605560
1.660910
1.657916
1.641232
1.607050
1.667819
1.675918
1.677935
1.610858
1.671671
1.677703
1.662120
1.603158
1.665770
1.654671
1.661801
1.656938
1.687552
1.689961
1.627578
1.666184
1.644056
1.623657
1.646896
1.566906
1.677813
1.671462
1.628567
1.605442
1.665580
1.632536
1.616379
1.656174
1.629475
1.656051
1.692505
1.653147
1.683052
1.616896
1.642459
1.639527
1.642440
1.615688
1.635242
1.670288
1.650725
1.680307
1.699189
1.660162
1.641455
1.626113
1.586872
1.606952
1.593731
1.618541
1.626157
1.678827
1.664412
1.692663
1.689152
1.665682
1.628302
1.640376
1.680618
1.651368
1.602187
1.640997
1.619812
1.640771
1.613557
1.618160
1.606068
1.691021
1.624616
1.643617
1.620003
1.625283
1.595016
1.658636
1.681969
1.668274
1.666426
1.700255
1.669516
1.657789
1.590896
1.632522
1.718255
1.671852
1.624162
1.683325
1.636418
1.635017
1.640965
1.615410
1.606925
1.660244
1.655268
1.651150
1.609295
1.699901
1.661388
1.670267
1.636561
1.680037
1.653078
1.696268
1.644057
1.662566
1.652603
1.676166
1.692747
1.655499
1.630285
1.664593
1.649757
1.596963
1.615384
1.608595
1.642929
1.616855
1.680616
1.634983
1.611417
1.639502
1.634149
1.700802
1.667999
1.669480
1.634472
1.722366
1.623996
1.655208
1.622476
1.588562
1.587637
1.619477
1.645696
1.617615
1.700402
1.629150
1.695613
1.587825
1.696538
1.614307
1.670920
1.585537
1.674634
1.655917
1.686215
1.712774
1.655192
1.666463
1.622164
1.630846
1.588696
1.649737
1.627939
1.649778
1.606678
1.581273
1.641823
1.602800
1.704801
1.632202
1.629974
1.570254
1.671876
1.680996
1.622417
1.671519
1.660701
1.640488
1.703078
1.666964
1.666527
1.578827
1.670698
1.668387
1.690347
1.624077
1.663083
1.592181
1.684608
1.653985
1.623459
1.618070
1.673565
1.667594
1.660147
1.687959
1.638880
1.653398
1.615537
1.641562
1.667653
1.641503
1.656886
1.623846
1.621259
1.661077
1.636270
1.651743
1.687511
1.609494
1.643135
1.624158
1.684088
1.657739
1.664077
1.623869
1.650853
1.631898
1.667380
1.668752
1.625993
1.632849
1.685837
1.650497
1.684740
1.636414
1.627669
1.646771
1.646371
1.587385
1.649871
1.646154
1.644500
1.688322
1.694555
1.566680
1.662241
1.685138
1.669633
1.680785
1.572189
1.643388
1.695341
1.626833
1.618777
1.683673
1.674074
1.652571
1.657677
1.647152
1.639295
1.647123
1.629388
1.677080
1.693283
1.660893
1.645896
1.652207
1.637725
1.667742
1.645047
1.647694
1.624061
1.657583
1.637985
1.650774
1.674120
1.605738
1.622926
1.624492
1.685413
1.648819
1.675878
1.624815
1.599464
1.700544
1.673706
1.677866
1.627278
1.680704
1.656964
1.625962
1.695402
1.647178
1.616627
1.641584
1.654619
1.666044
1.589221
1.626310
1.610196
1.651455
1.606680
1.638453
1.638149
1.656761
1.626552
1.691163
1.680355
1.544230
1.645389
1.637823
1.616130
1.627447
1.684867
1.647362
1.610804
1.654715
1.648204
1.615321
1.666502
1.619237
1.595004
1.699184
1.633196
1.632986
1.619223
1.653165
1.635033
1.712824
1.622391
1.652217
1.657202
1.702423
1.649078
1.620851
1.696874
1.650011
1.643972
1.675973
1.659445
1.636491
1.637970
1.674986
1.659218
1.661561
1.663144
1.616977
1.648889
1.691252
1.686780
1.658654
1.673833
1.662277
1.592565
1.686283
1.645174
1.640930
1.719832
1.677396
1.665445
1.656453
1.709633
1.643769
1.636574
1.635492
1.628240
1.610268
1.689273
1.644061
1.577822
1.676451
1.668329
1.641529
1.652292
1.650817
1.673610
1.639403
1.667464
1.672999
1.654719
1.657085
1.667947
1.625227
1.647097
1.699614
1.616291
1.675771
1.658730
1.604559
1.637209
1.644518
1.666185
1.622431
1.643391
1.695307
1.607661
1.610177
1.619686
1.638849
1.698204
1.648084
1.631209
1.683164
1.649409
1.676192
1.662585
1.656943
1.645843
1.623695
1.580723
1.627001
1.647458
1.658675
1.634845
1.672425
1.720160
1.627206
1.600565
1.680967
1.682859
1.654389
1.640347
1.668098
1.659979
1.676772
1.631906
1.729353
1.630461
1.663349
1.659304
1.681333
1.637650
1.672830
1.655218
1.615507
1.651721
1.644419
1.661883
1.612520
1.696765
1.646945
1.712151
1.596610
1.656454
1.673814
1.644415
1.636143
1.670381
1.690522
1.641436
1.661504
1.706086
1.621414
1.661131
1.594860
1.689542
1.691689
1.636267
1.647153
1.666369
1.671112
1.664322
1.662458
1.618687
1.633048
1.692127
1.605707
1.626670
1.693434
1.673631
1.641048
1.600674
1.647741
1.648670
1.612908
1.643336
1.631518
1.654362
1.609019
1.625337
1.651683
1.639559
1.632818
1.663572
1.656105
1.640857
1.620173
1.608849
1.601476
1.630537
1.602607
1.705154
1.661812
1.655555
1.695563
1.655707
1.594716
1.663043
1.663189
1.650997
1.638272
1.650647
1.705651
1.610283
1.607427
1.687392
1.619424
1.597522
1.747587
1.643744
1.651778
1.618214
1.605142
1.657354
1.648879
1.650940
1.620972
1.640957
1.687401
1.600375
1.629133
1.654051
1.597803
1.649026
1.685928
1.665625
1.640426
1.663785
1.637760
1.655198
1.644670
1.636967
1.702478
1.683789
1.627457
1.724077
1.648657
1.590077
1.706093
1.694911
1.659254
1.677875
1.691913
1.636278
1.647198
1.669801
1.601074
1.604110
1.643101
1.649583
1.649324
1.690911
1.671883
1.687063
1.638155
1.657471
1.660988
1.598008
1.645343
1.641739
1.708874
1.631570
1.627349
1.700213
1.674877
1.653181
1.633431
1.635358
1.625375
1.665070
1.662116
1.711111
1.707361
1.662410
1.661941
1.671501
1.669741
1.625850
1.632298
1.682350
1.648162
1.640144
1.627300
1.649259
1.667054
1.645479
1.656773
1.643172
1.656325
1.588522
1.659255
1.594169
1.615844
1.660826
1.600780
1.571268
1.597644
1.722255
1.636821
1.678014
1.660295
1.652006
1.679839
1.668064
1.653300
1.680021
1.668418
1.608944
1.603557
1.634606
1.631280
1.656005
1.609966
1.587980
1.682968
1.663114
1.582769
1.621958
1.602669
1.675549
1.626900
1.687188
1.605029
1.636132
1.675569
1.647992
1.674720
1.623804
1.676512
1.693317
1.648733
1.646412
1.708265
1.650974
1.617806
1.697585
1.659496
1.648708
1.651663
1.624532
1.643422
1.660769
1.643246
1.615058
1.634839
1.635166
1.647094
1.704653
1.673873
1.667504
1.636208
1.684725
1.589170
1.686845
1.602632
1.645584
1.622844
1.685282
1.645667
1.651860
1.646033
1.598158
1.613257
1.624480
1.627112
1.685946
1.649864
1.632537
1.663394
1.628312
1.621495
1.649122
1.601045
1.623721
1.609578
1.666423
1.624536
1.624292
1.604139
1.716103
1.614383
1.623856
1.631568
1.663256
1.604334
1.668890
1.602756
1.622962
1.625085
1.644101
1.646918
1.666133
1.623696
1.678938
1.642498
1.627277
1.655040
1.694097
1.627169
1.659466
1.688248
1.661848
1.599258
1.695682
1.608644
1.591811
1.637818
1.637702
1.644600
1.677022
1.682180
1.651465
1.629242
1.633544
1.664755
1.675143
1.608392
1.646305
1.614907
1.630889
1.575965
1.648653
1.618580
1.618063
1.705665
1.608920
1.685555
1.588580
1.687150
1.596442
1.669239
1.640324
1.647227
1.639066
1.656284
1.688627
1.653909
1.631752
1.630705
1.680815
1.606805
1.630177
1.672758
1.655620
1.609963
1.672626
1.633901
1.656667
1.647543
1.618092
1.604099
1.641283
1.658578
1.633294
1.634727
1.675974
1.622896
1.682674
1.679971
1.665858
1.582608
1.685182
1.677214
1.646068
1.661856
1.635821
1.716371
1.634164
1.689190
1.723511
1.626021
1.637219
1.654152
1.619709
1.654610
1.647764
1.688991
1.657061
1.595661
1.618797
1.660375
1.633946
1.624820
1.686557
1.624250
1.589754
1.651090
