1.584362
1.778847
1.620221
1.635956
1.688793
1.661795
1.753287
1.628296
1.517357
1.580583
1.518235
1.750906
1.581319
1.748569
1.652596
1.567113
1.447585
1.656900
1.723528
1.600666
1.725061
1.571513
1.755638
1.519212
1.518131
1.694353
1.718594
1.772059
1.617763
1.754019
1.715925
1.901011
1.655220
1.701430
1.731245
1.763544
1.541414
1.609067
1.548414
1.686770
1.666720
1.623090
1.760341
1.792060
1.590598
1.671328
1.829473
1.595561
1.562586
1.593527
1.702360
1.573638
1.642761
1.664348
1.829015
1.631167
1.606818
1.578772
1.751824
1.649668
1.757160
1.508546
1.646082
1.537028
1.540965
1.644928
1.710467
1.519816
1.744476
1.660871
1.630400
1.618055
1.566799
1.666464
1.583472
1.673624
1.691838
1.779290
1.721739
1.734943
1.805415
1.688105
1.659728
1.783505
1.780636
1.507866
1.691451
1.617949
1.567028
1.560758
1.519923
1.570136
1.732455
1.650224
1.580992
1.695318
1.608583
1.577965
1.651022
1.674106
1.801506
1.655733
1.556333
1.726871
1.512478
1.847321
1.779189
1.653551
1.596216
1.673526
1.701884
1.726981
1.668699
1.690264
1.713490
1.568669
1.657388
1.593489
1.601272
1.642003
1.649037
1.559984
1.651568
1.715121
1.665438
1.721897
1.664445
1.515850
1.805012
1.650658
1.706343
1.521167
1.601999
1.839585
1.727096
1.465053
1.558704
1.661372
1.645372
1.663631
1.676241
1.633016
1.565872
1.557444
1.495366
1.574530
1.727965
1.688995
1.672913
1.639779
1.759136
1.743793
1.637628
1.640008
1.660414
1.616324
1.667926
1.632248
1.504469
1.809845
1.884389
1.663379
1.585072
1.731169
1.611192
1.685453
1.638540
1.671936
1.520885
1.586373
1.675587
1.653992
1.755271
1.546820
1.729860
1.587334
1.632745
1.659032
1.549309
1.604706
1.483437
1.671399
1.758712
1.541688
1.779654
1.710352
1.714214
1.589800
1.540173
1.619115
1.546199
1.669639
1.707053
1.725773
1.635071
1.721114
1.493168
1.644702
1.604558
1.609578
1.628176
1.649350
1.793872
1.754158
1.610470
1.766862
1.632641
1.529167
1.548454
1.634169
1.427013
1.527981
1.691341
1.668484
1.610495
1.550188
1.620519
1.818182
1.650296
1.859129
1.628496
1.875630
1.530660
1.624045
1.716891
1.622271
1.779179
1.653846
1.625711
1.513701
1.632241
1.566455
1.724746
1.780564
1.750656
1.490472
1.568365
1.594659
1.754322
1.608691
1.722019
1.512449
1.595023
1.609546
1.573788
1.591676
1.824894
1.542278
1.520205
1.718767
1.545509
1.599077
1.537383
1.856091
1.553418
1.621314
1.639717
1.781298
1.610377
1.662135
1.473047
1.606863
1.763518
1.704341
1.775643
1.671205
1.643658
1.621745
1.699403
1.722229
1.705815
1.661947
1.640176
1.590886
1.656749
1.456292
1.495762
1.494500
1.620129
1.677710
1.747820
1.696834
1.547954
1.634662
1.719687
1.747892
1.721661
1.638499
1.561140
1.598156
1.710015
1.638036
1.633170
1.588423
1.606071
1.511266
1.704437
1.673580
1.532872
1.504558
1.664499
1.698330
1.615360
1.664791
1.814481
1.721856
1.573314
1.645994
1.582517
1.610797
1.649913
1.798529
1.538942
1.549355
1.711797
1.763320
1.578519
1.634930
1.589733
1.673267
1.837494
1.809286
1.647185
1.500677
1.619601
1.707356
1.593070
1.712796
1.689738
1.800679
1.670544
1.524671
1.676756
1.579938
1.595122
1.607215
1.562192
1.694027
1.599654
1.590030
1.618835
1.715909
1.618691
1.614564
1.683184
1.766114
1.666800
1.647494
1.624927
1.618736
1.715564
1.525657
1.659503
1.882544
1.658128
1.659331
1.568402
1.567493
1.583629
1.648118
1.525475
1.609327
1.491551
1.676821
1.584478
1.656162
1.639792
1.626972
1.583523
1.660785
1.540982
1.561980
1.733911
1.653479
1.674164
1.587872
1.626174
1.767724
1.586122
1.559779
1.617918
1.564457
1.691413
1.461774
1.692805
1.665617
1.708863
1.669126
1.628049
1.621976
1.720512
1.575673
1.629730
1.713137
1.615936
1.699966
1.574141
1.587675
1.642474
1.586586
1.583121
1.524943
1.810399
1.597804
1.560578
1.711438
1.621853
1.738961
1.795267
1.582814
1.614478
1.542658
1.530051
1.684753
1.585915
1.710528
1.660131
1.619978
1.847707
1.721130
1.870336
1.775986
1.532795
1.658217
1.596950
1.698596
1.683558
1.891161
1.667493
1.678682
1.711039
1.755389
1.595695
1.532434
1.660167
1.745169
1.628460
1.579629
1.748610
1.530186
1.623249
1.675492
1.692384
1.575205
1.641101
1.896682
1.749333
1.668748
1.725501
1.526647
1.572785
1.469552
1.576506
1.486046
1.569693
1.635320
1.559447
1.595876
1.527012
1.501768
1.524500
1.724608
1.655564
1.588642
1.595900
1.689070
1.712220
1.599816
1.921292
1.681743
1.562992
1.574151
1.651489
1.684686
1.653342
1.601283
1.706737
1.741550
1.629109
1.615118
1.662564
1.654115
1.572766
1.664387
1.550809
1.591011
1.775169
1.459444
1.735348
1.705985
1.553907
1.872645
1.656543
1.724343
1.600075
1.660983
1.561146
1.517009
1.511258
1.643879
1.726750
1.520149
1.701884
1.587473
1.571212
1.557834
1.720566
1.663302
1.518742
1.744968
1.782911
1.672973
1.559896
1.607274
1.756585
1.687259
1.649000
1.712757
1.552293
1.584393
1.687901
1.783785
1.657755
1.616250
1.702526
1.710915
1.623680
1.666449
1.504374
1.643838
1.548847
1.621764
1.654355
1.716000
1.701835
1.701421
1.735610
1.598852
1.685247
1.778826
1.599490
1.622279
1.591286
1.684862
1.568510
1.802233
1.558799
1.595737
1.526188
1.671577
1.695965
1.627065
1.709763
1.737109
1.779294
1.597912
1.623901
1.718273
1.831906
1.598776
1.629935
1.631506
1.711549
1.642077
1.721834
1.716780
1.416153
1.538482
1.625197
1.492012
1.620157
1.683028
1.609780
1.591501
1.762563
1.617250
1.693412
1.765988
1.607314
1.688970
1.646874
1.704607
1.608828
1.779231
1.655737
1.721604
1.523804
1.682146
1.540066
1.573225
1.799494
1.627788
1.620126
1.583120
1.500440
1.762822
1.807649
1.694469
1.593380
1.647872
1.665557
1.572488
1.676789
1.577629
1.665602
1.743269
1.802290
1.543952
1.667208
1.578101
1.583953
1.704763
1.618420
1.605299
1.734631
1.533848
1.613812
1.645859
1.632137
1.638392
1.662000
1.805260
1.692500
1.616669
1.684879
1.639512
1.809979
1.725656
1.655745
1.555358
1.664800
1.642776
1.567508
1.555714
1.745256
1.683823
1.643349
1.912853
1.650883
1.655313
1.610081
1.750487
1.427982
1.585567
1.691456
1.671551
1.472411
1.563381
1.668457
1.600463
1.523457
1.541246
1.798749
1.847332
1.609008
1.616128
1.680886
1.787190
1.672601
1.733682
1.650151
1.673388
1.647502
1.667866
1.602384
1.645371
1.698413
1.725951
1.661175
1.699406
1.760395
1.619185
1.748815
1.637569
1.525043
1.606711
1.642266
1.719176
1.612064
1.590679
1.630823
1.559518
1.666958
1.600720
1.613578
1.846739
1.623152
1.547319
1.572424
1.629425
1.645024
1.560994
1.618822
1.642467
1.594064
1.753043
1.690838
1.796982
1.615896
1.720706
1.564850
1.710807
1.611642
1.597705
1.574319
1.618593
1.563659
1.783305
1.751451
1.626622
1.647286
1.591841
1.627966
1.743951
1.615173
1.676499
1.570164
1.581232
1.713249
1.633338
1.712520
1.524273
1.584671
1.609388
1.636321
1.719725
1.582941
1.608298
1.674418
1.746413
1.462998
1.555621
1.444803
1.521064
1.532869
1.616322
1.826824
1.623021
1.731391
1.521175
1.778821
1.664077
1.693048
1.574803
1.600622
1.533660
1.764402
1.636590
1.765873
1.504148
1.774059
1.575344
1.616793
1.512429
1.703181
1.684303
1.532337
1.610463
1.656754
1.659950
1.646777
1.652566
1.554259
1.663903
1.711059
1.622946
1.754218
1.607639
1.582680
1.627703
1.681507
1.709473
1.567224
1.775396
1.586384
1.767998
1.590151
1.567432
1.669441
1.583668
1.661171
1.516283
1.622655
1.937572
1.717655
1.610866
1.628155
1.664663
1.691692
1.627138
1.644480
1.685849
1.610785
1.612586
1.639727
1.521058
1.658597
1.672603
1.635029
1.701659
1.596757
1.487348
1.796735
1.577020
1.614783
1.848923
1.617380
1.712891
1.559904
1.500656
1.751791
1.770600
1.608560
1.642769
1.816044
1.579014
1.645993
1.541509
1.554754
1.583522
1.679158
1.701998
1.663896
1.652547
1.685154
1.727268
1.508186
1.659362
1.675386
1.707810
1.560143
1.721797
1.635765
1.612210
1.765561
1.458462
1.681248
1.680758
1.542348
1.582188
1.591374
1.571816
1.846618
1.588282
1.565494
1.604693
1.667360
1.626170
1.617995
1.612527
1.644383
1.607530
1.644561
1.761209
1.588050
1.699351
1.711387
1.606795
1.773599
1.735793
1.761580
1.595398
1.459565
1.692613
1.745980
1.680649
1.657871
1.725420
1.759980
1.565863
1.676827
1.626811
1.804133
1.627225
1.594075
1.563436
1.818940
1.563482
1.657810
1.573961
1.692481
1.547560
1.667342
1.587787
1.727305
1.530153
1.488210
1.534748
1.655140
1.461521
1.583100
1.650592
1.814924
1.841428
1.716113
1.663731
1.685292
1.562161
1.713583
1.555947
1.579815
1.622177
1.814537
1.532015
1.657620
1.610571
1.512578
1.825403
1.624901
1.910920
1.569790
1.672049
1.628708
1.622324
1.698728
1.602798
1.629871
1.639618
1.830590
1.677097
1.591124
1.747138
1.683650
1.544276
1.712899
1.758795
1.646510
1.615252
1.585176
1.774415
1.583317
1.550839
1.476367
1.571049
1.817213
1.585451
1.649390
1.668658
1.593571
1.563493
1.830166
1.635973
1.766444
1.510955
1.641841
1.663661
1.748702
1.583396
1.660476
1.603398
1.695742
1.546592
1.503853
1.845569
1.521352
1.699580
1.555779
1.697337
1.679034
1.637001
1.522629
1.722720
1.662188
1.569827
1.609427
1.727599
1.648619
1.722736
1.623987
1.597117
1.676245
1.651664
1.731413
1.613297
1.514074
1.575245
1.538296
1.672061
1.715408
1.600705
1.653358
1.517717
1.592579
1.639925
1.855601
1.648932
1.665826
1.707819
1.589846
1.571499
1.771691
1.484328
1.696402
1.847848
1.744954
1.584441
1.552713
1.714527
1.932472
1.524174
