1.791843
1.295411
1.790685
1.311867
1.383587
1.317414
1.424908
1.411947
1.528565
1.308847
1.639496
1.557571
1.666277
1.540583
1.374992
2.065037
2.263519
1.511831
1.554637
1.270849
1.400937
1.168335
1.477006
1.670774
1.559631
1.668409
1.506144
1.432662
1.733624
1.827859
1.447485
1.708019
1.531298
1.506702
1.564798
1.601085
1.347793
1.735699
1.338963
1.422554
1.826330
1.169770
1.809393
1.398142
1.875445
1.490089
1.485987
2.052449
2.066173
1.408936
1.801335
1.367982
1.328234
2.069983
1.468624
1.590189
1.443955
1.623157
1.497945
1.840866
1.632956
2.250299
1.581303
1.509030
1.611714
1.537083
1.734894
2.110937
1.227573
1.586963
1.719919
1.713985
1.773025
1.351595
1.295756
1.723438
1.237902
1.562064
1.410336
1.473171
1.264329
1.440626
1.530432
1.900960
1.849857
1.747356
1.682666
1.261297
1.435508
1.544163
1.793375
1.955055
1.518012
1.718935
1.341908
2.045953
1.585117
1.661933
1.898718
1.181110
1.485131
1.708129
1.521142
1.801847
1.641479
1.368399
2.238134
1.682504
1.753700
1.399715
1.518475
1.721015
1.540723
1.510004
1.401428
1.745282
2.207582
1.817970
1.605864
1.708622
1.308333
1.554675
1.520221
1.783973
1.499607
1.279228
1.508699
1.541325
1.686480
1.546547
1.458202
1.252518
1.981672
1.791311
1.350997
1.701550
1.633248
1.826312
1.511589
1.585657
1.386387
1.751895
1.373064
1.544050
1.468409
1.612192
1.674542
1.650166
1.427061
1.816661
1.577798
1.834266
1.824829
1.545725
1.784023
1.276165
1.207260
1.681899
1.429034
1.433766
1.480779
1.630995
1.461794
1.680806
1.494605
1.620093
1.407839
1.788071
1.921462
1.794390
1.267489
1.589882
1.635748
1.556061
2.005387
1.559387
1.727164
1.700554
1.637433
1.351572
2.125024
1.548338
1.404124
2.037377
2.066927
1.495354
1.660892
1.842133
1.419497
1.511650
1.588092
1.896981
1.420197
1.541409
1.411671
1.690780
1.310331
1.344399
1.475580
1.740109
1.558347
1.521710
1.726804
1.696175
1.655142
1.405120
1.416038
1.599016
1.802438
1.741681
1.449657
1.582304
1.796947
1.534546
1.607445
1.897156
1.564367
1.655342
1.584221
1.331780
1.776574
1.827750
1.381989
1.487263
2.091310
1.203066
1.713211
1.316777
1.542501
1.417480
1.437325
1.989205
1.628994
1.665427
1.629700
2.111962
1.573799
1.704998
1.575216
1.819556
1.358181
1.408389
1.673214
1.791453
1.561487
1.301066
1.937382
1.572383
1.610557
1.701417
1.399142
1.683489
1.407223
1.512991
1.447032
1.788728
1.885301
1.268452
1.392349
1.907450
1.374102
1.852388
1.742024
1.328901
1.614513
1.721694
1.611768
1.444585
1.444481
1.685599
1.705619
1.429323
1.400781
1.777389
1.511954
2.003589
1.738575
1.567136
1.526000
1.468200
1.365492
1.520631
1.437572
1.548841
1.705005
1.590541
1.703230
2.091627
1.931533
1.745454
1.683897
1.437038
1.408868
1.568147
1.530774
1.191238
1.400949
1.305765
1.841182
1.445420
1.481454
1.697332
1.775010
1.942718
1.649580
1.779079
1.667150
1.606092
1.805063
1.660056
1.532807
1.689118
1.933859
1.998956
1.707883
1.393233
1.353831
1.763835
1.461021
1.831640
1.835463
1.944525
1.551928
1.513888
1.433701
1.365453
1.249603
1.643611
1.606189
1.336629
1.638064
1.276383
1.326197
1.797004
1.718572
1.418069
2.054186
1.592311
2.022937
1.623993
1.529950
1.623893
1.249329
1.571182
1.594221
1.333788
1.232143
1.347807
1.393159
1.746084
1.890243
1.433787
1.331837
1.258290
1.442759
1.161024
1.452089
1.592323
2.187705
2.301825
1.486797
1.974201
1.478629
1.582015
1.373980
1.582354
1.628716
1.722144
1.718733
1.554302
1.560877
1.696802
1.479563
1.736629
1.416039
2.088923
1.891211
1.393747
1.543913
1.791924
2.076086
1.406910
1.454361
1.638956
1.548672
1.736799
1.619966
1.580354
1.309888
1.349393
2.538144
1.342862
1.929990
1.732163
1.811291
1.211777
1.890691
1.605028
1.594823
2.044520
1.688553
1.454884
1.514093
1.655526
1.377057
1.647207
1.597344
1.326803
1.850700
1.499407
1.244631
1.354763
1.877361
1.594776
2.037056
1.294793
1.466894
2.181863
1.280704
1.444484
1.258386
1.643824
1.831061
1.574325
2.060217
2.073547
1.436511
2.434089
1.671895
1.392691
1.490874
1.649728
1.357263
1.599734
1.535900
1.665859
1.583935
1.615404
1.549089
1.340870
1.748872
1.893718
1.803887
1.568566
1.727984
1.518765
1.338097
1.539888
1.473141
1.765694
1.906088
1.507549
1.545214
1.475090
1.575635
1.305536
1.580047
1.308745
1.881931
1.750441
1.331313
1.673095
1.714314
1.504683
1.551516
1.883863
1.340501
1.199933
1.365846
1.416181
1.790198
1.890838
1.416026
1.671942
1.850384
1.465769
1.697754
1.274891
1.812741
1.450988
1.877351
1.469665
1.406256
1.521289
1.374688
1.748575
1.717496
1.429855
1.518729
1.580246
1.759131
1.515359
1.361853
1.761210
1.218454
1.518722
1.701778
1.342149
1.456289
1.589092
1.557000
1.570921
1.635224
1.335657
1.431047
1.713222
1.502996
1.397861
1.612010
1.742625
1.565893
1.222598
1.767249
1.327710
1.806667
1.456869
1.535985
2.058783
2.056245
1.728496
1.689370
1.630671
1.321932
1.493796
1.889646
1.922895
1.801762
1.617878
1.620042
1.594736
1.583361
1.541635
1.595388
2.256587
2.044282
1.833451
1.464524
1.698791
1.481879
1.601931
1.312965
1.251918
1.969920
1.250124
2.296202
1.463659
1.449828
1.576589
1.495487
1.673184
1.338672
2.132074
1.350123
1.948441
1.799200
1.492574
1.634602
1.448198
1.783939
1.456408
1.538821
1.587846
1.593676
1.635498
2.328695
1.941817
1.747182
1.583587
1.663591
1.364842
1.890091
1.557181
1.832312
1.615925
1.611201
1.766000
1.490327
1.401840
1.767808
1.458983
1.736321
1.747462
1.928069
1.137418
1.598532
1.345762
1.590691
1.904491
1.674461
1.428239
1.736410
1.549582
1.396763
1.644647
1.398334
1.564818
1.686129
1.258355
2.145590
1.735963
1.764509
2.059460
2.007428
1.616006
1.772342
1.545993
1.535985
1.467772
1.840186
1.402567
1.669392
1.805753
1.478116
1.623034
1.757025
1.384180
1.928902
1.482069
1.902171
1.528129
1.667859
1.729204
1.366592
1.779141
1.946481
1.646984
1.450367
1.512102
1.753397
1.487579
2.184362
1.716180
1.341523
1.519104
1.697547
2.091665
1.558112
1.604070
1.383874
1.578737
1.924781
1.602125
1.509422
1.614621
1.582082
1.834238
1.636259
1.526248
1.510414
1.737093
2.097061
1.548278
1.966162
1.732227
1.721317
1.607800
1.956679
1.221404
1.354945
1.816118
1.415768
1.755491
1.550193
1.887890
1.500027
1.768241
1.825902
1.667559
1.858338
1.412773
1.849108
1.623716
1.585672
1.537074
1.819337
1.667614
1.491254
1.936543
1.777911
1.698395
1.544011
1.538699
1.600157
1.846271
1.817034
1.558420
1.413414
1.518926
1.504735
1.758167
2.115931
1.742836
1.654361
1.432715
1.686670
1.329077
1.758756
1.494353
1.753939
1.510684
1.200262
1.494931
2.031431
1.753941
1.213005
1.526042
1.327134
1.386667
1.324855
1.329167
1.261483
1.143409
1.917943
1.632203
1.351572
1.549247
1.702513
1.744976
1.723198
1.542813
1.721782
1.338869
1.539449
1.789902
1.588337
1.475786
1.665216
1.693859
1.403566
1.580870
1.191906
1.523323
1.994127
2.062156
1.439087
1.579099
1.788280
1.604824
1.724348
1.584735
1.516889
1.375348
1.597825
1.351749
1.677651
1.468315
1.590428
1.885412
1.976909
1.856781
1.426406
2.262899
1.658986
2.001638
1.451017
1.663123
1.594136
1.337147
1.667102
1.341154
1.843115
1.537127
1.624635
1.570871
1.289203
1.621891
1.388910
1.577428
1.683919
1.438436
1.319740
1.796593
1.859408
1.320816
1.811644
1.548468
1.453104
1.786889
1.545718
1.400292
1.792877
1.528038
1.551674
1.144397
1.445076
1.844582
1.994200
1.801027
1.560588
1.364116
1.701223
1.447579
1.284906
1.485882
1.733730
1.394655
1.372029
1.371981
2.059550
1.739428
1.439569
1.605122
1.549924
1.428682
1.511719
1.463130
1.653680
1.270521
2.319810
1.769519
1.125493
1.862319
1.453161
1.756094
1.566311
1.639548
1.445465
1.614215
1.571777
1.597671
1.779912
1.500440
2.010424
1.527170
2.006775
2.070022
1.482047
1.601788
1.729388
1.557572
1.824962
1.447120
1.328315
2.482718
1.387200
2.006633
1.408519
1.887176
1.431907
1.314918
2.081614
1.427355
1.288335
1.729209
1.321449
1.804595
1.652855
1.557337
1.332408
1.664887
1.617262
1.860251
1.482824
1.561550
1.485873
1.456361
1.423334
1.738603
1.735866
1.728292
1.828680
1.202762
2.097096
1.857728
1.781372
1.346434
1.541133
1.542623
1.675551
1.905813
1.963514
1.523362
1.553199
1.703936
1.517728
1.696634
2.499258
1.712215
1.366361
1.762916
1.384666
1.849985
1.578272
1.617872
1.546229
1.535116
1.661642
1.407058
1.718688
1.174531
1.778977
1.564561
1.608172
1.628825
1.662718
1.495811
1.516898
1.312432
1.729702
1.585780
1.818828
2.206230
1.623932
1.766246
1.470732
1.467722
1.601620
1.313761
1.404344
1.927468
1.678875
1.458138
1.420766
1.757622
1.644061
1.415906
1.597477
1.447056
1.351569
1.838190
1.892160
1.826800
1.488294
1.365960
1.693114
1.439948
1.584268
1.837794
1.471305
1.700739
1.449080
1.482680
1.558247
1.464111
1.901292
1.478637
1.896536
1.722302
1.349488
1.726380
1.645534
1.396306
1.707403
1.888251
1.325253
1.934368
1.796787
1.394691
1.651350
1.639325
1.860819
1.593001
1.510764
1.853662
1.673190
1.470719
1.586020
1.752518
1.597726
1.631323
1.957259
1.526852
1.398530
1.634190
1.559538
2.195329
1.897559
2.102254
1.927575
1.860015
1.381732
1.355419
1.437465
1.685329
1.644524
1.439596
1.406357
1.493057
1.329589
1.912319
1.676541
1.855611
2.150256
1.666055
1.321053
1.391870
1.517652
1.755658
1.609018
1.590784
1.492719
1.434944
1.352576
1.651606
1.726588
1.581185
1.371687
1.842312
1.619719
2.185424
