1.559235
1.727226
1.593292
1.761528
1.636814
1.637833
1.737799
1.587335
1.637968
1.597413
1.646701
1.609758
1.550938
1.567399
1.602347
1.780040
1.682956
1.665730
1.730810
1.657387
1.602217
1.580223
1.545807
1.647455
1.584327
1.666518
1.577014
1.793867
1.633439
1.597315
1.686441
1.644760
1.643792
1.549340
1.601552
1.559135
1.563853
1.704308
1.742357
1.655939
1.680966
1.599127
1.660032
1.760234
1.602686
1.589081
1.615956
1.643293
1.600202
1.602636
1.657056
1.811829
1.586294
1.695947
1.759283
1.633812
1.650508
1.656640
1.600069
1.646495
1.763739
1.755792
1.685554
1.612282
1.626791
1.676372
1.588099
1.700936
1.747844
1.720228
1.625374
1.732026
1.694567
1.730749
1.613407
1.640288
1.587419
1.607685
1.676917
1.561827
1.619357
1.642390
1.583616
1.635511
1.613391
1.629685
1.548096
1.652174
1.632698
1.613783
1.651891
1.705235
1.708145
1.647079
1.711257
1.633223
1.693820
1.574997
1.569478
1.600759
1.701871
1.678880
1.636309
1.676199
1.660482
1.568206
1.660201
1.624270
1.622156
1.736080
1.603317
1.606742
1.634507
1.596111
1.690427
1.647951
1.674115
1.600134
1.755277
1.665901
1.698775
1.580399
1.664740
1.715990
1.636889
1.639113
1.484700
1.550114
1.609936
1.589934
1.572951
1.687816
1.608471
1.680373
1.640749
1.674582
1.512245
1.588799
1.601719
1.749284
1.731360
1.560186
1.671441
1.575581
1.617606
1.778471
1.624225
1.622474
1.686498
1.671715
1.666000
1.651508
1.717421
1.519677
1.682748
1.622174
1.657643
1.614908
1.548005
1.659683
1.667014
1.615676
1.731894
1.750111
1.701458
1.625533
1.657944
1.575134
1.641697
1.599578
1.620681
1.563137
1.642914
1.616408
1.688295
1.834161
1.634898
1.685827
1.618691
1.661920
1.530795
1.630441
1.683606
1.664315
1.551897
1.614344
1.657868
1.584588
1.632331
1.678306
1.687228
1.659596
1.573011
1.604320
1.559326
1.679157
1.710712
1.709061
1.672023
1.718007
1.637292
1.725478
1.724708
1.573507
1.683735
1.632242
1.620912
1.668223
1.663361
1.792923
1.673285
1.655926
1.544128
1.687255
1.605761
1.681136
1.597768
1.699533
1.678886
1.682145
1.632544
1.646307
1.623826
1.799927
1.634905
1.749857
1.575013
1.637563
1.619666
1.620276
1.567243
1.594717
1.545978
1.655807
1.595253
1.653557
1.628992
1.621977
1.671193
1.624394
1.641713
1.702580
1.586921
1.662089
1.634384
1.653622
1.613674
1.681867
1.655255
1.666889
1.745842
1.588026
1.551985
1.601770
1.653368
1.662641
1.661385
1.712013
1.691273
1.627275
1.745934
1.706378
1.694392
1.576894
1.650977
1.684644
1.644762
1.590912
1.587340
1.674979
1.689241
1.588843
1.726467
1.595369
1.576126
1.790502
1.623962
1.575753
1.583930
1.580334
1.616143
1.702538
1.657395
1.618893
1.682589
1.631200
1.769335
1.767345
1.594721
1.601675
1.605407
1.587210
1.559287
1.586743
1.584142
1.694717
1.567251
1.619119
1.503938
1.577338
1.709817
1.713759
1.762031
1.690649
1.658430
1.641049
1.660406
1.555122
1.686262
1.713823
1.623694
1.706543
1.588691
1.540268
1.659356
1.630579
1.593893
1.713884
1.787981
1.736457
1.622295
1.560780
1.624966
1.608919
1.729447
1.638505
1.760316
1.556715
1.587128
1.686120
1.717959
1.618013
1.614164
1.695169
1.642848
1.791845
1.757164
1.601897
1.619753
1.595078
1.638836
1.608578
1.626086
1.614465
1.575423
1.671167
1.602701
1.621579
1.707621
1.635159
1.569541
1.586330
1.615459
1.620589
1.600994
1.654010
1.741670
1.669629
1.625247
1.724759
1.701557
1.623120
1.732340
1.543741
1.723552
1.536302
1.593044
1.561799
1.675678
1.718196
1.586138
1.652686
1.669553
1.691977
1.645345
1.668565
1.647756
1.690338
1.567665
1.738778
1.722440
1.673147
1.749687
1.674661
1.623584
1.698863
1.594714
1.593457
1.638668
1.641263
1.584942
1.677265
1.740270
1.782038
1.588657
1.765245
1.697843
1.645189
1.654543
1.638305
1.672947
1.688831
1.676083
1.660607
1.659603
1.721824
1.716128
1.641037
1.668327
1.522981
1.684850
1.625044
1.705967
1.626904
1.682792
1.669252
1.548747
1.735543
1.654017
1.652174
1.505015
1.592568
1.634172
1.643732
1.599561
1.640513
1.663016
1.610355
1.585706
1.711279
1.618551
1.577443
1.699209
1.716566
1.721771
1.670279
1.746137
1.633639
1.669953
1.610809
1.779425
1.677135
1.562020
1.585598
1.715314
1.550038
1.617820
1.580077
1.603019
1.736360
1.557416
1.725947
1.638027
1.647705
1.754347
1.544910
1.711793
1.705548
1.659737
1.675575
1.658300
1.589255
1.594912
1.638920
1.712745
1.593174
1.640418
1.705492
1.640668
1.609568
1.696819
1.578196
1.735352
1.688652
1.633168
1.562844
1.523868
1.665349
1.626189
1.591614
1.600085
1.635125
1.672466
1.638303
1.679341
1.617864
1.719849
1.682200
1.539253
1.570884
1.639790
1.757391
1.569968
1.684833
1.641825
1.710671
1.661634
1.756489
1.612159
1.557468
1.622734
1.553288
1.611405
1.679498
1.758629
1.695407
1.652581
1.579846
1.494653
1.746252
1.607244
1.556534
1.544931
1.673252
1.669148
1.597044
1.634678
1.710049
1.653579
1.718261
1.547511
1.764804
1.714706
1.787744
1.610961
1.630153
1.580898
1.617853
1.742038
1.665697
1.627388
1.549818
1.703865
1.694967
1.541766
1.727560
1.559547
1.641828
1.699540
1.670549
1.597487
1.744441
1.604984
1.641825
1.703301
1.529688
1.632928
1.672299
1.677887
1.659182
1.619841
1.655053
1.558662
1.624415
1.665606
1.546561
1.634859
1.732803
1.701436
1.517057
1.608790
1.563275
1.841556
1.636912
1.624571
1.594074
1.633407
1.571138
1.626839
1.668528
1.698782
1.552618
1.631018
1.645453
1.661441
1.664582
1.679326
1.587136
1.649781
1.625075
1.581063
1.705907
1.719513
1.600846
1.702353
1.599806
1.635160
1.689813
1.639156
1.619550
1.781255
1.637886
1.623935
1.637505
1.565309
1.548109
1.683513
1.596987
1.677078
1.608438
1.655878
1.700782
1.640673
1.579450
1.659371
1.532582
1.563262
1.701916
1.589055
1.647091
1.567126
1.740193
1.646170
1.705006
1.684547
1.670959
1.678248
1.615255
1.632839
1.744387
1.578409
1.676128
1.502900
1.564032
1.653394
1.588681
1.632129
1.596586
1.794606
1.728388
1.680190
1.573108
1.685980
1.607387
1.710324
1.630427
1.655904
1.650262
1.725222
1.538132
1.634559
1.638968
1.606862
1.804655
1.683842
1.643761
1.697288
1.699054
1.688945
1.721650
1.719701
1.561525
1.604941
1.654880
1.599266
1.691576
1.679443
1.667415
1.668610
1.689939
1.584082
1.638376
1.767899
1.739308
1.550132
1.686013
1.605047
1.608718
1.634940
1.616528
1.692090
1.703105
1.584990
1.681644
1.689189
1.764955
1.691981
1.600775
1.622677
1.579664
1.548615
1.651665
1.603803
1.663218
1.653369
1.693358
1.689400
1.730072
1.548487
1.581575
1.589316
1.604312
1.687781
1.709889
1.554890
1.664002
1.629427
1.533265
1.672564
1.571810
1.575878
1.592001
1.644563
1.626258
1.655232
1.614714
1.655851
1.749986
1.644343
1.618662
1.562835
1.607107
1.668454
1.640621
1.685401
1.731799
1.557374
1.595639
1.623305
1.670786
1.597147
1.783623
1.645342
1.668476
1.551029
1.706858
1.635825
1.675323
1.654889
1.567684
1.649095
1.588083
1.618070
1.622951
1.728884
1.707311
1.700705
1.684739
1.662684
1.662347
1.574595
1.595885
1.599694
1.657140
1.662450
1.684362
1.768694
1.652165
1.670513
1.750360
1.591657
1.675528
1.655082
1.615573
1.598048
1.663712
1.666564
1.574170
1.621870
1.714249
1.578785
1.695011
1.719497
1.662396
1.611720
1.604919
1.665239
1.667213
1.558957
1.760162
1.536574
1.647822
1.723368
1.650834
1.624970
1.615056
1.528188
1.653977
1.724106
1.688101
1.593491
1.743605
1.767588
1.572451
1.630138
1.573177
1.520940
1.739921
1.652834
1.616090
1.646633
1.654929
1.709599
1.620971
1.661050
1.581241
1.685874
1.673328
1.554143
1.541003
1.718421
1.790974
1.761549
1.668498
1.770128
1.599863
1.617026
1.651127
1.662986
1.646804
1.657475
1.573945
1.585374
1.584133
1.757675
1.600721
1.748262
1.603860
1.672772
1.509992
1.617001
1.669919
1.664337
1.673293
1.697919
1.642606
1.658695
1.642734
1.613822
1.659602
1.582544
1.738331
1.596989
1.561445
1.730029
1.665463
1.668526
1.687152
1.629670
1.615006
1.685150
1.598383
1.653517
1.647610
1.596045
1.709770
1.725113
1.608432
1.640717
1.642938
1.593856
1.764646
1.568652
1.611681
1.644031
1.640111
1.632569
1.635082
1.607991
1.576568
1.619834
1.602090
1.722717
1.633643
1.677528
1.512975
1.747940
1.663796
1.704804
1.633334
1.677549
1.608328
1.580205
1.727961
1.733990
1.583454
1.721810
1.592738
1.647373
1.616133
1.655397
1.680276
1.596967
1.723315
1.685025
1.604416
1.688621
1.681405
1.733344
1.721065
1.630120
1.695225
1.628661
1.659763
1.658293
1.720631
1.774112
1.721136
1.693658
1.607990
1.555917
1.596916
1.526600
1.707001
1.588873
1.664017
1.687707
1.591691
1.557607
1.682211
1.681120
1.591558
1.705511
1.491707
1.683202
1.617667
1.595505
1.593854
1.705161
1.704560
1.762600
1.578107
1.703504
1.697404
1.604669
1.586888
1.648044
1.566792
1.621527
1.614664
1.717717
1.713405
1.671824
1.751050
1.680536
1.497852
1.781788
1.584043
1.719992
1.605009
1.572302
1.597207
1.701936
1.620632
1.678022
1.708198
1.641525
1.634823
1.618007
1.717647
1.606792
1.620376
1.682486
1.672979
1.711703
1.788802
1.581585
1.695174
1.640783
1.586259
1.527217
1.671336
1.570182
1.678596
1.687348
1.670697
1.632965
1.605603
1.749836
1.565232
1.651237
1.556196
1.588120
1.650231
1.621459
1.659831
1.575802
1.571797
1.593113
1.665875
1.628077
1.562612
1.639860
1.574449
1.626032
1.709303
1.686622
1.633719
1.650118
1.622520
1.703096
1.663138
1.695491
1.548643
1.681049
1.590785
1.647399
1.608193
1.679245
1.592070
