1.680187
1.699455
1.569306
1.940905
2.030989
1.599942
1.538492
1.592149
1.883327
1.450593
1.576327
1.578429
1.683112
1.677893
1.617633
1.572176
1.424310
1.555126
1.432831
1.636208
1.436484
1.477257
1.776279
1.545705
1.688683
1.908822
1.310165
1.822882
1.452540
1.912467
1.786715
1.635754
1.511600
1.884644
1.840857
1.611460
2.057846
1.592372
1.496132
1.593739
1.508985
1.496949
1.773135
1.653862
1.541668
1.787168
1.553853
1.564027
1.444233
1.323659
1.674497
1.623654
1.588888
1.497931
1.649934
1.825602
1.507874
1.688697
1.462993
1.588604
1.466571
1.582911
1.538159
1.946250
1.721140
1.710504
1.580279
1.436467
1.877401
1.656107
1.678288
1.647694
1.499850
2.056083
1.734097
1.577612
1.684528
1.635829
1.624976
2.052186
1.653113
1.491476
1.464222
1.593832
1.300690
1.481082
1.872839
1.625290
1.635915
1.813999
1.546691
1.504634
1.846158
1.583860
1.983314
1.622233
1.573582
1.418128
1.711385
1.858740
1.681456
1.675966
1.615830
1.429063
1.733378
1.527506
1.849913
2.075228
1.626851
1.624540
1.741873
1.749011
1.434896
1.606708
1.799077
1.661842
1.583409
1.605033
1.806634
1.539705
1.833093
1.706671
1.851838
1.493020
1.623482
1.465764
1.595702
1.572824
1.420176
1.837458
1.561029
1.757413
1.520240
1.472600
1.455111
1.557357
1.805045
1.470362
1.589783
1.422718
1.806094
1.600057
1.724995
1.473999
1.622409
1.535530
1.547012
1.458994
1.550515
1.552246
1.517510
1.782419
1.730164
1.648837
1.895157
1.630862
1.723344
1.797991
1.816495
1.707726
1.779148
1.544559
1.750872
1.498982
1.478278
1.489174
1.832405
1.500173
1.862495
1.519496
1.552953
1.512262
1.665949
1.764181
1.696540
1.903913
1.698761
2.167748
1.705277
1.767778
1.417655
1.423607
1.694886
1.599990
1.695899
1.641610
1.676665
2.042334
1.323144
1.544115
1.572672
1.510440
1.449222
1.284827
1.686760
1.384058
1.573087
1.800743
1.641203
1.614675
1.481539
1.561155
1.314011
1.643100
1.646484
1.703803
1.649539
1.759370
1.929431
1.414238
1.556984
1.562655
1.954702
1.817827
1.601040
1.518165
1.539557
1.843301
1.429122
1.331404
1.338073
1.641781
1.325386
1.676679
1.606265
1.604652
1.772873
1.626063
1.651867
1.557032
1.457375
1.529947
1.455309
1.847579
2.131166
1.461644
1.688794
1.629449
1.593917
1.583051
1.764695
1.775589
1.844645
1.465327
1.399650
1.745997
1.584569
1.705408
1.686210
2.062714
1.708619
1.360112
1.774242
1.828392
1.546583
1.469855
1.748379
1.514214
1.833945
1.469533
1.489778
1.459818
1.695596
1.273109
1.429655
1.536224
1.344222
1.521776
1.618442
1.405687
1.727585
1.585068
1.648132
1.664573
1.323374
1.321133
1.648499
1.585540
1.472044
1.679557
1.485625
1.665393
2.069754
1.788693
1.580806
1.598587
1.770294
1.685355
1.743735
1.641545
1.557500
1.697075
1.516637
1.372863
1.868282
1.502693
1.631904
1.690834
1.831592
1.506344
1.787938
1.597555
1.779197
1.673040
1.710779
1.487277
1.586524
1.471597
1.516182
1.458622
1.456117
1.652806
1.627687
1.947065
1.642795
1.552941
1.459692
1.654306
1.555715
1.744024
1.912632
2.174723
1.477734
1.879353
1.442146
1.485960
1.623105
1.567751
1.442137
1.717053
1.497257
1.720749
1.657292
1.864888
1.601040
1.701867
2.017160
1.499459
1.601183
1.667200
1.482678
1.700737
1.568485
1.328686
1.598072
1.606457
1.548417
1.443895
1.603664
1.620791
1.311323
1.557291
1.710026
1.805169
1.680310
1.244907
1.539876
1.540655
1.872267
1.520985
1.389940
1.762807
1.628001
1.719413
1.391366
1.591274
1.471484
1.700638
1.546522
1.686814
1.550914
1.636990
1.508762
1.923995
1.497209
1.998619
1.658614
1.765973
1.636219
1.669634
1.793783
1.567207
1.645351
1.649543
1.470996
1.536027
1.617222
1.863385
1.708876
1.424914
1.708233
1.724554
1.537087
1.691412
1.620039
1.825074
1.491422
1.778292
1.835046
1.565154
1.691499
1.696517
1.826308
1.485990
1.530698
1.435626
1.594552
1.365608
1.590005
1.518664
1.748148
1.539988
1.436929
1.429497
1.689788
1.637176
1.497920
1.621782
1.429901
1.902906
1.563165
1.640481
1.514902
1.694115
1.555092
1.394188
1.516698
1.678163
1.662755
1.377927
1.560457
1.685191
1.691750
1.593644
1.417054
1.677869
1.939023
2.093186
1.639145
1.674257
1.305842
1.649381
1.677189
2.128421
1.603735
1.615630
1.430608
1.594214
1.669611
1.572873
1.587423
1.571027
1.421191
1.505957
1.502699
2.002321
1.634933
1.740303
1.784117
1.853845
1.579982
1.634216
1.713124
1.973258
1.591103
1.557988
1.634175
1.635894
1.576836
1.668071
1.452123
1.664386
1.537073
1.525328
1.888026
1.471167
1.370448
1.977057
1.834354
1.766670
1.847467
1.451468
1.720445
1.488954
1.535764
1.676891
1.808122
1.789706
1.936024
1.629944
1.437632
1.981356
2.068173
1.715343
1.448060
1.835413
1.480760
1.612129
1.347033
1.762328
1.608754
1.342862
1.803046
1.628080
1.440082
1.815886
1.674843
1.542204
1.688015
1.779813
1.543449
1.547275
1.464378
1.608759
1.609661
1.689326
1.514645
1.744233
1.773493
2.082238
1.853897
1.866475
1.587328
1.835746
1.619826
1.532069
1.473439
1.597761
1.738590
1.321963
1.631011
1.594570
1.593345
1.750876
1.502507
1.824401
1.432353
1.525716
2.039752
1.626330
1.689483
1.574886
1.854693
1.534101
1.864681
1.544235
1.321671
1.968405
1.533614
2.026604
1.678070
1.724057
1.740844
1.609948
1.560173
1.917083
1.564100
1.988653
1.882028
1.612156
1.538257
1.631089
1.493747
1.866914
1.285734
1.792623
1.498231
1.656351
1.869310
1.536396
1.610503
1.464466
1.541453
1.834338
1.445219
1.698490
1.758923
1.619520
1.707114
1.452543
1.635875
1.453872
1.628830
1.519888
1.728127
1.509734
1.461798
1.841034
1.698151
1.424901
1.833786
1.522654
1.511628
1.608843
1.852361
1.503471
1.533026
1.809301
1.681646
1.676770
1.614992
1.721172
1.386944
1.508631
1.761432
1.423557
1.788054
1.695281
1.484293
1.757825
1.659005
1.405923
1.462940
1.547729
1.690318
1.337770
1.604172
1.511437
1.449474
2.512484
1.750887
1.986779
1.679543
1.367104
1.719849
1.619509
1.535590
1.575091
1.466942
1.809117
1.415766
1.589930
1.692342
1.437631
1.527183
1.435542
1.623191
1.454831
1.499740
1.661176
1.721837
1.644324
1.707704
1.686704
1.838775
1.939529
1.446181
1.471156
1.758152
1.492821
1.472805
1.494060
1.507716
1.537667
1.809534
1.582811
1.584040
1.616536
1.670175
1.632879
1.817620
1.713824
1.447942
1.985934
1.566681
1.873721
1.671736
1.559712
1.644838
1.459971
1.481990
1.804898
1.461312
1.450245
1.528397
1.535917
1.519386
1.938232
1.644230
1.617448
1.537397
1.671488
1.381544
1.641250
1.840601
1.406949
1.614503
1.581244
1.693405
1.610109
1.503286
1.877364
1.336706
1.530439
1.310056
1.717251
1.372078
1.759164
1.684395
1.675603
1.466504
1.495335
1.341348
1.610087
1.566912
1.760252
1.804049
1.325303
1.650846
1.522335
1.743803
1.594679
1.669257
1.736547
1.881607
1.816593
1.742833
1.848099
1.762430
1.602168
1.963947
1.688041
1.604460
1.717360
1.714189
1.767836
1.443127
1.984590
1.437719
1.286142
1.655785
1.554902
1.577809
1.315023
1.710518
1.551136
1.320176
1.765442
1.729406
1.550533
1.822799
1.736555
1.807503
1.310395
1.523514
1.619059
1.425028
1.507366
1.789803
1.869611
1.696024
1.716673
1.494739
1.654140
1.736713
1.312700
1.610614
1.559289
1.650835
1.717238
1.435700
1.666436
1.440389
1.476691
1.753536
1.946190
1.888803
1.619446
2.149482
1.603849
1.725293
1.347569
1.798733
1.975597
1.700976
1.709443
1.425156
1.705257
1.548222
1.368783
2.065162
1.766826
1.790239
1.627637
1.480258
1.715436
1.321009
1.346411
1.711672
1.526462
1.721542
1.447699
1.642551
1.708680
1.756882
1.731649
1.610525
1.827976
1.635672
1.607832
1.557178
1.534366
1.938421
1.578690
1.596402
1.773257
1.522994
1.317062
1.518541
1.649308
1.942954
1.574441
1.641180
1.629203
1.823649
1.422985
1.854459
1.944958
1.902090
1.639049
1.522381
1.664359
1.629999
1.777247
1.452606
1.625658
1.702703
1.865987
1.702815
1.646594
1.566290
1.341268
1.754903
1.435481
1.304146
1.572731
1.728769
1.818235
1.771036
1.621022
1.909100
1.678431
1.578680
1.460829
1.274955
1.544098
1.432238
1.698248
1.667289
1.581495
1.744302
1.671205
1.634701
1.655523
1.524325
1.622075
1.528637
1.626189
1.402772
1.728362
1.368237
1.508906
1.509785
1.747472
1.588741
1.463055
1.603269
1.840197
1.468859
1.936343
1.562426
1.617007
1.767609
1.675173
1.547849
1.707163
1.543347
1.547651
1.858301
1.588982
1.391489
1.666818
1.874556
1.546378
1.655540
1.842959
1.520315
1.465388
1.863751
1.636047
1.728785
2.023435
1.538764
1.871014
1.828298
1.537859
1.826962
1.757090
1.788413
1.739485
1.668212
1.623346
1.664499
2.220690
1.637382
1.645407
1.818704
1.426198
1.871326
1.532975
1.559241
1.785061
1.481100
1.641715
1.655984
1.709992
1.476572
1.457304
2.037118
1.428572
1.648317
1.991405
1.633137
1.722167
1.606455
1.630242
1.517611
1.580406
1.843929
1.642249
1.773460
1.451570
1.592777
1.753031
1.584363
1.578062
1.517971
1.571288
1.481642
2.041271
1.762323
1.436330
1.381404
1.573422
1.549525
1.626025
1.750977
1.642207
1.555531
1.578673
1.580251
1.541401
1.625182
1.530312
1.401638
1.495432
1.798035
1.500613
1.602778
1.358937
1.685171
2.312567
1.959447
1.579839
1.636807
1.601487
1.542178
1.738111
1.475777
1.654686
1.630940
1.512841
1.857749
1.410557
1.415581
1.859078
1.494532
1.640298
1.451750
1.741488
1.410837
1.405078
1.603699
1.492373
1.643340
1.469977
1.785873
1.722295
1.417568
1.805754
1.537412
1.630175
1.685447
1.516651
1.351529
1.439786
1.602483
1.297488
1.661185
1.777090
