1.635334
1.642699
1.667822
1.659088
1.650316
1.686446
1.595353
1.585326
1.610069
1.679498
1.664038
1.653396
1.626055
1.613055
1.607111
1.677591
1.669692
1.594973
1.615489
1.635279
1.758382
1.705491
1.694931
1.570767
1.657844
1.612106
1.598212
1.621420
1.740591
1.632368
1.632208
1.663256
1.667112
1.661577
1.670606
1.738434
1.681383
1.672836
1.671115
1.642658
1.685849
1.621366
1.734226
1.640115
1.652999
1.641153
1.622460
1.593644
1.620884
1.581299
1.692759
1.754318
1.630630
1.631586
1.620042
1.644943
1.741531
1.732029
1.630402
1.620020
1.671537
1.627685
1.636946
1.566086
1.608004
1.561068
1.648476
1.668913
1.633328
1.685019
1.701791
1.677584
1.579310
1.688152
1.647631
1.710705
1.611272
1.704367
1.695353
1.588047
1.665819
1.706951
1.568664
1.647132
1.627260
1.664321
1.663673
1.655342
1.685920
1.625876
1.673446
1.692807
1.591997
1.686296
1.587093
1.611926
1.644774
1.664938
1.626156
1.636612
1.689353
1.704850
1.673482
1.586690
1.590010
1.629756
1.622748
1.594066
1.652665
1.624933
1.704099
1.738149
1.707242
1.655588
1.615738
1.634636
1.657847
1.626261
1.681011
1.671685
1.637196
1.657021
1.629453
1.640709
1.613584
1.571733
1.639046
1.640942
1.663271
1.652666
1.655529
1.618962
1.637371
1.695198
1.606887
1.597361
1.664645
1.697718
1.536435
1.667539
1.653592
1.661798
1.662734
1.705923
1.643702
1.717745
1.589414
1.647866
1.661019
1.596890
1.706676
1.740381
1.609722
1.627319
1.650273
1.629695
1.607096
1.711239
1.656316
1.648120
1.715254
1.663966
1.668160
1.711988
1.567313
1.602190
1.640141
1.604124
1.611670
1.676033
1.634470
1.599203
1.641398
1.643323
1.738594
1.642679
1.664550
1.631754
1.642064
1.653528
1.755829
1.637787
1.664228
1.525050
1.644205
1.689114
1.677258
1.677629
1.676917
1.673027
1.698939
1.713870
1.626538
1.605648
1.632190
1.636778
1.645670
1.647378
1.645493
1.664352
1.724475
1.662865
1.641763
1.729839
1.578322
1.712034
1.682089
1.678502
1.644539
1.626376
1.606019
1.648491
1.714066
1.644935
1.644298
1.668644
1.620293
1.655189
1.720052
1.692828
1.696418
1.617354
1.665850
1.668932
1.565895
1.656139
1.681817
1.680240
1.660932
1.590108
1.607954
1.679950
1.624630
1.654676
1.607741
1.641943
1.643053
1.607336
1.659454
1.635455
1.644868
1.679179
1.581156
1.705118
1.581864
1.627285
1.641211
1.666824
1.691064
1.709093
1.621977
1.699220
1.722461
1.656316
1.599493
1.613963
1.643346
1.666232
1.642985
1.693624
1.572808
1.661604
1.641366
1.639858
1.665057
1.730793
1.668929
1.652206
1.628210
1.616381
1.707781
1.629281
1.634546
1.664394
1.660451
1.606718
1.575165
1.712275
1.705491
1.733509
1.701091
1.719033
1.610947
1.611202
1.651715
1.670819
1.624264
1.607452
1.640495
1.619079
1.668230
1.685860
1.665318
1.616196
1.614841
1.643618
1.602301
1.651182
1.624205
1.631618
1.628270
1.642137
1.678570
1.633690
1.601954
1.659197
1.632221
1.609573
1.575133
1.640418
1.613597
1.610816
1.657589
1.690284
1.594135
1.684465
1.702219
1.696502
1.661341
1.654649
1.733583
1.691119
1.626322
1.571000
1.672429
1.621066
1.668041
1.667708
1.626591
1.620970
1.623805
1.707109
1.727254
1.590062
1.651718
1.610962
1.603351
1.588190
1.621605
1.636539
1.624877
1.640631
1.649203
1.676634
1.683521
1.660198
1.638777
1.706769
1.614266
1.718393
1.704242
1.626068
1.676504
1.619026
1.618328
1.577481
1.645583
1.648381
1.680103
1.690512
1.694443
1.657891
1.551263
1.661397
1.657591
1.662305
1.686394
1.599718
1.650616
1.694073
1.612398
1.639912
1.606520
1.680719
1.665471
1.639904
1.722438
1.605599
1.660234
1.650437
1.608804
1.682024
1.647257
1.634162
1.570389
1.684917
1.691297
1.654729
1.588105
1.695147
1.619428
1.641625
1.645360
1.661895
1.723155
1.692869
1.728970
1.542430
1.591348
1.607319
1.665279
1.696199
1.677644
1.634785
1.640192
1.581911
1.683698
1.668165
1.618125
1.612391
1.674338
1.559745
1.685580
1.605496
1.669285
1.650402
1.667292
1.717845
1.634789
1.633417
1.592929
1.663819
1.590418
1.704123
1.720902
1.702176
1.571196
1.628947
1.746090
1.664061
1.688047
1.621082
1.613904
1.625229
1.605438
1.659366
1.652491
1.676476
1.660548
1.607039
1.651401
1.656908
1.646199
1.643800
1.651824
1.673160
1.683584
1.699173
1.591379
1.632680
1.664029
1.674152
1.599716
1.722362
1.661386
1.671657
1.698089
1.645984
1.688340
1.669818
1.669513
1.600662
1.636562
1.660799
1.560955
1.662453
1.578671
1.618455
1.697051
1.604404
1.596372
1.644638
1.659498
1.739693
1.673938
1.592873
1.685664
1.626954
1.615420
1.696089
1.684331
1.640226
1.657597
1.606451
1.629549
1.603294
1.612848
1.649823
1.547629
1.573667
1.636563
1.613762
1.604959
1.649038
1.642203
1.618438
1.633012
1.717014
1.671284
1.662955
1.688190
1.603726
1.611771
1.606332
1.595783
1.698462
1.659694
1.682035
1.611649
1.648565
1.624551
1.623786
1.588596
1.696450
1.689960
1.651082
1.659945
1.593266
1.626255
1.653584
1.651663
1.673816
1.714028
1.633845
1.610737
1.642571
1.649745
1.613447
1.618684
1.570837
1.636859
1.651644
1.646764
1.674317
1.600602
1.672639
1.602409
1.621106
1.613994
1.757795
1.573649
1.612053
1.620117
1.667553
1.667037
1.612908
1.727286
1.693314
1.632454
1.636749
1.651691
1.578271
1.700410
1.617015
1.618603
1.665279
1.550081
1.625713
1.676882
1.653085
1.583930
1.685727
1.606298
1.645134
1.586464
1.653577
1.729653
1.705447
1.727702
1.606622
1.693747
1.599703
1.598986
1.583948
1.679755
1.664790
1.651620
1.564199
1.594311
1.660396
1.649505
1.667886
1.661156
1.582130
1.622442
1.652280
1.650372
1.575106
1.682494
1.631623
1.646705
1.685000
1.639789
1.679923
1.666355
1.605394
1.607095
1.655670
1.648285
1.593044
1.605107
1.693436
1.672793
1.729411
1.628579
1.679324
1.621006
1.726959
1.630326
1.708397
1.680522
1.625636
1.746179
1.608565
1.659774
1.634179
1.701949
1.596311
1.668536
1.659101
1.649130
1.612942
1.684211
1.638242
1.632820
1.790632
1.615731
1.669304
1.719694
1.662016
1.641865
1.704064
1.625030
1.603293
1.676178
1.639404
1.729249
1.625058
1.649046
1.583521
1.603778
1.677158
1.636513
1.616151
1.636260
1.645872
1.668262
1.592804
1.654629
1.607814
1.641024
1.675923
1.658536
1.564360
1.597849
1.672135
1.640568
1.575682
1.651341
1.586849
1.697429
1.586803
1.643104
1.733014
1.657027
1.614103
1.626384
1.640035
1.616876
1.714112
1.681382
1.653260
1.736279
1.663931
1.672396
1.629758
1.552699
1.640494
1.682508
1.636747
1.629297
1.589069
1.711236
1.547984
1.667323
1.705946
1.578095
1.666740
1.584489
1.635601
1.633100
1.645984
1.659574
1.663104
1.601753
1.655814
1.627341
1.658579
1.610912
1.547517
1.632741
1.673979
1.630895
1.661608
1.651579
1.581731
1.660861
1.682260
1.640847
1.574355
1.634600
1.711729
1.641661
1.698279
1.698062
1.636701
1.588962
1.598983
1.691501
1.607551
1.604632
1.620075
1.592262
1.659288
1.557235
1.632999
1.614471
1.729255
1.709817
1.613839
1.626519
1.681165
1.647916
1.681057
1.633029
1.675983
1.646248
1.682579
1.617870
1.712058
1.624893
1.695037
1.626049
1.644701
1.628327
1.586727
1.615212
1.603294
1.638763
1.627685
1.697836
1.682591
1.668404
1.660058
1.692684
1.607950
1.695235
1.666920
1.685903
1.632070
1.696059
1.649388
1.630658
1.634276
1.673352
1.656283
1.642115
1.599460
1.689010
1.608531
1.660285
1.614328
1.680271
1.618714
1.662655
1.786096
1.625073
1.650755
1.643516
1.669117
1.661029
1.604002
1.638922
1.619441
1.678198
1.712475
1.615800
1.706230
1.594787
1.644291
1.658550
1.658355
1.635467
1.636531
1.659859
1.686873
1.648359
1.613618
1.626948
1.620444
1.665876
1.604583
1.653429
1.683313
1.725872
1.650252
1.594422
1.636992
1.672939
1.631480
1.708350
1.668033
1.700145
1.708030
1.655115
1.684793
1.682329
1.597292
1.640808
1.729698
1.651158
1.537289
1.581471
1.656608
1.611579
1.724638
1.668626
1.636738
1.684022
1.629654
1.602838
1.667300
1.692548
1.685175
1.656568
1.721235
1.686913
1.631152
1.681468
1.617777
1.663951
1.670885
1.587702
1.659910
1.767564
1.646589
1.622468
1.638175
1.629087
1.674508
1.634563
1.638932
1.605323
1.636286
1.694922
1.663593
1.688302
1.561417
1.667784
1.694823
1.573372
1.574834
1.591608
1.641871
1.642811
1.642080
1.617581
1.672503
1.675139
1.632690
1.570594
1.626182
1.612991
1.698521
1.667259
1.677294
1.674046
1.745278
1.674985
1.640658
1.662873
1.660805
1.678281
1.640987
1.685438
1.642495
1.682887
1.657475
1.677382
1.679667
1.595919
1.660748
1.655211
1.625900
1.619392
1.682826
1.657963
1.623172
1.715843
1.680502
1.586258
1.636097
1.679790
1.653509
1.649593
1.651698
1.642762
1.677447
1.648238
1.621961
1.741618
1.645225
1.684761
1.688916
1.591119
1.556522
1.648825
1.603384
1.669639
1.666804
1.703423
1.649610
1.613710
1.703401
1.605241
1.713164
1.640218
1.637493
1.665879
1.596042
1.611434
1.667683
1.666375
1.639631
1.569216
1.746070
1.639118
1.655278
1.661378
1.628762
1.566562
1.734961
1.659844
1.677175
1.684342
1.613558
1.632936
1.701420
1.756724
1.660985
1.623525
1.657668
1.721797
1.675668
1.693974
1.596920
1.607671
1.647080
1.653212
1.716633
1.658869
1.772017
1.715543
1.628479
1.715433
1.624676
1.683577
1.596887
1.639573
1.731210
1.624980
1.576670
1.641991
1.701934
1.679379
1.643268
1.633247
1.655550
1.638589
1.702928
1.688130
1.684917
1.671578
1.698848
1.673825
1.619648
1.678004
1.626061
1.752877
1.678055
1.635527
1.606887
1.619560
1.606987
1.642781
1.670396
1.602976
1.721597
1.607964
1.578505
