1.708013
1.534835
1.706898
1.577965
1.667911
1.615081
1.584263
1.577166
1.623282
1.518266
1.790867
1.531939
1.939103
1.603831
1.552847
1.690006
1.589452
1.623103
1.768984
1.444748
1.772054
1.471903
1.766538
1.571252
1.621613
1.645711
1.607850
1.762016
1.693891
1.657413
1.656082
1.572814
1.647377
1.654760
1.876144
1.770788
1.634013
1.699548
1.666366
1.805722
1.728170
1.553668
1.770870
1.773561
1.806857
1.881191
1.688396
1.805743
1.670664
1.617704
1.630179
1.571678
1.574032
1.860072
1.579560
1.641440
1.569346
1.508712
1.627549
1.521161
1.683448
1.478504
1.686003
1.541716
1.657476
1.594947
1.650091
1.723570
1.609894
1.613256
1.688968
1.582582
1.677774
1.755073
1.725543
1.506141
1.385334
1.621287
1.601954
1.642256
1.592224
1.517406
1.470475
1.584230
1.741058
1.472438
1.843509
1.822384
1.586394
1.702679
1.763404
1.366557
1.600291
1.508842
1.723426
1.560393
1.424582
1.568040
1.652824
1.630287
1.639423
1.550581
1.479991
1.855342
1.581853
1.663553
1.641164
1.650862
2.144955
1.702341
1.656979
1.610202
1.588913
1.609992
1.449326
1.719513
1.737209
1.754760
1.617461
1.651506
1.807739
1.748386
1.476525
1.632569
1.549329
1.643826
1.564611
1.488869
1.594095
1.855320
1.754686
1.663103
1.801397
1.526750
1.490755
1.553977
1.760934
1.494455
1.553635
1.530689
1.841257
1.404176
1.712988
1.841121
1.525945
1.860696
1.653923
1.846422
1.584274
2.007059
1.968211
1.762420
1.611013
1.595853
1.646150
1.618986
1.513010
1.601567
1.604546
1.603463
1.648335
1.742034
1.746277
1.663795
1.540181
1.424199
1.786321
1.562721
1.679573
1.415638
1.516672
1.610656
1.500677
1.689058
1.718026
1.520581
1.558259
1.789532
1.637700
1.703153
1.586841
1.676737
1.591920
1.630728
1.552603
1.445227
1.981166
1.702411
1.581010
1.654067
1.743773
1.410507
1.714537
1.580407
1.581399
1.620168
1.662247
1.662540
1.602389
1.700322
1.612043
1.518974
1.523755
1.441226
1.955090
1.464926
1.652283
1.763209
1.582789
1.563988
1.626343
1.749192
1.671659
1.662193
1.699103
1.707845
1.629453
1.557198
1.547547
1.558837
1.610854
1.552935
1.600545
1.853695
1.630472
1.638388
1.523067
1.308192
1.655546
1.841273
1.774359
1.806352
1.768454
1.620343
1.457466
1.494657
1.552542
1.770613
1.596625
1.645367
1.668067
1.443768
1.709818
1.782511
1.732956
1.597426
1.624341
1.571817
1.585032
1.584322
1.557803
1.758580
1.675491
1.506710
1.723723
1.823872
1.813195
1.396624
1.819907
1.553493
1.615284
1.479089
1.818808
1.455038
1.566006
1.789161
1.786016
1.471736
1.628883
1.490788
1.637166
1.655762
1.683193
1.363544
1.758670
1.716586
1.834899
1.663038
1.603420
1.579073
1.634017
1.567763
1.847941
1.601907
1.627930
1.522489
1.731962
1.617499
1.776197
1.749839
1.760525
1.589765
1.845621
1.666104
1.891035
1.472183
1.774252
1.675368
1.428270
1.472966
1.753825
1.700206
1.678157
1.674263
1.467555
1.894823
1.856452
1.817267
1.535259
1.803001
1.683777
1.693067
1.757941
1.650346
1.612485
1.434083
1.605695
1.692498
1.617542
1.468932
1.559767
1.687415
1.587490
1.529153
1.649186
1.486332
1.659653
1.570740
1.587645
1.637677
1.645073
1.603666
1.354221
1.650835
1.540378
1.517333
1.572043
1.421578
1.582950
1.512490
1.627550
1.492352
1.758211
1.680832
1.841062
1.708037
1.613708
1.635993
1.788884
1.725510
1.753671
1.684271
1.494422
1.642883
1.534832
1.551765
1.591094
1.724341
1.502893
1.596792
1.632644
1.614430
1.652757
1.566727
1.630939
1.713218
1.582896
1.940241
1.553880
1.643102
1.717996
1.688074
1.833567
1.587214
1.514289
1.908316
1.534362
1.570993
1.829685
1.766343
1.846347
1.596008
1.512897
1.635066
1.726315
1.452810
1.880988
1.637792
1.773881
1.674270
1.620189
1.913743
1.773225
1.671738
1.772433
1.565466
1.607605
1.627791
1.552632
1.514511
1.454912
1.622243
1.550956
1.648751
1.803140
1.585067
1.672611
1.459110
1.419292
1.544929
1.837526
1.539809
1.606120
1.596134
1.337257
1.637288
1.502806
1.655448
1.625865
1.476041
1.317660
1.736694
1.417571
1.572991
1.724718
1.533281
1.791861
1.588777
1.575240
1.622909
1.656031
1.501710
1.569601
1.586998
1.787212
1.504336
1.859451
1.893786
1.610161
1.599883
1.793341
1.738090
1.972769
1.454452
1.457503
1.619669
1.554741
1.694131
1.665437
1.830665
1.671813
1.772131
1.663451
1.634627
1.616174
1.514733
1.732146
1.762257
1.611876
1.607252
1.778459
1.636548
1.524118
1.750586
1.846840
1.607307
1.550044
1.403389
1.768756
1.560458
1.669278
1.772381
1.690452
1.618321
1.829585
1.421096
1.821692
1.487723
1.622279
1.678585
1.616929
1.475819
1.675278
1.582563
1.555514
1.483339
1.510841
1.572888
1.516693
1.682909
1.597491
1.716983
1.683648
1.733728
1.625678
1.596374
1.784968
1.661581
1.648472
1.585716
1.529862
1.458670
1.611523
1.783351
1.395065
1.449598
1.459938
1.648340
1.568838
1.537589
1.673188
1.724914
1.677719
1.651696
1.888593
1.689579
1.442112
1.660847
1.722600
1.643561
1.597633
1.506642
1.586571
1.602592
1.695805
1.568277
1.728621
1.620347
1.735667
1.586418
1.600227
1.753444
1.670076
1.671974
1.580748
1.659476
1.799081
1.431968
1.905296
1.715164
1.627166
1.719010
1.877664
1.693358
1.587267
1.748187
1.764920
1.596173
1.548213
1.672028
1.486896
1.733547
1.597664
1.583151
1.590290
1.569757
1.777522
1.721936
1.600746
1.729677
1.564430
1.635479
1.710252
1.556948
1.538952
1.525819
1.833592
1.810201
1.654964
1.544112
1.733955
1.478297
1.469822
1.547923
1.431679
1.711792
1.579371
1.500013
1.594589
1.557665
1.774284
1.519124
1.718460
1.439841
1.470012
1.540750
1.498206
1.677438
1.590999
1.703597
1.475761
1.725807
1.926541
1.740226
1.608219
1.479776
1.458634
1.530032
1.651740
1.757154
1.468849
1.723893
1.811904
1.556152
1.438119
1.934577
1.576014
1.561255
1.902423
1.614752
1.500934
1.588066
1.553395
1.597955
1.667666
1.466910
1.425017
1.648851
1.484085
1.592936
1.607764
1.811641
1.531902
1.499850
1.683086
1.872449
1.540666
1.960094
1.479395
1.619166
1.744350
1.746296
1.595203
1.568138
1.753425
1.828389
1.851372
1.560054
1.690642
1.697799
1.602198
1.657414
2.015867
1.773349
1.670688
1.678391
1.470927
1.369776
1.546177
1.634547
1.842596
1.783374
1.687255
1.616115
1.724534
1.844667
1.657893
1.602493
1.657866
1.844356
1.732344
1.642810
1.953148
1.530753
1.566293
1.715429
1.498642
1.551427
1.635329
1.699014
1.654063
1.788487
1.719322
1.870719
1.569272
1.642442
1.604050
1.717246
1.496991
1.580646
1.577277
1.574442
1.700853
1.679422
1.602073
1.560056
1.416318
1.721836
1.717884
1.461261
1.609599
1.748145
1.672153
1.642016
1.753108
1.613240
1.799474
1.585528
1.548283
1.564775
1.615007
1.755645
1.601996
1.480431
1.778857
1.494935
1.721280
1.519081
1.808737
1.517175
1.524993
1.622359
1.712105
1.579499
1.565929
1.764245
1.602977
1.441610
1.605665
1.702454
1.533353
1.549419
1.576643
1.680143
1.504533
1.548842
1.590746
1.697667
1.661972
1.576782
1.633692
1.679973
1.647992
1.557183
1.746115
1.494908
1.584349
1.546460
1.540885
1.412089
1.665871
1.546215
1.541374
1.355391
1.570849
1.569128
1.515830
1.770447
1.653419
1.476798
1.776212
1.484471
1.660528
1.594558
1.488303
1.626465
1.592801
1.644241
1.618786
1.651279
1.486842
1.555142
1.824002
1.588435
1.647997
1.748972
1.729258
1.681555
1.485957
1.542469
1.633439
1.868576
1.749113
1.562962
1.512751
1.554312
1.597992
1.657733
1.649709
1.506650
1.653704
1.800860
1.661109
1.528485
1.411651
1.709152
1.676386
1.530020
1.713158
1.638635
1.573702
1.839099
1.747274
1.594033
1.623596
1.629251
1.670888
1.459971
1.830059
1.424544
1.662903
1.703794
1.613298
1.619291
1.655229
1.849261
1.561157
1.545108
1.583807
1.694063
1.674764
1.480840
1.636738
1.570837
1.507490
1.652751
1.765904
1.537866
1.613605
1.913138
1.923713
1.703954
1.683745
1.603665
1.520746
1.608333
1.659090
1.647575
1.620056
1.622215
1.829384
1.740155
1.689939
1.695208
1.425121
1.807588
1.552874
1.544051
1.881550
1.720588
1.563546
1.847246
1.767631
1.483745
1.583530
1.699580
1.716568
1.628567
1.482733
1.583198
1.482183
1.696349
1.887146
1.423318
1.574763
1.525890
1.683821
1.486725
1.815228
1.550689
1.653536
1.649270
1.452301
1.503560
1.677458
1.486428
1.782335
1.474452
1.523921
1.707000
1.476904
1.757448
1.555022
1.584329
1.614152
1.552547
1.577445
1.676045
1.923375
1.701081
1.727155
1.732997
1.488200
1.767719
1.545368
1.638789
1.424703
1.539677
1.459163
1.519287
1.590197
1.518408
1.618884
1.613362
1.575973
1.742496
1.479886
1.514138
1.760092
1.555013
1.665225
1.694899
1.293918
1.641554
1.643737
1.588104
1.609000
1.713379
1.578860
1.822553
1.767579
1.752742
1.672502
1.751895
1.519881
1.749171
1.640888
1.520670
1.713580
1.438729
1.564058
1.525591
1.692048
1.974275
1.610756
1.815844
1.819259
1.622253
1.475811
1.433226
1.754304
1.683937
1.580729
1.801117
1.471587
1.825195
1.755130
1.800027
1.742437
1.611427
1.538714
1.440917
1.720975
1.603576
1.733662
1.771347
1.538502
1.484997
1.429983
1.512427
1.598950
1.521677
1.742783
1.754069
1.686256
1.505959
1.500411
1.670648
1.526591
1.444423
1.581013
1.969771
1.705226
1.528311
1.657337
1.685191
1.553970
1.755349
1.610602
1.933071
1.793100
1.487436
1.568554
1.438971
1.528236
1.826501
1.437811
1.686687
1.624372
1.653156
1.619619
1.415114
1.628759
1.592803
1.598789
1.728394
1.507476
1.481212
1.633345
1.554376
1.536339
1.695875
1.512969
1.766802
1.535036
1.552922
1.598096
1.558792
1.647467
1.750165
