3.489471
3.315307
3.558031
3.461542
3.494624
3.342421
3.173762
3.052656
3.253370
3.001816
3.666734
3.415450
3.779706
3.428614
3.514969
3.517889
3.140894
3.143602
3.544126
3.381874
3.286807
3.672890
3.232241
3.582150
2.880596
3.398211
3.240230
3.373157
3.155575
3.149239
3.305479
3.519701
3.064849
3.348987
3.397331
3.690578
3.185880
3.119804
3.077780
3.063134
3.296598
3.468713
3.291370
3.438092
2.933627
3.083122
2.943502
3.456787
2.946650
3.461913
3.256271
4.036612
3.754538
3.158978
3.779078
3.381748
3.308790
3.026393
3.041796
3.420452
3.611075
3.440346
3.217480
3.380148