3.390166
3.113376
3.552063
3.550601
2.931236
3.660067
2.745824
3.054425
3.133145
3.731948
3.459736
3.809886
3.520000
3.462527
3.181499
3.317246
3.591949
3.592027
3.247734
3.737934
3.253400
3.189086
3.040394
3.462546
3.208062
3.290536
3.191658
3.297635
4.000209
2.837660
3.220504
3.123954
3.494076
3.192978
3.477246
2.978048
3.102128
3.655923
3.168087
3.579553
3.093952
3.341911
3.595044
3.269163
3.326624
3.244722
2.988079
3.140672
3.109750
3.084653
3.135368
3.441165
3.130410
3.324696
3.187762
3.492827
3.385153
3.408954
3.391548
3.416709
3.315307
3.178190
3.165699
3.459257