3.380084
3.698502
3.213218
3.481374
3.236923
3.349529
3.281198
3.478136
3.534605
3.361676
3.396510
3.472528
3.371614
3.462061
3.530259
3.241692
3.289413
3.165718
3.753236
3.394083
3.459775
3.632914
3.293586
3.750781
3.302974
3.311857
3.111183
3.297935
3.828372
3.146593
3.534786
3.286526
3.426551
3.473415
3.305124
3.360470
3.595271
3.075553
3.148322
3.184806
3.893828
3.588128
3.513268
3.334677
3.533542
2.813659
3.038881
3.389902
2.797395
3.569249
3.533082
3.229188
3.214826
3.794713
3.453894
3.346214
3.389535
3.373041
3.161840
3.320670
3.327720
3.632926
3.247122
3.347132