3.259393
2.726665
2.686792
3.293887
2.754995
3.409507
3.157791
3.468045
3.087571
3.511086
3.187704
3.338252
3.051344
3.536120
3.393910
3.410104
3.138215
3.258264
2.963855
2.930091
3.302454
3.458815
3.024619
3.160499
3.167335
3.074383
3.026836
3.485372
3.405179
3.013263
3.554354
3.404552
3.103647
3.335683
3.678784
3.245308
3.322944
3.479928
3.209836
3.104802
2.843705
2.991087
3.494821
3.195666
3.285824
3.223444
3.206636
3.592618
3.305332
3.580446
3.165407
3.364121
3.106077
3.490742
3.277006
3.157636
3.029910
3.319690
3.153939
3.218904
3.423943
3.318732
3.208519
3.145838