3.077706
3.095366
3.260297
3.341776
3.063987
3.368138
3.250377
3.321920
3.400031
2.998302
3.212713
2.884980
3.138508
3.406786
3.476654
2.897716
3.396858
3.098353
3.184081
3.299176
3.536872
3.307044
3.485418
2.836275
3.331436
3.311655
3.895567
3.293306
3.335802
3.265320
3.427130
3.795101
3.011019
3.181545
3.447684
3.103049
2.971221
3.013328
3.397494
3.028791
3.342926
3.704338
3.359731
3.450183
3.479687
3.151245
3.422332
3.414594
3.279104
3.237316
2.961799
3.270574
3.083771
3.391735
3.157947
3.931388
3.321126
3.321133
3.435531
3.500462
3.633827
3.102939
3.553333
3.833246