3.314244
3.491545
3.007992
3.602045
2.790755
4.150550
3.396554
3.500483
3.605504
3.398686
2.986504
3.193835
3.494381
3.293902
3.343919
3.173580
3.152825
2.939251
3.166461
3.129098
3.557177
2.956434
3.030842
3.407017
3.225961
3.382930
3.536698
3.662676
3.239546
3.172590
3.496530
3.037935
3.584385
3.315701
3.393240
3.243434
3.322281
3.363436
3.360365
3.720850
3.948808
3.448519
3.287927
3.196503
3.379589
3.135284
3.364881
3.239081
3.082615
3.008289
3.467441
3.290412
3.393130
3.512554
3.263500
2.978619
3.322363
3.082600
3.441492
3.363545
3.541746
3.112237
3.864762
3.376208