2.805666
3.103912
3.149495
3.189128
3.207784
3.167463
3.652129
3.429610
3.277889
3.731193
3.274956
3.347262
3.480967
3.793078
3.904751
3.452404
3.364714
3.158335
3.008546
3.719048
3.374983
3.658959
3.442669
3.046904
3.195852
3.579539
3.577245
3.229627
3.827364
3.351107
3.479359
3.171196
3.095832
3.212692
3.193986
3.142079
3.204061
3.745278
3.242089
3.636066
3.405569
3.395947
3.196200
3.252089
3.419943
2.950266
3.467847
3.713996
3.513667
3.826203
3.626527
3.440604
3.361287
3.662643
2.900803
3.743466
3.055881
3.264665
3.033650
3.181835
3.213536
3.717408
3.746357
3.585309