2.573471
2.860833
3.491163
2.661808
3.374957
3.154016
2.938741
2.992528
3.380320
3.220354
3.445778
2.771487
2.820668
3.539619
3.871591
3.715657
3.588313
3.244451
3.385899
3.106376
3.492659
3.533294
4.019120
3.062721
3.372824
3.387957
2.752579
3.707232
3.506882
3.613893
3.909158
4.041478
3.682287
3.584244
3.293413
3.515622
2.814267
3.993232
3.289896
2.936452
2.942725
2.856565
3.915785
3.465720
3.361197
3.751049
3.086676
3.492126
3.876481
3.521323
3.625196
2.883906
3.070552
3.156265
3.099603
3.188695
3.691373
3.869779
3.695600
3.198378
3.011591
3.319151
4.009236
3.623653