3.411956
3.250640
3.751118
3.604474
3.104640
3.417272
3.654909
3.048086
3.398055
3.098246
3.636278
3.078682
3.359708
3.568407
3.826865
3.276267
3.602157
3.711529
3.376472
3.866476
3.323505
3.662867
3.311183
2.815946
2.877683
3.201858
3.171491
3.412279
3.230537
3.895657
3.315682
3.572865
3.216890
3.240478
3.812776
3.214963
3.417973
3.196120
3.298784
3.249472
3.443666
3.166434
3.518141
3.290680
3.877191
2.750220
3.093123
3.289743
2.682614
3.438431
3.140990
3.412617
3.347353
3.000123
2.986195
3.337086
3.133263
3.613155
3.286070
3.063179
3.552367
3.547477
3.314671
3.410665