3.219273
3.709468
3.266106
3.517390
3.057026
3.655489
3.723640
3.737151
3.176469
3.134198
3.543917
3.108954
2.815436
3.937735
3.403466
3.147979
3.158371
2.917049
3.401157
3.078818
2.774775
2.837315
3.544313
3.879831
3.283365
3.078882
3.864966
3.035520
4.562167
3.532647
3.408498
2.786539
3.634602
3.670110
3.794305
3.306120
3.541221
2.857204
3.352394
2.912054
3.345299
3.230422
3.838272
3.333021
3.366665
3.150858
3.494067
3.572762
3.889166
3.011517
3.462765
3.162120
3.867713
3.201607
2.685685
2.780728
3.537535
3.485986
3.489198
3.003309
3.197029
3.134883
3.657640
2.794359


3.406158
3.526834
3.998306
3.399238
3.245898
3.192351
3.297973
3.366528
3.478251
2.829850
3.702233
2.989228
3.257605
3.745688
3.077304
3.264980
3.342531
3.587163
3.425992
3.509548
4.012994
3.075100
3.148925
3.620628
3.245130
3.812654
2.920258
3.698470
3.110215
2.909525
4.167611
3.238471
3.802197
2.982094
3.692796
3.077236
3.104113
3.541887
3.264898
3.006774
3.223496
2.916958
4.738712
3.169115
3.563732
3.530860
3.432486
4.126387
3.184101
2.738881
3.902788
3.633572
3.381886
3.635589
2.841069
4.129102
2.635056
3.808553
3.330903
2.844471
2.834654
3.525569
3.914375
3.866373


3.552458
2.987055
2.944852
2.665436
2.444936
2.655028
3.254914
2.777417
3.554267
2.915117
2.608734
3.382506
2.912112
3.718589
3.313624
2.983342
3.038508
3.966788
3.035701
3.065667
3.713637
2.971803
3.561138
3.278821
2.684988
3.772342
3.202397
2.909436
3.237370
3.404776
3.761985
3.291294
3.473044
3.396957
3.493217
3.082818
3.348202
2.940667
3.171314
3.543876
3.542082
2.418647
2.661166
2.997217
2.962570
3.383028
3.404166
3.123172
3.808776
3.338308
2.695060
2.609873
3.486549
3.482877
2.583586
3.547912
3.136488
2.885348
3.343322
2.827590
3.325428
3.277506
4.223207
3.193266


2.809381
2.965866
3.539012
2.790135
3.797363
3.143276
2.673337
3.375367
3.476165
3.176009
2.961275
3.238276
2.997076
3.859525
2.850465
3.493620
3.361754
3.481585
3.533272
2.975425
3.173941
2.596822
3.345314
3.542450
2.737133
2.933785
2.863204
3.187017
3.105593
3.341939
3.575413
3.333071
3.671964
2.885621
2.969636
3.207223
3.603361
2.906061
3.245478
3.065703
3.658692
2.536190
3.170563
2.914182
4.448090
3.250570
3.267478
3.414319
3.464257
3.506896
3.202118
2.960082
2.715213
3.152904
3.158022
3.333339
3.581759
3.479366
3.279023
4.299601
3.469689
3.044837
4.045604
2.803320


3.495646
3.044344
3.331230
3.593391
3.496957
3.182778
2.584694
3.519318
3.799308
2.506992
2.940428
4.104418
4.517514
3.087805
3.685243
3.218062
3.541523
3.480904
4.008836
2.950630
3.413261
3.607319
3.041982
3.308508
2.428870
3.387319
3.186288
3.423379
3.659748
2.957955
3.568972
3.039783
3.419540
3.374178
3.278940
3.086603
3.052980
3.356378
3.159466
2.879757
2.782275
3.123786
3.402739
2.997231
3.788999
3.582571
3.045174
2.714034
3.011937
2.948910
3.006237
3.388331
3.762301
2.696881
3.574792
2.792727
3.089158
4.087893
2.951646
3.879059
3.634755
3.435987
3.554143
3.335971


2.881528
2.844419
2.608641
3.066897
3.261708
3.152123
3.482691
3.119276
3.696198
3.617577
2.614950
2.948493
3.871370
3.533758
2.776730
3.119695
3.278152
3.252110
4.068111
3.071990
3.405656
3.576637
3.361719
2.849599
3.246760
3.482556
3.345516
3.660307
3.995684
3.497231
3.125075
3.598327
2.994106
3.282463
2.789577
2.873195
3.827445
3.026265
3.523239
2.923784
2.975726
3.066347
3.082459
3.517857
3.409946
3.965810
3.956231
3.083208
3.027867
3.964555
3.418107
3.964524
3.143664
3.416148
3.227234
3.215499
3.416521
3.406584
3.354223
3.556460
3.085358
3.218717
3.539790
2.876262


2.573471
2.860833
3.491163
2.661808
3.374957
3.154016
2.938741
2.992528
3.380320
3.220354
3.445778
2.771487
2.820668
3.539619
3.871591
3.715657
3.588313
3.244451
3.385899
3.106376
3.492659
3.533294
4.019120
3.062721
3.372824
3.387957
2.752579
3.707232
3.506882
3.613893
3.909158
4.041478
3.682287
3.584244
3.293413
3.515622
2.814267
3.993232
3.289896
2.936452
2.942725
2.856565
3.915785
3.465720
3.361197
3.751049
3.086676
3.492126
3.876481
3.521323
3.625196
2.883906
3.070552
3.156265
3.099603
3.188695
3.691373
3.869779
3.695600
3.198378
3.011591
3.319151
4.009236
3.623653


3.053719
3.438591
3.531568
3.384160
4.296892
4.167994
3.483640
3.569997
3.718272
3.185858
2.713758
3.418041
3.228770
3.251564
3.528875
2.853238
3.528437
2.867617
3.637147
2.985175
3.069009
2.829138
3.479346
3.584852
3.240749
3.180230
2.962252
3.539292
3.753056
3.398815
4.166364
3.082540
3.157153
3.119463
2.788758
3.325453
3.640942
2.935818
3.660375
3.128277
2.882550
3.341456
3.107669
2.933160
3.082364
2.925654
3.826132
3.083992
3.133868
3.513988
3.124297
3.149365
3.351182
2.804242
3.078558
3.692630
3.288674
3.254160
2.716482
3.644218
2.431687
3.944597
2.880004
3.336648


3.383577
3.600231
3.470855
2.929787
3.445095
3.770496
3.498408
3.818873
3.558120
3.307007
3.048004
3.359943
3.036432
4.003890
3.421721
3.412376
3.254096
2.961159
2.997923
3.575591
3.551855
2.967814
2.878062
4.312876
3.105934
2.916362
3.353647
2.973980
3.553187
3.704186
3.760048
3.966648
3.445945
3.030313
3.232353
3.550376
3.964119
3.365458
3.489173
3.703489
3.648167
3.192628
3.343175
4.141456
3.806776
3.332130
3.398738
3.615277
3.762613
3.102982
3.290671
3.044517
2.985381
2.565325
2.657383
3.919297
2.644400
3.123601
3.131752
3.261352
3.310790
3.309671
3.544644
3.098858


3.299502
3.736725
2.358148
3.139799
3.467897
3.856935
3.258279
3.086860
4.028265
3.065179
2.912107
3.284428
3.339684
3.335660
2.808383
2.775181
2.860684
3.467201
3.318431
2.920220
3.914783
3.241590
3.843687
3.212495
3.424007
4.335626
3.466973
3.733424
3.355264
3.051970
3.888067
2.864739
3.358162
3.383083
3.823967
2.557636
3.355001
4.078314
3.883867
3.405127
2.988271
3.322501
3.428574
3.077238
4.293082
3.162081
3.092665
3.192594
3.118028
2.944481
3.297485
3.282515
3.327322
3.148965
3.278579
3.449397
2.914818
3.545889
3.342784
3.015152
3.267775
3.152611
4.288008
3.698589


