3.489471
3.315307
3.558031
3.461542
3.494624
3.342421
3.173762
3.052656
3.253370
3.001816
3.666734
3.415450
3.779706
3.428614
3.514969
3.517889
3.140894
3.143602
3.544126
3.381874
3.286807
3.672890
3.232241
3.582150
2.880596
3.398211
3.240230
3.373157
3.155575
3.149239
3.305479
3.519701
3.064849
3.348987
3.397331
3.690578
3.185880
3.119804
3.077780
3.063134
3.296598
3.468713
3.291370
3.438092
2.933627
3.083122
2.943502
3.456787
2.946650
3.461913
3.256271
4.036612
3.754538
3.158978
3.779078
3.381748
3.308790
3.026393
3.041796
3.420452
3.611075
3.440346
3.217480
3.380148


3.380084
3.698502
3.213218
3.481374
3.236923
3.349529
3.281198
3.478136
3.534605
3.361676
3.396510
3.472528
3.371614
3.462061
3.530259
3.241692
3.289413
3.165718
3.753236
3.394083
3.459775
3.632914
3.293586
3.750781
3.302974
3.311857
3.111183
3.297935
3.828372
3.146593
3.534786
3.286526
3.426551
3.473415
3.305124
3.360470
3.595271
3.075553
3.148322
3.184806
3.893828
3.588128
3.513268
3.334677
3.533542
2.813659
3.038881
3.389902
2.797395
3.569249
3.533082
3.229188
3.214826
3.794713
3.453894
3.346214
3.389535
3.373041
3.161840
3.320670
3.327720
3.632926
3.247122
3.347132


3.259393
2.726665
2.686792
3.293887
2.754995
3.409507
3.157791
3.468045
3.087571
3.511086
3.187704
3.338252
3.051344
3.536120
3.393910
3.410104
3.138215
3.258264
2.963855
2.930091
3.302454
3.458815
3.024619
3.160499
3.167335
3.074383
3.026836
3.485372
3.405179
3.013263
3.554354
3.404552
3.103647
3.335683
3.678784
3.245308
3.322944
3.479928
3.209836
3.104802
2.843705
2.991087
3.494821
3.195666
3.285824
3.223444
3.206636
3.592618
3.305332
3.580446
3.165407
3.364121
3.106077
3.490742
3.277006
3.157636
3.029910
3.319690
3.153939
3.218904
3.423943
3.318732
3.208519
3.145838


3.077706
3.095366
3.260297
3.341776
3.063987
3.368138
3.250377
3.321920
3.400031
2.998302
3.212713
2.884980
3.138508
3.406786
3.476654
2.897716
3.396858
3.098353
3.184081
3.299176
3.536872
3.307044
3.485418
2.836275
3.331436
3.311655
3.895567
3.293306
3.335802
3.265320
3.427130
3.795101
3.011019
3.181545
3.447684
3.103049
2.971221
3.013328
3.397494
3.028791
3.342926
3.704338
3.359731
3.450183
3.479687
3.151245
3.422332
3.414594
3.279104
3.237316
2.961799
3.270574
3.083771
3.391735
3.157947
3.931388
3.321126
3.321133
3.435531
3.500462
3.633827
3.102939
3.553333
3.833246


3.314244
3.491545
3.007992
3.602045
2.790755
4.150550
3.396554
3.500483
3.605504
3.398686
2.986504
3.193835
3.494381
3.293902
3.343919
3.173580
3.152825
2.939251
3.166461
3.129098
3.557177
2.956434
3.030842
3.407017
3.225961
3.382930
3.536698
3.662676
3.239546
3.172590
3.496530
3.037935
3.584385
3.315701
3.393240
3.243434
3.322281
3.363436
3.360365
3.720850
3.948808
3.448519
3.287927
3.196503
3.379589
3.135284
3.364881
3.239081
3.082615
3.008289
3.467441
3.290412
3.393130
3.512554
3.263500
2.978619
3.322363
3.082600
3.441492
3.363545
3.541746
3.112237
3.864762
3.376208


2.794682
3.105139
3.312717
3.406527
2.979015
3.680666
3.063549
3.103356
3.687502
3.494148
3.118626
3.362917
3.776256
3.375814
3.318816
2.935674
3.400088
3.190010
2.985606
3.357905
3.771332
3.326769
3.624093
3.477737
3.526436
3.311382
3.458100
3.083264
3.285033
3.012123
2.900115
3.947815
3.672059
3.391878
3.584371
3.267035
3.083939
3.405666
3.426635
3.205642
3.346083
3.237973
3.045328
3.151929
3.537070
3.677998
3.433772
3.153180
3.577210
3.098660
3.210382
3.215066
3.433564
3.162785
3.179293
3.158633
3.578500
3.715048
3.529980
3.476743
3.340949
3.092609
3.501580
3.425021


2.805666
3.103912
3.149495
3.189128
3.207784
3.167463
3.652129
3.429610
3.277889
3.731193
3.274956
3.347262
3.480967
3.793078
3.904751
3.452404
3.364714
3.158335
3.008546
3.719048
3.374983
3.658959
3.442669
3.046904
3.195852
3.579539
3.577245
3.229627
3.827364
3.351107
3.479359
3.171196
3.095832
3.212692
3.193986
3.142079
3.204061
3.745278
3.242089
3.636066
3.405569
3.395947
3.196200
3.252089
3.419943
2.950266
3.467847
3.713996
3.513667
3.826203
3.626527
3.440604
3.361287
3.662643
2.900803
3.743466
3.055881
3.264665
3.033650
3.181835
3.213536
3.717408
3.746357
3.585309


3.300339
3.625430
4.011547
3.623120
2.948804
3.461613
3.100486
3.231307
3.298078
3.113636
3.399230
3.166548
3.546098
3.799951
3.125247
2.993350
3.319103
3.322350
3.140884
2.998464
3.389256
3.062243
3.357103
3.216471
3.293689
3.113090
3.231077
3.202584
3.120293
4.059702
3.443740
3.204887
3.211004
3.523255
3.888694
3.268961
3.034882
3.607336
3.247365
3.090654
3.424474
3.722987
3.481819
3.340625
3.647155
3.045865
3.336817
3.390570
3.097056
2.966434
3.086695
3.389892
3.242099
3.029766
3.583790
3.052722
3.046047
3.035836
3.301420
2.931689
3.081746
3.583433
3.310806
3.080471


3.411956
3.250640
3.751118
3.604474
3.104640
3.417272
3.654909
3.048086
3.398055
3.098246
3.636278
3.078682
3.359708
3.568407
3.826865
3.276267
3.602157
3.711529
3.376472
3.866476
3.323505
3.662867
3.311183
2.815946
2.877683
3.201858
3.171491
3.412279
3.230537
3.895657
3.315682
3.572865
3.216890
3.240478
3.812776
3.214963
3.417973
3.196120
3.298784
3.249472
3.443666
3.166434
3.518141
3.290680
3.877191
2.750220
3.093123
3.289743
2.682614
3.438431
3.140990
3.412617
3.347353
3.000123
2.986195
3.337086
3.133263
3.613155
3.286070
3.063179
3.552367
3.547477
3.314671
3.410665


3.390166
3.113376
3.552063
3.550601
2.931236
3.660067
2.745824
3.054425
3.133145
3.731948
3.459736
3.809886
3.520000
3.462527
3.181499
3.317246
3.591949
3.592027
3.247734
3.737934
3.253400
3.189086
3.040394
3.462546
3.208062
3.290536
3.191658
3.297635
4.000209
2.837660
3.220504
3.123954
3.494076
3.192978
3.477246
2.978048
3.102128
3.655923
3.168087
3.579553
3.093952
3.341911
3.595044
3.269163
3.326624
3.244722
2.988079
3.140672
3.109750
3.084653
3.135368
3.441165
3.130410
3.324696
3.187762
3.492827
3.385153
3.408954
3.391548
3.416709
3.315307
3.178190
3.165699
3.459257


