2.806092
2.451772
3.172729
2.282183
2.958057
2.458896
3.104765
3.020985
2.709148
2.335298
3.211120
2.834182
2.843957
2.412272
3.876902
2.535547
2.953194
2.311411
2.647721
2.751099
2.437086
3.050535
2.469380
2.456508
2.459786
3.263729
2.652400
3.521865
2.760539
1.991722
2.425595
3.900785
3.014838
3.124745
2.676454
2.298521
3.086892
3.048891
2.666568
2.093631
3.437175
2.525401
3.205863
2.881776
1.836768
2.533500
2.429217
2.842534
2.845236
3.364955
2.748299
2.180044
2.723745
3.823319
2.812793
2.069997
2.709377
2.642242
2.390537
2.267142
2.638565
3.476650
2.666653
2.997741