1.880642
2.333089
2.923973
2.655469
3.168407
2.690342
2.673121
2.453276
2.785267
2.206735
2.657570
2.781946
2.580039
2.601574
2.834516
2.288410
2.748596
2.575709
2.852103
2.858565
2.874800
3.701897
2.408005
2.552431
2.443074
2.668510
3.160168
2.659436
2.476983
2.679804
2.121820
3.261492
2.404239
2.904634
2.560397
2.295075
2.315165
3.161529
2.551441
3.030602
2.832834
2.566766
2.886059
2.753624
2.779716
2.850555
2.343511
2.827006
2.266101
2.616613
2.904500
2.836379
2.878119
2.708593
2.824768
2.592971
2.914586
2.305720
2.634059
2.699274
2.744382
2.303346
2.616672
2.350255