3.263685
3.131357
3.161763
2.557120
3.225912
3.044004
3.692039
2.756476
2.301664
2.681812
3.106900
1.948191
3.304604
2.230854
2.899240
3.190020
2.677281
2.793790
3.241533
2.667943
3.546175
2.683485
2.553455
2.193506
3.311539
2.528241
2.388410
2.285134
2.582118
2.636040
2.668966
2.907197
3.496684
2.380935
2.882516
2.505053
2.604804
2.747362
2.501690
3.325263
3.033549
2.649413
2.424374
2.970343
2.223098
2.644837
3.150133
2.659219
3.255525
3.058277
2.256315
2.974651
2.528885
2.761908
2.774203
2.116196
2.568610
2.361323
2.651703
2.676521
2.707414
2.006049
2.669787
2.444291