2.680507
2.338025
2.502991
1.854867
2.770046
2.059663
3.689306
2.266635
3.200249
3.151769
3.151561
2.318394
2.475177
2.634032
3.277119
2.433558
2.643827
2.354912
2.772764
3.038296
3.707702
2.337560
2.832890
2.996750
2.363288
2.864495
2.226812
2.790950
2.423765
2.757799
2.890317
3.904801
3.402565
2.260054
2.649898
2.958306
2.568829
2.733028
2.238622
2.712299
2.699027
2.928347
2.955650
2.623505
2.362365
3.548858
2.509597
3.075589
2.468486
2.795759
2.765527
2.341802
2.644975
2.717429
2.652014
2.852500
2.665682
2.866349
2.754160
3.058235
2.030594
2.784941
3.780017
2.206535