2.423947
2.793639
2.835251
2.326452
2.732475
2.528863
2.648429
3.182660
2.840132
2.535195
2.873554
2.489850
2.990671
2.688832
2.978619
3.016567
2.367025
3.649781
2.588312
2.777836
3.074931
2.545563
2.991496
2.569709
2.425369
3.161921
2.452141
2.736213
2.768157
2.399179
2.861385
3.071781
3.425492
2.803931
2.442844
2.468633
2.348944
3.760916
3.193825
3.896490
3.092646
2.515867
2.535309
2.786029
2.132965
3.688413
2.779912
2.663837
2.745535
2.668659
2.935613
2.723250
2.678444
2.479855
3.175926
2.634763
2.998024
2.228945
2.309228
2.664223
2.570131
2.343805
2.469213
2.424171