2.606800
2.620625
2.050680
2.652060
2.862118
2.303552
2.552115
2.838836
2.540333
2.298987
3.091761
2.718539
2.977573
3.506273
2.390118
2.336727
2.357108
2.315031
2.961160
2.139704
4.257177
2.527644
2.773214
2.987044
2.415574
3.312607
2.426954
2.688528
2.378491
3.019916
2.517631
2.480107
2.719011
2.185398
2.860474
3.163605
3.469469
2.912979
2.964626
2.430270
2.923675
2.388743
2.549773
3.229945
2.927339
2.078752
2.723645
2.104472
2.246651
2.312753
2.704400
2.235870
2.545445
3.090143
3.976047
2.510390
2.415884
2.414290
2.865977
2.100589
2.577420
2.621205
2.496806
2.557033