2.124828
2.327132
2.524358
2.122755
2.735040
2.518699
2.653588
2.807320
2.648850
3.175207
2.934915
2.604190
2.543971
2.471297
3.034216
3.491742
2.745925
2.779182
2.492081
2.392686
2.811687
2.337043
2.825895
2.486990
2.395271
2.811850
2.691801
2.658168
2.565394
3.387900
3.202984
2.784048
2.238827
2.194041
2.666638
2.280735
2.558513
3.076070
3.313273
2.615272
2.585384
2.436110
3.155839
2.648348
2.636330
2.679492
2.963854
2.862338
2.849463
3.002665
2.991216
3.262147
2.497926
2.972975
2.588873
3.150046
2.274315
2.404258
2.418030
3.094817
2.736542
2.813663
2.486314
2.461473