3.008617
2.755249
2.711269
2.536761
2.115710
3.017806
2.543375
2.469482
3.917351
2.507169
3.226999
2.734058
3.347378
3.309371
2.699964
3.967067
2.775404
3.594267
3.168149
2.614724
3.716467
2.711220
2.759440
3.126875
2.331523
2.636906
3.512605
2.875967
2.434566
3.195328
1.969917
2.222430
2.362746
2.691616
2.307084
3.392224
2.093311
2.580225
3.116815
2.123076
2.251900
2.475711
3.339989
2.791047
4.771646
3.763097
2.419134
4.391377
2.181681
3.028494
2.504216
2.568594
3.069493
2.640149
3.223614
2.810290
2.648122
2.992247
2.902818
2.985138
2.554783
2.161279
3.163133
2.415542