2.499642
3.531319
2.338581
2.101017
3.229575
2.676761
3.361070
3.005060
2.268081
2.664224
2.772367
2.408833
3.587571
2.548673
2.408339
3.053476
2.477098
2.938368
2.510218
2.904880
3.158697
3.047634
2.966605
2.263339
2.654215
2.381716
2.356794
2.449714
2.756483
2.614422
2.705485
2.760162
2.302836
2.794658
2.601519
3.203580
2.705528
2.519593
2.800239
2.307928
2.819454
2.671811
2.754081
2.876540
2.927963
3.211269
2.318111
2.693698
2.319216
3.893473
2.356544
2.819401
2.352124
3.539668
2.958702
2.366319
3.142577
2.504267
2.555195
2.850426
2.492841
2.760199
2.369140
2.853033