2.454357
2.916500
4.308423
2.567241
2.397393
3.199306
2.454923
2.447812
3.047754
3.192199
3.255641
2.533407
2.720190
2.390527
3.662873
3.367455
3.202700
3.676783
2.673270
3.391696
2.918325
2.625722
2.480385
3.407927
2.361715
3.792042
3.271219
2.667277
3.696545
3.043258
4.357694
2.604123
2.584950
2.535469
2.807406
2.700259
2.173114
2.648423
3.236018
2.920653
2.555396
3.018168
2.419190
2.569407
2.705187
2.226710
2.122971
2.788292
2.048055
2.794867
3.009246
2.626046
4.063047
3.034236
2.455113
2.224626
3.181497
3.862364
2.330507
2.134877
2.097644
2.850741
2.897079
2.670852