2.219807
3.374522
2.137363
2.450333
2.994841
2.896786
3.557927
2.132104
2.320730
3.672568
2.492584
2.167393
2.587006
3.486695
2.710268
3.499430
2.821505
2.221176
2.479966
3.264130
2.000566
2.381953
3.554346
2.759352
2.716498
2.808231
2.943640
2.909133
2.667937
2.341562
2.496884
3.478033
4.538239
2.095158
2.862668
2.949217
1.908701
3.184329
2.584304
2.240890
2.650416
2.647706
3.344994
2.243273
1.977036
2.646163
2.769623
2.964130
2.761095
2.833499
2.032452
2.724672
2.400420
3.073030
1.833914
3.557753
3.164154
2.554075
2.325098
2.605383
4.850787
2.488448
2.716132
2.661353


2.901895
3.849608
2.671840
2.910925
3.490736
2.639654
3.747337
2.325182
2.664292
3.587457
2.640685
3.103085
3.259684
3.529213
4.015015
2.985925
2.652361
2.351222
2.529335
1.918899
2.928783
2.488276
2.666881
3.724917
2.101990
1.727496
1.889369
2.778458
4.347698
2.470550
2.297723
2.365937
3.329228
3.032527
3.466341
2.773909
2.659597
2.233090
3.662541
1.819082
3.777443
3.039756
2.523940
2.746125
2.703215
3.007389
4.361706
2.431765
2.767437
2.577648
2.314472
2.048924
2.683311
2.932849
3.537835
1.974633
2.686804
2.146190
2.922550
2.074719
2.902972
1.756032
2.130291
3.452813


3.524944
1.913053
2.430587
2.150886
2.482296
2.384474
2.238251
1.524785
2.516773
2.313474
3.112713
2.155434
2.036453
2.868428
4.248963
3.035335
2.102197
2.254751
3.365077
2.810651
3.984461
2.644954
2.994334
3.406102
2.566349
2.296842
2.314074
2.255978
2.559678
2.547953
2.716507
2.974287
3.812090
2.043712
2.642532
2.672486
2.687793
2.702543
1.876034
2.530008
3.828802
2.292441
2.936118
2.862897
4.209917
3.426685
2.643102
2.029157
2.947818
2.877541
2.328470
3.179328
2.778637
2.102856
2.663865
2.963689
2.646808
2.232810
2.681334
1.863203
2.874497
3.166753
2.391322
2.052865


1.940257
2.924483
1.867405
3.275001
3.059618
2.981760
2.303720
2.031146
2.820954
3.392296
2.070823
1.959116
2.781549
3.870078
1.906529
2.290833
3.602968
2.849433
3.287219
2.295183
2.535555
2.785023
2.595360
2.904122
3.538370
1.909999
3.225215
2.379494
2.510379
2.782606
2.817621
2.719344
3.205722
2.318403
3.387858
2.979971
2.169367
2.460120
4.427828
2.869981
2.676884
2.897553
2.585058
2.637338
3.187227
2.860605
2.850869
2.428555
2.333432
3.558861
2.983502
2.237497
2.688982
2.730021
1.907139
3.810190
2.792650
3.385637
1.727699
1.815154
3.598044
2.048159
2.931523
2.638606


2.453626
2.705932
2.389245
2.247237
2.268003
2.083708
3.079981
3.284396
2.133585
2.549480
2.771730
2.511543
2.699054
3.053012
1.755926
2.608873
3.168597
2.610298
2.958677
2.555672
3.015217
2.829258
4.135218
2.207617
2.510201
2.094860
2.201990
2.382538
2.180570
3.714933
1.908136
2.087880
2.600206
4.574448
2.920254
2.745894
2.728014
3.054066
2.844290
2.675826
2.702862
3.404583
2.455846
2.294041
2.591086
2.425267
2.590442
2.968600
2.781533
2.485208
2.353021
2.592475
3.068905
2.220860
2.245202
2.064809
3.257751
3.694263
2.782499
2.517048
4.201176
2.572729
2.952232
2.559031


2.506819
1.757250
2.206937
2.625265
2.071223
2.548924
2.051630
2.267945
2.414765
2.581873
2.755918
2.954649
2.236124
2.874583
2.426677
2.395570
2.671064
2.826784
2.518311
2.974633
4.110498
2.276958
2.859356
3.025454
2.774338
2.259457
2.625755
2.352760
2.702270
2.798687
2.408228
2.249546
3.824718
3.218297
3.720772
3.310395
2.688925
2.481628
3.220570
2.031076
3.208911
2.239419
2.414266
2.125003
2.550107
3.019133
2.544012
2.638549
3.194353
2.458130
2.106566
2.894989
2.081306
2.421892
2.327742
2.574963
3.057240
2.673353
2.892712
2.356206
2.849189
2.374288
2.947109
2.215649


2.461219
2.996427
3.207860
2.994183
2.372469
2.503909
2.667818
1.887276
2.959232
3.130035
2.427922
2.388406
2.488887
3.594195
3.890797
2.014430
2.974677
3.454868
2.793737
2.689352
3.624103
2.704135
4.141753
2.090462
3.656903
3.921961
2.527052
3.477124
3.615257
2.702318
3.451293
2.526195
4.491767
2.749753
2.836053
2.475585
2.963398
2.521055
3.526562
2.108526
2.353950
2.863598
3.851339
2.640556
3.085565
2.875916
2.176553
3.118708
2.684995
1.947866
2.206842
1.974302
2.651080
2.113942
2.534660
2.817612
2.258019
2.974994
3.205294
1.883983
2.422058
3.130049
3.331904
2.460255


3.354049
2.746173
2.133105
2.875731
2.089279
2.703067
2.680327
2.067218
2.064470
2.735334
3.035075
2.616357
2.347327
2.453804
2.467892
2.617543
2.206772
2.376534
2.450931
2.814977
2.797601
3.493696
2.855348
2.530239
2.743644
2.822528
2.010933
2.123330
2.908735
3.394807
2.623162
2.345753
3.837010
3.071653
2.453794
2.134403
2.251935
3.094962
3.094710
2.339393
1.725566
2.679722
4.103283
2.850355
1.960364
2.986642
3.166210
2.238952
2.412963
4.184363
2.524427
2.479231
2.513164
3.231738
3.217930
2.240360
2.810916
3.087099
3.460431
2.631635
2.519382
2.823348
3.521788
3.288367


2.583496
3.394897
1.817701
4.804811
3.116232
2.412508
2.870700
2.287023
3.103727
3.021333
2.700097
1.842477
2.839050
3.008640
3.122046
3.434569
2.989383
3.002108
2.546563
2.538370
2.660921
2.462103
3.088918
3.390016
3.207566
3.791906
3.547020
2.307044
4.652811
3.006044
2.065819
2.690474
4.470779
2.433707
2.450663
3.313410
1.941112
3.102179
3.135641
2.566071
2.297863
3.283858
4.395118
3.114433
2.854528
2.949712
3.758325
2.834944
3.005488
5.506840
2.421123
2.796800
2.470026
2.771089
2.537713
2.809992
2.674431
2.531558
2.911954
1.984448
2.726659
2.356573
2.660923
3.350149


2.276555
2.195188
1.797351
3.185499
3.218979
3.165628
2.781048
2.657782
4.193526
2.825250
2.206859
2.410997
2.968314
3.148378
2.499948
2.407064
4.420618
3.588811
3.653237
2.525739
2.777403
2.730885
3.638477
2.860125
3.635227
2.995825
2.469410
2.460743
2.381286
2.758622
2.368063
2.247286
3.052034
2.627930
2.736738
2.637441
2.273940
3.935132
2.791831
2.363330
3.385017
4.119377
2.664885
2.900666
2.724161
2.799177
3.249341
2.798058
1.930949
3.783986
3.132323
3.238651
2.626795
2.265103
1.992132
2.813690
2.947420
2.596578
2.178331
2.210427
2.418297
2.943057
2.929660
2.636588


