2.931085
2.143645
2.679336
3.430188
2.264934
2.903041
2.748387
2.351017
3.063660
3.344562
2.518201
2.739520
2.449405
2.908981
3.032722
2.599726
3.109767
2.762152
2.296382
3.502714
3.342112
2.876781
2.748370
2.383940
2.418087
2.908292
2.576618
2.343972
2.635474
3.041806
2.671347
2.358598
2.838309
2.128780
3.512957
2.623386
2.554071
3.867409
2.756079
2.168104
2.139954
2.650343
4.229895
2.449260
4.013964
2.443222
2.963065
1.981267
2.746753
3.055492
3.268314
2.855131
2.208228
2.124050
3.761407
2.614856
2.510980
3.397375
2.875205
2.265147
2.135276
2.410028
2.372524
2.542257


3.263655
3.083991
3.098730
3.225003
2.593376
2.963442
2.775027
3.482516
3.818322
3.213444
2.404541
2.224574
2.822139
2.434028
3.307045
1.807462
2.141650
3.915437
2.276222
2.598391
3.267537
3.118118
2.589389
3.051595
2.337467
3.397489
2.788665
2.661179
3.805638
2.560727
2.695062
2.027274
3.072346
2.805087
2.615338
2.098414
2.738077
2.180021
2.329738
3.143840
2.365714
2.934813
2.973883
2.452435
3.897009
2.285678
3.083829
2.439667
2.424682
2.698305
2.996949
2.228962
2.588676
3.394779
3.487031
2.379513
2.686960
2.402396
3.314586
2.075409
2.355966
2.708248
2.417592
3.783679


2.876576
2.342352
2.205874
2.577320
1.674112
2.416076
2.782340
2.057635
3.871252
2.682490
2.286859
3.500427
3.366675
2.746008
3.242214
2.301711
2.201936
2.526964
2.762156
3.224157
2.680440
2.628393
2.711605
2.354698
2.822487
2.706857
3.078876
4.145899
2.466828
2.661947
2.705258
3.152218
2.279507
2.997178
2.425880
2.432728
2.017430
3.218318
2.404456
2.690719
2.535094
3.325786
3.863267
3.617985
2.926369
2.208448
2.658999
2.334092
3.320840
2.521923
2.955426
2.288996
2.334367
2.771983
2.509316
2.924162
2.961030
2.955843
2.884512
2.112539
2.472425
4.004192
2.492939
2.270030


2.275153
2.251692
3.398381
2.821092
1.933182
3.351835
2.165802
2.583524
2.973055
2.174336
3.448251
3.016021
2.450012
2.476605
3.132254
2.520891
2.950182
2.812618
2.609030
2.668390
3.210819
2.934719
2.326782
3.755915
2.848233
2.900127
2.569246
2.912897
2.992399
2.353701
3.179784
2.561795
2.814283
2.428966
3.177616
2.810390
1.978578
2.818055
2.799790
2.784461
2.329531
2.789575
3.135373
3.552997
2.893212
2.843078
2.619184
2.614026
2.131612
2.292940
4.123904
2.664118
3.374700
4.218227
3.521801
2.398894
2.806411
2.125626
2.775838
2.476610
2.175961
4.054306
2.879551
2.781085


2.606800
2.620625
2.050680
2.652060
2.862118
2.303552
2.552115
2.838836
2.540333
2.298987
3.091761
2.718539
2.977573
3.506273
2.390118
2.336727
2.357108
2.315031
2.961160
2.139704
4.257177
2.527644
2.773214
2.987044
2.415574
3.312607
2.426954
2.688528
2.378491
3.019916
2.517631
2.480107
2.719011
2.185398
2.860474
3.163605
3.469469
2.912979
2.964626
2.430270
2.923675
2.388743
2.549773
3.229945
2.927339
2.078752
2.723645
2.104472
2.246651
2.312753
2.704400
2.235870
2.545445
3.090143
3.976047
2.510390
2.415884
2.414290
2.865977
2.100589
2.577420
2.621205
2.496806
2.557033


2.162807
2.156939
2.334293
2.574756
2.010696
2.616834
2.995137
2.267187
2.792263
2.332518
2.903741
2.810733
3.623655
2.534426
2.967562
2.341609
2.470629
2.819969
2.435923
2.844753
3.526694
3.389505
2.659187
3.054331
2.014852
2.895773
2.224544
2.680116
2.504119
3.069772
2.382813
2.609871
2.177992
2.423525
3.114686
2.917327
2.233945
2.706817
2.755654
3.048889
3.373410
3.377277
2.798823
2.223058
2.206765
2.187469
2.752380
2.292215
2.593370
2.336894
3.008333
3.707739
2.514582
2.813168
2.453379
2.845777
2.411855
2.973306
2.762312
2.904292
2.690540
2.497324
3.092162
2.601543


3.008617
2.755249
2.711269
2.536761
2.115710
3.017806
2.543375
2.469482
3.917351
2.507169
3.226999
2.734058
3.347378
3.309371
2.699964
3.967067
2.775404
3.594267
3.168149
2.614724
3.716467
2.711220
2.759440
3.126875
2.331523
2.636906
3.512605
2.875967
2.434566
3.195328
1.969917
2.222430
2.362746
2.691616
2.307084
3.392224
2.093311
2.580225
3.116815
2.123076
2.251900
2.475711
3.339989
2.791047
4.771646
3.763097
2.419134
4.391377
2.181681
3.028494
2.504216
2.568594
3.069493
2.640149
3.223614
2.810290
2.648122
2.992247
2.902818
2.985138
2.554783
2.161279
3.163133
2.415542


2.592436
3.021258
2.952345
2.572757
2.072192
2.566263
3.578826
2.466173
3.129369
3.074277
3.395441
1.854732
2.621519
2.917825
2.614192
2.300317
3.210231
3.232668
2.754635
2.173226
2.996227
2.715497
2.482790
2.873472
2.503526
3.178052
2.707900
2.515437
3.551117
3.325273
2.809729
2.191704
2.494799
2.672316
2.372744
2.253334
2.586016
2.683372
2.707863
2.792861
2.685921
2.444811
2.658140
2.626831
2.544252
2.675408
2.548217
3.326304
2.450416
3.073335
2.399928
2.714899
2.516603
2.469793
2.761800
2.462922
3.232067
2.437627
2.927650
3.333928
3.087250
2.758666
2.489632
2.604921


2.454357
2.916500
4.308423
2.567241
2.397393
3.199306
2.454923
2.447812
3.047754
3.192199
3.255641
2.533407
2.720190
2.390527
3.662873
3.367455
3.202700
3.676783
2.673270
3.391696
2.918325
2.625722
2.480385
3.407927
2.361715
3.792042
3.271219
2.667277
3.696545
3.043258
4.357694
2.604123
2.584950
2.535469
2.807406
2.700259
2.173114
2.648423
3.236018
2.920653
2.555396
3.018168
2.419190
2.569407
2.705187
2.226710
2.122971
2.788292
2.048055
2.794867
3.009246
2.626046
4.063047
3.034236
2.455113
2.224626
3.181497
3.862364
2.330507
2.134877
2.097644
2.850741
2.897079
2.670852


1.929287
2.088446
2.324542
3.210932
2.295333
3.638032
2.462852
2.956621
2.605307
2.405416
2.947737
2.610659
2.310743
2.573347
2.186390
3.227695
2.245482
2.548324
2.852401
2.912604
2.320909
2.628378
2.703489
2.667194
2.674899
3.015372
2.605982
3.135685
3.750194
2.839004
2.285161
2.686993
2.064728
2.861782
2.563600
3.163053
2.437135
2.832845
2.565947
2.786549
2.168987
2.184106
3.510728
2.579544
2.576271
2.958071
2.201032
2.386593
2.241758
2.566927
3.453229
2.271044
2.674506
3.398272
2.740134
2.476507
3.206064
2.649358
2.961806
2.253351
3.349515
2.623247
2.423312
2.643739


