9.835901
7.593531
10.172278
9.689898
7.200957
7.676589
9.396015
7.509551
8.473967
10.854952
10.262726
9.939033
9.358363
8.179172
9.892678
11.231221
9.172781
8.720955
10.486284
8.891478
11.610115
8.500277
10.547218
7.569484
9.826940
8.727258
8.857717
7.984723
7.859456
9.603074
7.795307
11.746261
9.511005
8.670095
9.788497
7.450075
8.328558
7.174088
8.803319
10.831553
7.539948
7.676884
10.089655
7.663840
7.240563
10.998753
7.413868
9.794341
9.569344
9.767113
8.269511
8.274710
9.464406
10.669036
8.724818
9.698277
9.343106
8.185110
9.882041
10.083949
10.067857
10.961992
10.165032
10.892823