8.196058
7.397539
9.429951
10.002490
10.153292
7.785693
9.117646
7.652576
9.511185
9.699075
8.237410
11.829790
10.510118
11.667760
8.365381
8.944061
10.455073
8.405948
8.347579
8.884622
9.324020
8.790485
9.427616
7.993858
10.016458
9.240615
8.860643
9.354582
9.757249
9.357057
9.118182
10.140816
8.585640
10.019730
8.800052
8.359966
8.764008
6.851724
11.215792
9.708758
9.312053
8.615523
9.624183
8.600395
7.324780
8.325820
9.234618
9.188096
10.154964
8.895457
9.602476
7.726850
8.687379
8.735872
8.845591
7.573059
9.409894
11.511544
8.732194
7.263711
10.943262
8.424817
10.692068
8.277939