9.388255
8.424186
8.988483
10.511200
8.589482
8.072728
11.495398
9.576084
8.881499
10.350267
8.973897
10.132388
9.353605
9.653549
8.057264
9.724193
9.861436
7.038684
8.420881
9.196490
8.375413
7.544299
13.179256
10.735180
9.034173
8.229629
9.833573
10.251334
8.283223
8.791896
11.234232
10.554549
9.418332
9.221453
10.960825
9.240405
7.353174
9.554651
9.392640
11.253399
6.153590
9.666059
9.054859
9.652689
9.356848
8.004879
7.883892
11.267050
9.150163
9.641417
8.015193
10.621302
9.407384
10.679589
10.220976
9.642102
9.616203
8.363662
8.309929
7.815972
8.503967
8.435434
10.082310
9.546417