8.441692
6.583801
8.528118
8.795784
7.561876
9.128712
9.018726
8.480515
10.097720
7.598300
8.980272
8.588812
10.844747
9.197598
9.512332
9.584102
6.992964
9.722099
9.209426
8.992757
11.132004
9.361092
8.815858
10.028960
8.253789
8.720239
10.731172
9.615613
10.802501
7.995346
10.384684
7.626844
7.824889
10.653940
8.917604
8.846102
9.511265
8.378632
9.862159
9.628676
9.517254
10.518720
9.801288
9.219924
9.729644
8.134690
9.905231
8.797394
9.979725
9.504525
10.815106
10.605106
9.364178
9.478477
8.913925
10.994765
7.846117
7.449046
10.127735
8.236111
7.619083
9.152575
7.382652
10.243086