7.968593
7.715964
7.561989
9.765103
8.401006
10.503650
8.330329
9.045912
9.574457
8.089528
9.734833
9.162750
10.024370
10.494421
8.418032
8.060610
8.811149
10.448158
8.354734
8.133689
9.371339
10.619983
11.976730
8.247186
9.038643
8.266026
9.805505
9.750481
8.273191
9.770183
7.567430
8.143636
9.773392
10.473359
10.995156
7.734913
9.503440
8.053559
9.651438
8.681215
11.169515
9.223768
9.052415
9.382434
9.511578
7.778652
9.059681
9.568398
8.648879
9.654194
11.150397
8.850376
8.194809
10.874724
9.050202
9.858931
9.415253
9.150833
10.566438
8.495210
9.019968
8.829636
8.880211
9.680458