9.092676
10.465811
8.535703
8.529947
9.283607
10.006692
8.145805
9.746306
8.162447
8.291148
9.732530
10.256888
9.970328
8.576716
8.166449
6.370811
8.367957
9.990841
8.075953
10.045108
9.313999
8.886112
9.481421
9.088979
9.118581
8.489226
8.050703
8.984492
8.410447
8.607840
9.760940
8.294110
9.511440
10.646190
9.843857
8.919668
9.141302
8.761619
9.014042
9.642743
9.317197
10.700775
11.037709
9.212290
8.020639
8.402738
8.032221
7.732563
8.039130
9.650099
9.851712
9.186825
12.299373
8.257730
9.394749
7.605358
8.976055
11.841160
9.317706
8.476145
9.674361
7.815739
7.915789
10.214622