8.110458
7.630517
8.925085
9.149716
6.822716
8.735523
7.996146
7.151652
11.537118
8.630093
9.766308
9.707154
8.602924
8.567987
11.367155
7.175829
9.720079
9.459006
10.270936
9.874548
10.783154
9.116335
8.276775
7.505547
9.661367
7.873636
9.209780
9.073491
12.173898
11.264829
9.468534
7.445241
9.544817
8.791661
8.838658
8.153695
9.726655
9.268302
9.247303
9.955428
8.377873
9.275465
8.284215
7.815480
8.567547
7.923568
9.069043
8.889724
8.713742
10.702813
11.231573
11.702533
8.602254
8.386779
11.365949
10.441035
9.517136
10.672363
10.584760
8.975448
8.991188
11.255367
8.219926
9.132467