7.432578
8.402904
8.357690
8.313005
9.233191
6.891587
9.689266
7.586412
9.939168
11.268714
8.754245
8.256330
7.280931
9.650477
10.172065
8.617861
10.011349
8.231265
10.454643
9.061581
9.785580
9.552606
10.301744
10.745954
10.794059
8.547151
8.742641
9.281126
10.025491
8.651161
8.284213
8.477297
8.708565
8.115489
9.084135
9.421595
7.433721
8.707340
10.251226
9.883703
9.029410
9.791983
8.762554
10.051778
8.633514
8.535144
10.342679
11.774271
10.481400
9.032157
9.250186
8.643953
7.104127
8.900147
6.825836
7.829683
10.772128
8.539928
8.064055
10.755425
8.718442
9.841225
8.450729
8.701868