8.205900
10.118270
10.091401
7.812520
9.976803
7.329235
8.890821
9.916614
9.077584
9.707751
8.928392
10.318234
7.987441
9.840988
9.736946
8.223514
8.904366
7.444175
6.882320
6.874954
8.562165
10.182511
9.986080
7.916940
8.509870
9.847594
8.706285
8.528193
9.423346
9.046144
9.427201
9.005915
8.790179
9.083203
8.231233
7.797501
8.148019
7.637072
9.093622
9.923911
7.721276
9.210323
10.574364
8.561810
10.035142
11.091411
9.254728
7.408732
9.524491
9.808553
9.668172
8.456388
9.722510
9.824209
8.243581
8.652343
9.363918
10.147836
9.298728
9.995408
8.980443
10.448539
10.666678
8.731846