6.739999
8.412872
10.483676
9.066462
9.972007
7.762354
9.263733
6.822882
9.709336
8.992701
9.531972
9.473511
8.151586
9.738707
9.502477
10.169650
7.809075
10.499629
8.136666
8.902569
10.842629
9.407045
9.330798
10.336959
9.135904
9.940152
10.194054
9.327171
9.155135
7.987697
9.890543
9.873553
10.423782
9.361192
9.252889
8.453857
10.342660
7.873669
10.325361
9.760260
10.127123
11.964156
9.374427
8.907953
11.452395
9.331473
9.954467
9.862280
9.912029
9.138475
9.522219
7.216035
8.714711
8.538388
8.977060
7.431661
10.127708
9.785062
9.020903
10.028246
9.114172
10.911057
10.652887
8.769212