9.835901
7.593531
10.172278
9.689898
7.200957
7.676589
9.396015
7.509551
8.473967
10.854952
10.262726
9.939033
9.358363
8.179172
9.892678
11.231221
9.172781
8.720955
10.486284
8.891478
11.610115
8.500277
10.547218
7.569484
9.826940
8.727258
8.857717
7.984723
7.859456
9.603074
7.795307
11.746261
9.511005
8.670095
9.788497
7.450075
8.328558
7.174088
8.803319
10.831553
7.539948
7.676884
10.089655
7.663840
7.240563
10.998753
7.413868
9.794341
9.569344
9.767113
8.269511
8.274710
9.464406
10.669036
8.724818
9.698277
9.343106
8.185110
9.882041
10.083949
10.067857
10.961992
10.165032
10.892823


9.388255
8.424186
8.988483
10.511200
8.589482
8.072728
11.495398
9.576084
8.881499
10.350267
8.973897
10.132388
9.353605
9.653549
8.057264
9.724193
9.861436
7.038684
8.420881
9.196490
8.375413
7.544299
13.179256
10.735180
9.034173
8.229629
9.833573
10.251334
8.283223
8.791896
11.234232
10.554549
9.418332
9.221453
10.960825
9.240405
7.353174
9.554651
9.392640
11.253399
6.153590
9.666059
9.054859
9.652689
9.356848
8.004879
7.883892
11.267050
9.150163
9.641417
8.015193
10.621302
9.407384
10.679589
10.220976
9.642102
9.616203
8.363662
8.309929
7.815972
8.503967
8.435434
10.082310
9.546417


8.530445
6.237898
8.879363
8.667238
7.860607
7.766029
9.721067
8.654426
8.793806
10.317130
7.916186
7.800260
8.167936
10.728185
9.891504
10.256279
9.452733
9.062615
7.018200
9.254153
9.816571
7.550153
12.110378
9.372277
8.608899
9.188475
10.556317
7.529926
9.460015
10.142735
9.020031
11.052535
10.632638
8.842873
9.470963
7.422556
7.925211
11.025765
9.125998
8.455346
7.891326
9.835705
8.476933
10.307548
9.526514
8.794609
11.516908
9.477666
9.603960
10.458604
8.130380
8.505476
9.541597
8.925634
9.673235
7.841221
12.593051
9.895456
10.316809
10.137698
9.312908
8.617663
11.101889
7.345654


7.863211
6.944271
8.801425
7.684346
9.431331
9.984274
9.618249
8.429523
8.899310
9.838398
8.227590
9.477076
9.266959
9.656374
9.380146
10.298026
8.573812
8.233239
8.667897
10.877591
9.118397
7.164099
9.224646
9.856269
10.975402
11.199803
8.255744
8.295154
9.505130
8.859504
9.774854
9.036230
9.623020
8.886254
7.493449
7.990620
9.467627
10.682900
10.184936
10.473718
6.805715
9.471462
8.668364
9.625480
8.633270
10.870206
9.272277
9.668599
9.785533
8.737727
9.906762
6.666216
9.594571
9.609092
9.162601
8.782234
11.070606
9.839247
7.441122
9.315750
11.964974
8.487583
9.827855
9.219423


9.370865
9.883082
8.426797
9.076362
8.883863
9.692293
10.019822
8.143836
9.455090
9.207161
7.599196
9.356284
9.779845
10.180338
10.034644
8.157748
8.490994
6.388139
7.790803
10.130256
8.830616
8.452192
9.699671
8.863371
9.132550
10.130027
9.372043
8.782237
7.974168
9.697867
6.674133
9.900338
8.166303
9.413372
9.244419
8.555528
8.735176
10.818849
10.300701
9.914389
7.140113
10.247271
8.694044
9.015080
9.631804
8.884235
10.438494
11.986832
9.295663
8.921833
7.923654
8.414364
8.213054
7.581972
8.840597
8.437236
10.487541
8.710970
9.962552
12.065621
8.509254
8.926160
7.374719
8.368909


8.322848
7.979618
8.067863
8.854819
8.329364
7.652457
8.612701
7.802938
7.036461
12.022904
8.645328
8.887571
11.311018
8.122487
8.876710
9.406319
10.638112
7.157471
9.528450
9.513791
10.062741
8.977951
10.964587
11.050571
8.827799
8.070243
7.254017
10.091160
7.464380
8.572709
10.271300
9.479087
12.615771
11.187821
9.060617
7.010357
9.541236
8.840955
8.723309
8.992083
8.287737
9.110770
10.372388
8.837457
10.320116
8.128486
9.608590
8.263215
7.976204
7.729508
9.036520
7.907696
8.969747
8.958244
7.901994
12.171631
9.874278
12.047602
9.875525
8.093742
9.312861
11.698929
10.661618
8.934993


7.432578
8.402904
8.357690
8.313005
9.233191
6.891587
9.689266
7.586412
9.939168
11.268714
8.754245
8.256330
7.280931
9.650477
10.172065
8.617861
10.011349
8.231265
10.454643
9.061581
9.785580
9.552606
10.301744
10.745954
10.794059
8.547151
8.742641
9.281126
10.025491
8.651161
8.284213
8.477297
8.708565
8.115489
9.084135
9.421595
7.433721
8.707340
10.251226
9.883703
9.029410
9.791983
8.762554
10.051778
8.633514
8.535144
10.342679
11.774271
10.481400
9.032157
9.250186
8.643953
7.104127
8.900147
6.825836
7.829683
10.772128
8.539928
8.064055
10.755425
8.718442
9.841225
8.450729
8.701868


8.205900
10.118270
10.091401
7.812520
9.976803
7.329235
8.890821
9.916614
9.077584
9.707751
8.928392
10.318234
7.987441
9.840988
9.736946
8.223514
8.904366
7.444175
6.882320
6.874954
8.562165
10.182511
9.986080
7.916940
8.509870
9.847594
8.706285
8.528193
9.423346
9.046144
9.427201
9.005915
8.790179
9.083203
8.231233
7.797501
8.148019
7.637072
9.093622
9.923911
7.721276
9.210323
10.574364
8.561810
10.035142
11.091411
9.254728
7.408732
9.524491
9.808553
9.668172
8.456388
9.722510
9.824209
8.243581
8.652343
9.363918
10.147836
9.298728
9.995408
8.980443
10.448539
10.666678
8.731846


6.739999
8.412872
10.483676
9.066462
9.972007
7.762354
9.263733
6.822882
9.709336
8.992701
9.531972
9.473511
8.151586
9.738707
9.502477
10.169650
7.809075
10.499629
8.136666
8.902569
10.842629
9.407045
9.330798
10.336959
9.135904
9.940152
10.194054
9.327171
9.155135
7.987697
9.890543
9.873553
10.423782
9.361192
9.252889
8.453857
10.342660
7.873669
10.325361
9.760260
10.127123
11.964156
9.374427
8.907953
11.452395
9.331473
9.954467
9.862280
9.912029
9.138475
9.522219
7.216035
8.714711
8.538388
8.977060
7.431661
10.127708
9.785062
9.020903
10.028246
9.114172
10.911057
10.652887
8.769212


8.196058
7.397539
9.429951
10.002490
10.153292
7.785693
9.117646
7.652576
9.511185
9.699075
8.237410
11.829790
10.510118
11.667760
8.365381
8.944061
10.455073
8.405948
8.347579
8.884622
9.324020
8.790485
9.427616
7.993858
10.016458
9.240615
8.860643
9.354582
9.757249
9.357057
9.118182
10.140816
8.585640
10.019730
8.800052
8.359966
8.764008
6.851724
11.215792
9.708758
9.312053
8.615523
9.624183
8.600395
7.324780
8.325820
9.234618
9.188096
10.154964
8.895457
9.602476
7.726850
8.687379
8.735872
8.845591
7.573059
9.409894
11.511544
8.732194
7.263711
10.943262
8.424817
10.692068
8.277939


