9.450128
8.047299
10.340309
8.846287
7.281873
9.171225
7.297695
8.434325
11.008819
9.810576
9.930553
8.822147
9.631835
10.343580
9.599730
9.066487
9.818866
9.893633
10.290217
9.446641
8.805879
9.926360
8.139644
8.839633
8.167345
8.382226
8.938144
9.490844
9.533945
9.343213
9.646084
7.673979
8.310444
7.706605
9.484549
9.727885
7.001142
10.122917
7.739970
7.093429
10.572965
7.629060
10.043661
9.882051
8.825375
7.393104
9.978934
10.440553
8.835341
9.532715
8.493758
10.795207
9.834980
8.882088
10.902274
9.892084
9.892032
7.988745
10.648747
7.444989
10.001588
9.247250
9.991233
8.870793


9.090422
8.780393
9.564693
9.765695
8.260737
10.975770
9.445806
8.940836
9.924509
10.014053
10.293575
8.637810
9.140206
8.660656
10.054858
7.197652
8.412003
8.800770
8.335743
9.750731
12.291656
9.372750
8.254089
9.642558
9.917871
8.800329
9.943121
9.738949
11.120345
8.560864
11.208167
8.659821
9.432272
8.004869
9.951595
9.141282
8.429134
9.187203
9.733144
9.292793
7.835359
8.335776
12.304455
7.732536
8.829924
10.283726
9.147438
10.714034
9.893401
10.643364
7.745407
8.834487
8.039029
8.204773
8.169955
10.028770
9.300109
11.651345
9.678259
8.478742
9.061771
9.223978
10.418332
11.130258


8.441692
6.583801
8.528118
8.795784
7.561876
9.128712
9.018726
8.480515
10.097720
7.598300
8.980272
8.588812
10.844747
9.197598
9.512332
9.584102
6.992964
9.722099
9.209426
8.992757
11.132004
9.361092
8.815858
10.028960
8.253789
8.720239
10.731172
9.615613
10.802501
7.995346
10.384684
7.626844
7.824889
10.653940
8.917604
8.846102
9.511265
8.378632
9.862159
9.628676
9.517254
10.518720
9.801288
9.219924
9.729644
8.134690
9.905231
8.797394
9.979725
9.504525
10.815106
10.605106
9.364178
9.478477
8.913925
10.994765
7.846117
7.449046
10.127735
8.236111
7.619083
9.152575
7.382652
10.243086


7.968593
7.715964
7.561989
9.765103
8.401006
10.503650
8.330329
9.045912
9.574457
8.089528
9.734833
9.162750
10.024370
10.494421
8.418032
8.060610
8.811149
10.448158
8.354734
8.133689
9.371339
10.619983
11.976730
8.247186
9.038643
8.266026
9.805505
9.750481
8.273191
9.770183
7.567430
8.143636
9.773392
10.473359
10.995156
7.734913
9.503440
8.053559
9.651438
8.681215
11.169515
9.223768
9.052415
9.382434
9.511578
7.778652
9.059681
9.568398
8.648879
9.654194
11.150397
8.850376
8.194809
10.874724
9.050202
9.858931
9.415253
9.150833
10.566438
8.495210
9.019968
8.829636
8.880211
9.680458


9.092676
10.465811
8.535703
8.529947
9.283607
10.006692
8.145805
9.746306
8.162447
8.291148
9.732530
10.256888
9.970328
8.576716
8.166449
6.370811
8.367957
9.990841
8.075953
10.045108
9.313999
8.886112
9.481421
9.088979
9.118581
8.489226
8.050703
8.984492
8.410447
8.607840
9.760940
8.294110
9.511440
10.646190
9.843857
8.919668
9.141302
8.761619
9.014042
9.642743
9.317197
10.700775
11.037709
9.212290
8.020639
8.402738
8.032221
7.732563
8.039130
9.650099
9.851712
9.186825
12.299373
8.257730
9.394749
7.605358
8.976055
11.841160
9.317706
8.476145
9.674361
7.815739
7.915789
10.214622


8.110458
7.630517
8.925085
9.149716
6.822716
8.735523
7.996146
7.151652
11.537118
8.630093
9.766308
9.707154
8.602924
8.567987
11.367155
7.175829
9.720079
9.459006
10.270936
9.874548
10.783154
9.116335
8.276775
7.505547
9.661367
7.873636
9.209780
9.073491
12.173898
11.264829
9.468534
7.445241
9.544817
8.791661
8.838658
8.153695
9.726655
9.268302
9.247303
9.955428
8.377873
9.275465
8.284215
7.815480
8.567547
7.923568
9.069043
8.889724
8.713742
10.702813
11.231573
11.702533
8.602254
8.386779
11.365949
10.441035
9.517136
10.672363
10.584760
8.975448
8.991188
11.255367
8.219926
9.132467


7.985815
8.012049
8.555479
9.037132
6.819120
9.662812
7.589831
10.293637
10.119604
8.913885
7.642633
8.510812
10.858275
8.710131
9.858945
8.285791
10.138759
9.702656
9.604322
10.057570
10.014965
11.596612
8.423687
8.550742
10.800800
8.392859
9.272920
7.282033
9.819229
7.320313
9.152849
9.587364
6.996714
10.016921
8.719199
10.605228
8.908176
9.400094
10.053487
8.551245
9.316936
10.561280
11.656726
8.951863
9.649457
8.637196
7.143357
8.698858
6.518055
9.353293
9.308322
9.134734
10.038860
8.548527
9.597288
8.486197
10.699219
8.788231
9.838778
8.343953
8.719376
7.094173
9.407325
10.562028


8.015103
11.680263
8.688386
9.004749
7.692664
8.767836
9.794069
8.572641
9.953420
9.177078
9.143706
10.391034
9.180533
8.539593
8.724765
7.321915
6.517611
8.147245
9.035161
9.455326
8.433846
9.065919
9.812155
8.717895
9.195240
8.493590
10.461854
7.105093
10.031185
8.657917
8.459917
7.979986
7.736765
8.495358
9.757920
8.294302
9.429103
10.093043
8.430047
9.885270
11.539944
8.326337
8.432463
9.194839
9.429432
9.344944
9.633699
9.302232
8.189721
9.365261
10.530160
8.650441
10.118332
9.243998
10.306632
10.214534
8.816164
10.842345
8.546232
7.596735
7.635908
7.767626
8.567106
9.277778


7.630598
8.638739
9.812511
9.091892
8.332985
9.402570
6.999122
9.934536
9.416975
8.562825
9.400574
8.487885
10.035421
10.053575
8.115174
10.254407
8.333829
8.781588
11.450813
9.432538
8.989146
9.576026
10.092542
9.930383
9.620005
9.012286
8.782194
8.790104
12.091145
9.181022
8.579935
8.712768
9.940787
7.928721
10.972641
10.198197
10.921423
10.143992
8.801088
10.991044
9.672840
9.555030
10.061216
9.526411
9.159662
8.120451
8.295609
8.441065
8.111883
9.474880
9.548383
10.059153
9.377292
9.256954
10.652212
10.242168
8.844349
9.101157
7.057201
8.817731
8.562317
10.266241
8.749096
9.778145


8.212291
7.269993
9.714252
11.815213
7.630849
8.973824
7.562859
9.586092
9.411487
9.278478
12.070649
12.176526
7.878282
9.018096
9.998999
8.251169
8.478150
9.169022
9.107823
9.265454
7.288771
10.133827
9.653250
9.072432
9.103880
10.542051
8.430001
10.054794
8.635465
10.060634
9.107244
8.252108
8.467108
7.500087
12.387317
7.830221
9.347691
9.247610
8.758524
7.260780
8.464337
9.203100
10.342335
8.880471
9.450749
8.314431
8.372625
8.915787
8.548486
8.173989
10.064223
10.852056
6.967894
10.334705
8.415786
10.451563
8.502167
10.222005
8.109541
8.277775
9.422572
11.102658
8.631685
10.453122


