2.201154
1.976376
1.125170
1.822233
1.858753
2.097887
1.324523
1.830942
1.789701
1.510294
1.622841
1.882262
1.549095
1.782057
1.760326
1.744804
1.513092
2.010776
1.350729
1.918998
1.260361
1.642397
1.316705
1.757391
1.900782
1.810361
1.612580
1.547333
1.358400
1.600931
1.295562
1.295091
1.678939
2.279060
2.076498
1.642690
1.362113
1.796803
1.815018
1.783656
1.455769
2.218500
1.546624
1.339038
1.669018
1.348539
1.777270
1.642581
1.556860
1.660712
1.430659
1.189822
1.432211
1.364512
1.922011
1.248096
1.291336
1.599134
2.316429
1.157934
2.300604
1.436859
1.742533
2.081357
1.685935
1.173287
1.264462
1.992974
1.320342
1.603472
1.629608
1.473077
1.169940
2.600491
1.340418
1.289242
1.406942
1.241626
1.095309
1.381547
1.671322
1.479217
1.000195
1.372975
1.502661
2.275308
1.583301
1.061338
1.925058
1.250602
1.460030
1.312313
1.377522
1.112129
1.342985
1.733450
1.556449
2.023124
1.221243
1.434675
1.380528
1.322763
1.720294
1.750934
1.424210
1.717670
1.870958
1.691668
1.333165
1.734629
3.026212
1.498103
1.736018
1.723005
1.283841
1.604529
2.316878
1.408592
1.764106
1.353998
1.467930
1.228782
1.239837
1.632078
1.541049
1.629130
1.302581
1.571611
1.367025
1.845379
1.462532
1.300933
1.660707
1.648616
1.452583
2.505622
1.263681
3.559861
2.144235
1.768104
1.198327
1.406414
1.482574
1.872309
1.215404
1.407483
1.608739
1.202298
1.435834
1.391125
2.481564
1.684568
1.598195
1.563607
1.123014
1.707800
2.164869
1.150819
1.597128
1.375944
1.386819
2.156570
1.156313
1.542206
1.588621
1.807993
1.630851
2.012585
1.448358
1.299752
2.278534
1.501476
1.524273
2.003546
1.889727
1.647785
1.425792
1.150308
1.249705
1.394297
1.134024
1.483542
1.886780
1.493402
1.570844
1.694583
1.929941
1.916985
1.810244
1.420236
1.146690
1.631535
1.864660
1.687589
1.567976
1.744585
1.502500
1.599113
1.721235
1.450955
1.628431
1.838924
1.514592
1.569932
1.507027
1.414485
1.564512
1.543253
1.157865
1.425274
2.042144
1.541558
2.268061
2.440170
1.423553
1.624933
1.155992
1.428345
1.388925
1.555352
1.530951
1.138081
1.377649
1.120297
1.849017
1.259566
1.772607
1.699873
2.348200
1.665738
1.409218
1.140062
2.171639
1.244921
1.262631
1.431379
1.705505
1.612295
1.420839
2.624376
1.110507
1.289464
2.122027
1.145388
1.203681
1.311174
1.431686
1.521956
1.694368
1.307759
1.160215
1.157504
1.607032
1.298286
1.285960
1.350940
1.700653
1.583526
1.449035
1.549007
1.351224
1.503636
1.409962
1.383770
1.338787
2.242496
1.325610
1.145758
1.636654
1.542409
1.639511
1.861573
1.497815
1.640572
1.435637
1.789878
1.352898
2.060129
1.540272
2.024375
1.432413
1.795250
1.514823
1.653795
1.619072
1.199981
1.460734
1.549747
1.544614
1.173270
1.204208
1.674604
1.461318
1.885288
1.518869
1.416931
1.177079
1.362691
1.136913
1.615222
1.640687
1.716441
2.017893
1.702021
1.882481
1.313408
1.465818
1.845412
2.294263
1.545005
1.115454
1.412631
1.387468
1.861786
1.994482
1.739070
2.486282
1.854717
1.347538
2.419882
1.671108
1.410769
1.502810
1.185367
1.799395
1.615585
1.525594
1.472181
1.151212
1.937374
1.489889
1.310538
1.092710
1.592008
1.653365
1.519497
1.577160
2.503455
1.336217
1.392433
1.571582
1.437507
1.720270
1.497068
1.596690
1.935443
1.314238
1.768784
1.656134
1.672288
2.314772
2.206849
1.860276
1.274083
2.034639
1.393847
1.481974
1.898057
1.679390
1.567336
1.135520
1.084728
1.874677
2.036408
1.336071
1.597658
1.479763
1.820728
1.660181
1.681861
1.782365
1.527128
1.553022
1.443915
1.674894
1.346507
1.662893
1.411139
1.280003
1.298169
1.073644
1.791176
1.393821
1.333073
2.010694
2.254008
1.361149
1.736382
1.340770
1.414180
1.809879
1.482197
1.313089
1.700518
1.995305
1.225051
1.618738
1.463308
1.500656
1.261160
1.521561
1.431879
1.216492
1.444585
1.396403
1.571976
1.379423
1.551417
1.286137
1.246104
1.190360
1.379689
1.308503
1.691291
1.839360
2.136076
1.535991
1.407929
1.219113
2.181779
1.612808
1.625502
1.640431
1.736295
1.403115
1.980627
1.283541
1.019841
1.460584
1.297214
1.929212
1.556810
1.635469
1.440335
2.011484
1.921600
1.437262
1.850952
1.418933
1.456151
1.460936
1.560120
1.480667
1.647541
1.751776
1.647762
1.417564
1.421661
1.603326
1.912779
1.627408
1.919868
1.673406
1.320313
1.418438
1.447253
1.360917
2.016674
1.862423
1.378780
1.233639
1.055053
1.881720
1.179996
1.983004
1.335693
1.340778
1.850825
1.707323
1.296083
1.856859
1.488589
1.318337
1.502374
1.589776
1.494372
1.420869
2.360136
1.445401
1.800721
1.356933
2.377685
1.372069
1.524237
2.200479
2.286433
1.425703
1.157498
1.791122
2.286373
2.268880
1.979159
1.346649
2.271434
1.237783
1.433320
1.325791
1.653792
1.871992
1.717835
1.304100
1.197130
1.609588
1.848530
1.702491
1.399672
1.365795
1.516881
1.954162
1.288389
1.323738
2.122575
1.472776
1.498092
1.158376
1.644163
1.733219
1.352020
1.400931
1.484228
2.133340
2.446327
1.942594
1.588050
1.501579
1.286874
1.908863
1.489168
1.125555
1.945791
2.362787
1.569932
1.494280
1.689709
1.543789
1.603827
1.516636
1.389943
1.621400
1.338878
1.337121
2.040958
1.850164
1.391772
1.525727
1.546069
1.738666
1.508771
1.999073
2.076302
1.708355
1.975174
1.385403
1.355138
1.027871
1.322412
1.773642
1.584262
1.479253
1.548086
1.975598
1.561995
1.945469
1.173658
1.522067
1.357903
1.891095
1.523756
1.736815
1.539689
1.743518
1.742039
1.624144
2.248131
1.470064
1.478714
2.136141
1.931515
1.275029
1.327911
1.370507
1.759521
1.646609
1.548989
1.400799
1.646892
1.827168
1.231533
1.458808
1.163587
1.603710
2.131813
1.692181
1.030573
1.827108
1.366525
1.416880
1.516227
1.329200
1.752413
1.534561
1.713808
1.948288
1.143066
1.357923
1.436204
1.141660
1.477640
1.837333
2.238876
1.306187
2.054987
1.459760
1.718282
1.471137
1.715329
1.983242
1.433028
1.425470
1.520622
1.880941
1.154598
1.713134
1.358988
1.453390
1.558450
1.433465
1.985287
1.695423
1.714042
1.180125
2.128802
1.258327
1.503160
1.475947
1.368470
1.453437
2.087468
1.101251
1.561444
1.391273
1.691796
1.517946
1.297270
1.409470
2.228196
1.412357
1.160587
1.454837
1.701781
1.314913
1.227119
1.243270
1.473858
1.661865
1.782931
1.786966
2.088323
1.716666
1.263541
1.269532
1.704321
1.632237
1.599326
1.610497
1.475907
1.645316
1.699215
1.326451
1.309324
1.184700
1.674763
2.396784
1.351796
1.227845
1.440802
1.851077
1.445819
1.233167
1.312270
1.644978
1.369503
1.238895
1.724005
1.517570
1.506021
1.516414
1.230662
1.324761
1.338717
1.102075
2.666761
1.816629
1.999759
1.649201
1.199480
1.380360
1.415306
2.010728
2.288810
1.684487
1.685758
1.645212
1.468442
1.753187
1.716554
1.676390
1.422650
1.336763
2.343227
1.633497
1.151908
1.619438
1.920376
1.576129
1.399051
1.492175
1.940788
1.350885
1.474220
1.351705
1.407572
1.739571
1.885238
1.256189
1.570774
1.453506
1.472657
1.746873
2.196943
1.837584
1.404927
2.559556
1.475091
0.962319
1.433216
1.870012
1.647949
1.017912
1.592101
1.619967
2.524212
1.811030
1.315342
1.503018
1.616904
1.453252
1.917604
1.566180
1.149516
1.689280
1.555127
1.878775
1.729144
1.727825
2.190614
1.328765
1.519005
1.941006
1.373211
2.003923
1.948777
1.391101
1.818284
2.146435
1.664230
1.431609
1.732962
1.136144
2.039168
1.754314
1.296837
1.571709
1.879369
1.579634
1.803356
1.480871
1.746395
1.411001
1.373713
1.674827
1.454096
1.689809
1.757916
2.067879
1.539047
2.020473
1.372427
1.301081
1.184988
1.775811
2.112716
1.800643
1.407369
1.652927
1.487933
1.096074
2.127553
1.354800
1.703376
1.253490
1.514939
1.644217
1.616961
2.100169
1.898410
1.330780
1.573825
1.889918
1.645632
1.638729
1.079417
1.451963
1.560465
1.408864
1.461606
1.452798
2.750667
1.318111
1.320508
1.747251
1.213885
1.406589
1.403497
1.742752
1.348738
1.525139
1.354886
1.659982
1.312539
1.934832
1.743762
1.558829
1.571584
1.808569
1.752245
2.039013
1.237808
1.527947
1.438699
1.377155
1.578673
2.267882
1.796212
1.683624
1.474756
1.767904
1.511486
1.556628
1.937076
1.355710
1.898051
2.493664
1.525974
1.267597
2.058232
1.652435
1.054802
1.293595
2.000105
1.240070
1.275484
1.369916
2.523958
1.167116
2.387514
2.839174
1.493649
1.735457
1.359093
1.636703
1.855984
1.741659
1.837674
1.342531
1.558079
1.740555
1.262557
2.310756
1.736387
1.977690
1.384615
1.344900
1.275952
1.860465
1.673054
1.364284
1.815232
1.085169
1.212755
1.418044
1.530363
1.682978
1.948049
1.362363
1.358807
1.286426
1.752344
1.108037
1.427924
1.473119
1.175761
1.549911
1.420621
1.551157
1.230049
1.439176
1.325694
1.712780
1.509234
1.799717
1.406769
2.388948
1.296368
1.815003
2.269314
1.543515
1.542003
1.529793
1.284859
1.483641
1.574719
1.302263
2.215412
1.418008
1.036741
2.702030
1.729742
1.719369
1.479884
1.226031
2.118537
1.752847
1.169367
1.397435
1.368871
2.452977
2.368674
1.397026
1.773729
1.647372
2.086948
1.542577
1.306023
1.347507
1.270281
1.288472
1.557437
1.488888
1.519246
1.636011
1.389338
1.250383
1.489248
1.274702
1.338122
1.490732
1.376829
1.201499
1.514282
1.939273
1.274105
1.409575
1.892955
1.478032
1.634042
1.688029
1.404160
1.503676
1.395665
1.711056
1.656893
1.428742
1.595347
1.666378
1.226860
1.656628
1.396701
1.254777
1.324971
1.452415
1.120927
1.190728
1.714021
1.350140
1.620367
1.974651
1.683498
2.559223
1.266804
1.733643
1.679219
2.061580
1.346881
1.457348
1.547091
1.883485
1.795982
1.524721
1.757879
