1.646516
1.666867
1.646564
1.598084
1.626404
1.640777
1.644866
1.647047
1.581944
1.631966
1.706605
1.647424
1.687199
1.649972
1.618796
1.684208
1.634067
1.647960
1.613818
1.733373
1.651922
1.652323
1.619402
1.612381
1.656759
1.654124
1.650188
1.671682
1.703151
1.654247
1.608283
1.675062
1.638024
1.667966
1.675417
1.677572
1.627526
1.662696
1.697024
1.694294
1.707805
1.658259
1.631345
1.661779
1.701190
1.619597
1.590297
1.649448
1.632083
1.629335
1.631389
1.695544
1.612548
1.632098
1.605227
1.663917
1.631540
1.651554
1.631351
1.693154
1.635465
1.685250
1.658107
1.666077
1.693845
1.674740
1.612144
1.640974
1.648577
1.653667
1.677506
1.666858
1.724907
1.653647
1.629018
1.704950
1.627151
1.676847
1.617632
1.680624
1.728015
1.704410
1.633480
1.636785
1.653671
1.604621
1.658846
1.684534
1.663136
1.634412
1.677561
1.640936
1.639743
1.672462
1.689168
1.745147
1.669159
1.654750
1.669492
1.679480
1.633993
1.621489
1.568287
1.683460
1.650107
1.635080
1.682514
1.649786
1.660191
1.646299
1.661966
1.608830
1.639867
1.688060
1.628830
1.629963
1.610980
1.699766
1.668881
1.677364
1.649239
1.669974
1.624965
1.695166
1.651190
1.635060
1.737664
1.561269
1.609758
1.663168
1.640773
1.710687
1.634024
1.682797
1.626035
1.619114
1.682150
1.602373
1.651916
1.652922
1.594762
1.611757
1.642145
1.618424
1.616229
1.631925
1.683668
1.653225
1.670446
1.648936
1.660023
1.629486
1.666191
1.643778
1.632897
1.649104
1.694073
1.659631
1.706976
1.630136
1.660209
1.616256
1.760395
1.666251
1.649651
1.638755
1.648810
1.653051
1.680202
1.664727
1.700980
1.603896
1.650727
1.647665
1.624854
1.658634
1.606470
1.639291
1.692457
1.596582
1.665835
1.620239
1.632006
1.633661
1.637083
1.658379
1.640033
1.643240
1.664570
1.654000
1.612426
1.674648
1.633196
1.654316
1.690193
1.664775
1.666866
1.625649
1.647480
1.638599
1.680638
1.698900
1.671624
1.648335
1.698480
1.623708
1.634422
1.680703
1.686328
1.665448
1.633075
1.712960
1.653592
1.659259
1.644280
1.661904
1.673706
1.649703
1.639500
1.649325
1.690565
1.641060
1.719022
1.707197
1.731217
1.651314
1.634519
1.661636
1.629677
1.700976
1.670405
1.687659
1.663547
1.651674
1.662893
1.655274
1.655988
1.652086
1.649049
1.664074
1.648623
1.661842
1.692293
1.604157
1.641339
1.651248
1.600969
1.682267
1.660866
1.627224
1.640546
1.646877
1.680756
1.703600
1.671330
1.620752
1.660110
1.694570
1.635439
1.591923
1.628882
1.634894
1.640827
1.690448
1.678093
1.719363
1.687702
1.672700
1.612291
1.648099
1.629495
1.682697
1.638121
1.680032
1.678052
1.656901
1.654805
1.627809
1.620395
1.633075
1.607273
1.647945
1.645927
1.671163
1.693056
1.675062
1.703173
1.685987
1.632146
1.612948
1.647094
1.699917
1.645867
1.655145
1.664620
1.656281
1.683707
1.657546
1.623989
1.683483
1.663799
1.581252
1.633922
1.649463
1.635102
1.648852
1.707762
1.686442
1.667010
1.676920
1.670279
1.638898
1.651572
1.651383
1.687129
1.616873
1.667173
1.666693
1.671406
1.604162
1.608773
1.685272
1.597908
1.634279
1.645620
1.688019
1.645523
1.651801
1.693352
1.650461
1.682000
1.658824
1.672446
1.629944
1.629826
1.664058
1.645530
1.647004
1.686153
1.665810
1.642289
1.632209
1.635749
1.629492
1.628891
1.643066
1.641175
1.675459
1.675939
1.648182
1.637055
1.600183
1.641731
1.677396
1.663147
1.640267
1.666615
1.677227
1.599262
1.626091
1.594970
1.635314
1.609071
1.646502
1.664632
1.624335
1.656860
1.654806
1.671228
1.610836
1.699946
1.660797
1.647827
1.622332
1.667964
1.656895
1.622921
1.659646
1.607366
1.685119
1.696160
1.639283
1.651943
1.616838
1.631916
1.651047
1.630879
1.625398
1.684045
1.625929
1.646315
1.656272
1.665133
1.634671
1.695044
1.667455
1.702878
1.696187
1.623576
1.634816
1.662071
1.672294
1.717590
1.691913
1.676465
1.666826
1.685532
1.685146
1.692254
1.597812
1.666970
1.697838
1.662025
1.644859
1.623653
1.596949
1.712364
1.686595
1.663304
1.634680
1.648757
1.677290
1.680360
1.656117
1.647778
1.614415
1.647220
1.658633
1.636572
1.690215
1.592874
1.615791
1.648374
1.685415
1.686732
1.648953
1.664909
1.628743
1.601795
1.680126
1.711660
1.635770
1.592954
1.648909
1.643987
1.626528
1.584190
1.677503
1.624877
1.661757
1.626133
1.630646
1.628494
1.679026
1.671257
1.619294
1.677579
1.610834
1.681555
1.683094
1.650456
1.659788
1.660619
1.661938
1.710881
1.671172
1.650251
1.675630
1.581581
1.629502
1.627573
1.640550
1.692544
1.633847
1.590134
1.676157
1.710958
1.670571
1.626970
1.709870
1.639074
1.635433
1.710320
1.697914
1.643683
1.682844
1.630106
1.637317
1.722286
1.630980
1.613054
1.685816
1.660002
1.649333
1.609762
1.593189
1.592647
1.689396
1.634687
1.665103
1.635295
1.668145
1.639093
1.659729
1.694194
1.599640
1.699915
1.644865
1.648569
1.615400
1.583964
1.646399
1.617874
1.702929
1.653476
1.663166
1.652519
1.656204
1.605000
1.644049
1.663907
1.571802
1.624717
1.627109
1.618112
1.607457
1.681205
1.617376
1.636618
1.710867
1.667273
1.595429
1.633055
1.660558
1.582602
1.653850
1.652102
1.641918
1.672929
1.679849
1.657918
1.696892
1.642208
1.644160
1.635154
1.705280
1.642664
1.662674
1.624909
1.691111
1.654991
1.657333
1.642252
1.681588
1.627478
1.632166
1.719845
1.650039
1.621851
1.610961
1.628614
1.724706
1.682162
1.674701
1.715469
1.679378
1.599772
1.671432
1.663784
1.616416
1.715751
1.698775
1.623222
1.685343
1.709143
1.633078
1.607317
1.655638
1.658412
1.632848
1.677236
1.634036
1.618529
1.704210
1.632210
1.643184
1.686231
1.625440
1.691632
1.643207
1.653585
1.646421
1.634124
1.602173
1.637168
1.613294
1.664182
1.708022
1.631331
1.672095
1.714243
1.644461
1.606076
1.663953
1.664303
1.663385
1.663812
1.734528
1.600852
1.682313
1.667977
1.698686
1.688899
1.650271
1.690149
1.659282
1.662350
1.650362
1.710206
1.647537
1.668933
1.704995
1.615803
1.628535
1.618217
1.651859
1.639392
1.676197
1.675563
1.637125
1.648427
1.657278
1.661359
1.711266
1.665256
1.660873
1.681647
1.656265
1.656383
1.703760
1.650389
1.684509
1.701784
1.678665
1.639967
1.662566
1.684173
1.656279
1.693740
1.649339
1.652747
1.647746
1.691713
1.640653
1.682617
1.682864
1.637604
1.720851
1.627254
1.653868
1.663911
1.619624
1.651014
1.681197
1.653631
1.689992
1.667886
1.561055
1.693528
1.657815
1.573775
1.667268
1.657933
1.662519
1.676068
1.638719
1.680552
1.643624
1.642983
1.629403
1.617620
1.659402
1.699946
1.635003
1.614379
1.621116
1.628441
1.606997
1.665050
1.647586
1.632364
1.640923
1.625510
1.650635
1.636010
1.627642
1.670132
1.679943
1.621694
1.591944
1.621734
1.647190
1.661062
1.664845
1.654036
1.644823
1.679532
1.722538
1.660764
1.616346
1.696565
1.713104
1.702941
1.640748
1.663761
1.706585
1.622620
1.628485
1.644849
1.633145
1.604923
1.680521
1.635948
1.715885
1.702658
1.619851
1.645361
1.661830
1.700782
1.683666
1.663911
1.641890
1.635176
1.631676
1.711660
1.607129
1.657618
1.674114
1.666378
1.648030
1.640147
1.663729
1.661348
1.626870
1.619889
1.676602
1.681108
1.667013
1.661617
1.612636
1.611994
1.681065
1.628417
1.653237
1.750470
1.645132
1.674594
1.658196
1.646706
1.582202
1.600995
1.664729
1.635404
1.639981
1.636934
1.653857
1.697413
1.629163
1.633018
1.612885
1.601064
1.673798
1.647981
1.690414
1.656744
1.666428
1.684313
1.622284
1.713806
1.628872
1.606589
1.622829
1.647625
1.704470
1.626384
1.678952
1.645292
1.653694
1.640719
1.673225
1.667718
1.643953
1.684580
1.613483
1.660875
1.624782
1.629670
1.646131
1.674648
1.649010
1.630015
1.664246
1.645610
1.599340
1.630373
1.673830
1.697922
1.698564
1.584257
1.647719
1.666549
1.659158
1.692837
1.672142
1.681391
1.707473
1.640374
1.665633
1.672185
1.650413
1.635160
1.615894
1.629982
1.590280
1.625815
1.657149
1.642784
1.630967
1.672636
1.602197
1.633758
1.639390
1.634753
1.632628
1.612340
1.612615
1.672847
1.706490
1.605159
1.691861
1.643148
1.685391
1.728095
1.676784
1.610361
1.700573
1.701763
1.691182
1.657056
1.671562
1.606804
1.628568
1.626284
1.643342
1.654127
1.668776
1.640844
1.661559
1.625917
1.630512
1.694284
1.690214
1.678709
1.620947
1.652000
1.614910
1.707108
1.632561
1.628057
1.624561
1.707357
1.636607
1.655350
1.663620
1.623690
1.629526
1.611438
1.635328
1.687464
1.674476
1.621175
1.671182
1.627073
1.609134
1.680519
1.632277
1.650873
1.578657
1.625022
1.640842
1.678807
1.625875
1.679431
1.628891
1.671599
1.693706
1.614873
1.633653
1.633223
1.657163
1.587884
1.680797
1.640351
1.617280
1.687274
1.644739
1.669010
1.676566
1.699991
1.608236
1.699545
1.639314
1.619995
1.688473
1.616684
1.626459
1.682187
1.620959
1.592796
1.639861
1.578374
1.662118
1.659019
1.668777
1.676250
1.640577
1.629252
1.702055
1.690145
1.626543
1.634201
1.618620
1.653925
1.630322
1.700890
1.647278
1.615539
1.610168
1.577265
1.686509
1.625739
1.685951
1.642752
1.658402
1.667801
1.664581
1.673406
1.626590
1.705445
1.666258
1.676772
1.602860
1.654718
1.620005
1.671153
1.655979
1.693669
1.666745
1.643894
1.635815
1.655367
1.637352
1.617321
1.632929
1.640739
1.626064
1.667428
1.611344
1.672614
1.632436
1.652059
1.612120
1.665646
1.619988
1.656434
1.636176
1.627696
1.733208
1.595064
1.696622
1.628964
1.659624
1.651286
1.691163
1.619016
1.663859
1.600483
1.639176
1.635687
1.643203
1.669150
1.620678
1.595191
1.580693
1.671767
1.692962
1.628971
1.629258
1.601224
1.612793
