1.584362
1.786385
1.720381
1.628542
1.613573
1.626609
1.812895
1.660195
1.620345
1.594058
1.594961
1.656024
1.631905
1.607671
1.594863
1.579443
1.553140
1.672908
1.840541
1.524138
1.711028
1.753695
1.679123
1.690582
1.688274
1.594306
1.629057
1.835951
1.608127
1.609521
1.635136
1.737949
1.566222
1.645920
1.776085
1.800963
1.603172
1.627742
1.586290
1.875844
1.638339
1.744742
1.666524
1.756959
1.607052
1.756548
1.721320
1.498606
1.518791
1.679422
1.793480
1.590804
1.509631
1.609962
1.673651
1.602720
1.651994
1.585845
1.828599
1.450879
1.703386
1.588392
1.857473
1.604886
1.711655
1.558048
1.593261
1.551345
1.666895
1.680228
1.621314
1.694359
1.493792
1.614526
1.683899
1.799275
1.571713
1.516712
1.687744
1.760525
1.718424
1.784671
1.719979
1.784023
1.674890
1.547867
1.815988
1.660068
1.574019
1.677165
1.695168
1.725382
1.516947
1.816706
1.648562
1.755745
1.600675
1.546068
1.603616
1.682270
1.672361
1.727902
1.764950
1.677519
1.522182
1.794542
1.523391
1.688242
1.807850
1.634159
1.559090
1.616080
1.594666
1.580863
1.787561
1.721281
1.717904
1.513530
1.726088
1.646772
1.653561
1.680287
1.744866
1.648346
1.564142
1.540210
1.580630
1.751898
1.522793
1.594270
1.652764
1.617872
1.726548
1.898860
1.734711
1.543173
1.676211
1.503154
1.768248
1.579847
1.686188
1.593674
1.819192
1.690017
1.678047
1.676069
1.545160
1.603648
1.636414
1.599227
1.718793
1.818047
1.607600
1.654213
1.707961
1.734136
1.642917
1.583270
1.601791
1.642810
1.650704
1.548519
1.661774
1.577270
1.606808
1.669895
1.709580
1.600573
1.663507
1.610188
1.674382
1.751351
1.558294
1.606237
1.615720
1.628561
1.512787
1.577407
1.692110
1.601630
1.636684
1.691289
1.531531
1.784840
1.639479
1.786170
1.562933
1.562996
1.639303
1.741653
1.507618
1.633894
1.742573
1.567586
1.621592
1.927708
1.413006
1.740872
1.514742
1.766363
1.754997
1.530627
1.639706
1.623368
1.615020
1.655308
1.812278
1.606089
1.502993
1.638444
1.595608
1.553751
1.711209
1.663288
1.706793
1.590142
1.636902
1.999992
1.722153
1.750469
1.636029
1.676243
1.616057
1.629187
1.697227
1.600873
1.718831
1.700590
1.533644
1.412310
1.801886
1.643722
1.660483
1.682703
1.665025
1.706904
1.818774
1.585461
1.609639
1.626237
1.583354
1.650492
1.683993
1.640987
1.506361
1.616244
1.740494
1.629705
1.685672
1.677260
1.598469
1.741918
1.477116
1.573379
1.656189
1.450529
1.692993
1.628189
1.591818
1.726206
1.726863
1.599671
1.991812
1.731594
1.724080
1.544612
1.597879
1.558521
1.773058
1.606975
1.654741
1.554262
1.628427
1.585987
1.642083
1.648239
1.589226
1.731414
1.900249
1.619789
1.891554
1.687718
1.488819
1.560667
1.729546
1.793977
1.597639
1.604177
1.698938
1.574285
1.799723
1.594464
1.574618
1.690000
1.675557
1.550000
1.838071
1.691120
1.705813
1.967072
1.602648
1.726644
1.651578
1.524168
1.816412
1.533674
1.540471
1.631663
1.599443
1.570097
1.633486
1.739853
1.731422
1.657953
1.472141
1.629667
1.570969
1.580828
1.712938
1.673339
1.638112
1.656718
1.721881
1.475385
1.653686
1.590996
1.624637
1.816548
1.668184
1.790922
1.626908
1.643629
1.678197
1.581964
1.568424
1.679661
1.519070
1.605722
1.642898
1.542771
1.718133
1.591124
1.696979
1.682884
1.649617
1.707139
1.765034
1.692054
1.719173
1.634469
1.583424
1.648267
1.908033
1.754250
1.708382
1.787811
1.580046
1.468180
1.530171
1.548485
1.517848
1.728587
1.583992
1.560418
1.539999
1.549077
1.701557
1.586034
1.624768
1.540328
1.719922
1.604975
1.580124
1.540440
1.645312
1.756111
1.669363
1.648570
1.545722
1.592631
1.765315
1.722095
1.554729
1.660804
1.661224
1.531757
1.711726
1.621146
1.459659
1.577135
1.751703
1.816273
1.576530
1.629446
1.541464
1.544156
2.004762
1.633806
1.705492
1.629627
1.570194
1.739321
1.808925
1.597265
1.705007
1.575140
1.653213
1.772010
1.671759
1.699001
1.646821
1.678682
1.675179
1.712085
1.629853
1.701116
1.557869
1.660169
1.536826
1.629072
1.657360
1.748424
1.848869
1.721014
1.568600
1.627651
1.792591
1.672584
1.705575
1.701216
1.691831
1.483141
1.684784
1.710125
1.564527
1.657449
1.681149
1.620769
1.549856
1.632299
1.874523
1.504120
1.671956
1.627566
1.538943
1.691909
1.702440
1.627764
1.573227
1.526585
1.685262
1.662121
1.589058
1.742475
1.603505
1.718319
1.796517
1.627618
1.663796
1.671206
1.552833
1.644425
1.510421
1.679635
1.609574
1.807455
1.799134
1.678704
1.622951
1.741765
1.630472
1.821767
1.657110
1.526037
1.735245
1.681258
1.654885
1.665629
1.452434
1.621287
1.652357
1.664186
1.594437
1.505221
1.740962
1.709274
1.585383
1.748189
1.602421
1.628630
1.613893
1.750389
1.746462
1.597363
1.682013
1.696613
1.629809
1.359566
1.827386
1.590344
1.707060
1.631396
1.596038
1.622759
1.500195
1.514545
1.616584
1.609935
1.600298
1.521035
1.558077
1.766185
1.722998
1.608471
1.644069
1.813609
1.630153
1.753824
1.542327
1.616714
1.561552
1.619260
1.722358
1.683103
1.698934
1.452456
1.689996
1.630247
1.507872
1.583550
1.588348
1.583822
1.597272
1.733929
1.586048
1.589560
1.672235
1.777918
1.640822
1.653879
1.705298
1.610683
1.502311
1.721715
1.699477
1.600712
1.550611
1.589639
1.673282
1.673694
1.733518
1.679637
1.611697
1.533285
1.676652
1.697185
1.449496
1.732531
1.516357
1.642595
1.681111
1.911583
1.701523
1.730100
1.674062
1.748312
1.712701
1.582768
1.669100
1.540430
1.599937
1.977499
1.714769
1.646736
1.731593
1.583426
1.730728
1.622045
1.735824
1.642657
1.654827
1.458540
1.667830
1.658317
1.579032
1.636528
1.540212
1.784906
1.618108
1.764712
1.708057
1.698601
1.603448
1.544593
1.652760
1.655534
1.477971
1.536431
1.636230
1.816080
1.723893
1.753973
1.687339
1.491329
1.827737
1.441764
1.679423
1.693758
1.862912
1.655022
1.509201
1.641722
1.692582
1.599686
1.687718
1.527123
1.599674
1.604319
1.714167
1.728675
1.548077
1.667230
1.653281
1.714606
1.590723
1.876245
1.502571
1.632091
1.726841
1.694663
1.682497
1.596573
1.687742
1.604784
1.749246
1.615396
1.583849
1.567398
1.708177
1.560711
1.841462
1.696402
1.562450
1.690246
1.821896
1.750256
1.734189
1.587015
1.705356
1.720234
1.709236
1.591616
1.538530
1.722138
1.531075
1.566191
1.446541
1.609711
1.555592
1.519056
1.651525
1.661571
1.526107
1.558234
1.908146
1.801301
1.698377
1.583656
1.712298
1.555903
1.740642
1.617964
1.638337
1.667571
1.535556
1.520482
1.908879
1.612457
1.484941
1.718380
1.691728
1.688544
1.623164
1.691103
1.532688
1.746913
1.720836
1.584436
1.570824
1.580947
1.719588
1.658851
1.622074
1.795008
1.597470
1.700700
1.566141
1.746902
1.790170
1.566125
1.585343
1.603994
1.568543
1.582076
1.503991
1.606517
1.672651
1.715946
1.591349
1.545831
1.477533
1.694691
1.626520
1.579357
1.759092
1.721259
1.668005
1.618998
1.534737
1.592311
1.599179
1.825071
1.659131
1.758339
1.486267
1.568033
1.540785
1.584978
1.595441
1.678324
1.643956
1.582927
1.608514
1.633761
1.688127
1.612913
1.751186
1.482164
1.793508
1.631179
1.728566
1.522814
1.671826
1.545337
1.616033
1.719953
1.656198
1.545449
1.589679
1.650943
1.603517
1.674869
1.655810
1.559036
1.566098
1.702748
1.648151
1.680350
1.624604
1.624166
1.652600
1.453566
1.654017
1.708786
1.696991
1.684090
1.681824
1.625840
1.747542
1.572576
1.733497
1.745790
1.670741
1.784353
1.676341
1.739867
1.615701
1.595967
1.751968
1.622273
1.729624
1.823716
1.781394
1.698402
1.780024
1.705191
1.756378
1.500960
1.583752
1.785429
1.668383
1.689124
1.765523
1.633932
1.581215
1.693177
1.610032
1.644849
1.796713
1.716868
1.632845
1.760618
1.530837
1.577411
1.693586
1.498690
1.577769
1.685373
1.525995
1.510780
1.613362
1.727027
1.639052
1.647960
1.721534
1.571561
1.747498
1.794053
1.602374
1.666488
1.680985
1.550014
1.526685
1.615145
1.697947
1.685889
1.747981
1.509793
1.552776
1.671397
1.637434
1.704446
1.574254
1.509538
1.694927
1.688624
1.636063
1.636288
1.768043
1.801447
1.451971
1.757591
1.525470
1.580866
1.684389
1.716447
1.581853
1.786998
1.666712
1.601072
1.661146
1.659421
1.592501
1.712757
1.563781
1.706423
1.692739
1.786280
1.746327
1.497718
1.620504
1.660471
1.513660
1.634954
1.671382
1.598286
1.519794
1.725519
1.626091
1.623496
1.673873
1.725785
1.727175
1.631974
1.767673
1.575575
1.582894
1.596109
1.606172
1.607434
1.755751
1.813029
1.654433
1.669552
1.752826
1.621273
1.586197
1.520800
1.610309
1.525798
1.732905
1.640866
1.660955
1.730255
1.883423
1.551589
1.531132
1.566444
1.834871
1.667697
1.738671
1.762854
1.754802
1.695815
1.664446
1.671936
1.580606
1.656004
1.729185
1.738903
1.536325
1.618721
1.687771
1.717857
1.758239
1.613318
1.843909
1.542226
1.668604
1.674293
1.685301
1.690122
1.684395
1.616339
1.599007
1.712503
1.584331
1.484276
1.592113
1.727326
1.649308
1.544831
1.611534
1.571085
1.859064
1.664673
1.501433
1.653246
1.560399
1.731526
1.485560
1.670063
1.674825
1.703727
1.705824
1.723340
1.762827
1.640142
1.537087
1.938394
1.566798
1.547217
1.487486
1.809749
1.607821
1.619635
1.664025
1.700234
1.535341
1.651089
1.588438
1.873647
1.647965
1.625084
1.693868
1.830978
1.712026
1.729351
1.692274
1.617355
1.650570
1.712114
1.571169
1.775528
1.645645
1.607342
1.557011
1.785135
1.512594
1.691007
1.678414
1.534443
1.506113
1.567823
1.820674
1.683541
1.655762
1.618938
1.570159
1.555615
1.646445
1.494156
1.620339
1.776553
1.665715
1.597618
1.470523
1.564904
1.628179
1.495982
