1.791843
1.295411
1.790685
1.311867
1.383587
1.317414
1.424908
1.411947
1.528565
1.308847
1.639496
1.557571
1.666277
1.540583
1.374992
2.065037
2.441620
1.511831
1.581751
1.826587
1.523646
1.244939
1.496575
1.852500
1.531594
1.516473
1.725218
1.660452
1.858398
1.727414
1.678688
2.141275
1.404343
1.502629
1.865952
1.532706
1.361271
1.625966
2.090795
1.398517
1.776441
1.265375
1.987210
1.681468
1.626308
1.394870
1.536605
2.161298
1.503402
2.146677
1.615913
1.410874
1.315833
1.807322
1.486524
1.652200
1.354677
1.489570
1.448310
1.902551
2.164006
1.521676
1.585961
1.668982
1.754776
1.708159
1.543116
2.058661
1.647510
1.342585
1.733494
1.486676
1.307374
1.550006
1.976136
1.621464
1.555160
1.631797
1.573876
1.785292
1.492617
1.425000
1.364394
1.738336
1.725054
2.307968
1.751155
1.982649
1.561547
1.481432
1.628570
1.310416
1.510209
1.887482
1.770297
1.644079
1.586954
2.187498
1.641102
1.591132
1.342284
1.834121
1.754727
1.222695
1.593786
1.779545
1.786906
1.446351
1.350341
1.596176
1.347398
1.260761
1.732646
1.798962
1.526382
1.346400
1.509228
1.986209
1.599410
1.605477
1.625313
1.747349
1.430470
1.544309
1.309472
1.386191
1.742927
1.868458
1.507129
1.718203
1.651103
1.841676
1.725036
1.873526
1.797311
1.711781
1.670369
1.490843
1.541126
2.024526
1.508168
1.691336
1.468387
1.378673
1.305523
2.110771
1.536041
1.603341
1.632204
1.325846
1.707218
2.123170
1.760009
1.826226
1.797594
1.576578
2.190169
1.592263
2.140769
1.689687
1.389448
1.768016
1.404701
2.014802
1.342981
1.504998
1.464404
1.476600
1.624464
1.495388
1.306447
1.739479
1.588665
1.572642
1.808245
1.573397
2.004142
1.722394
1.673809
2.086412
1.593178
1.567667
1.664178
1.375207
1.827592
1.992422
2.010303
1.820607
1.461306
1.707137
1.774196
1.731624
1.698130
1.231285
1.702187
1.633953
1.930800
1.563480
1.418395
1.635289
1.700617
1.302466
1.712648
1.427408
1.347772
1.349984
1.488548
1.693136
1.555350
1.917274
1.519156
1.328657
1.518163
1.291836
1.678250
1.499859
1.634370
1.258505
1.591236
1.860560
2.038847
1.360406
1.384452
1.470398
1.916627
1.584387
1.600047
1.488910
1.718930
1.312722
1.794994
1.406415
1.419828
1.566342
1.885425
1.880285
1.458382
1.387437
1.749376
1.756924
1.559097
1.850714
1.679762
1.729854
1.518323
1.655415
1.502236
1.948147
1.916226
1.951615
1.526237
1.925685
1.539893
1.916278
1.685695
1.487478
1.598741
1.490862
1.569756
1.312629
1.903984
1.263318
1.828022
1.935100
1.512965
1.414885
1.967052
1.370099
1.356059
1.503064
1.881314
1.237954
1.698300
1.507372
1.622634
1.941601
1.604298
1.752878
1.617943
1.585387
1.686517
2.031334
1.682269
1.942355
1.644693
1.535575
1.738320
1.337543
1.413967
1.434333
1.590336
1.313543
1.383747
1.818843
1.470029
2.274548
1.314864
1.564187
1.367660
1.294230
1.390498
1.285865
1.548835
1.416822
1.608891
1.392741
1.728322
1.859570
1.407077
2.543265
1.473993
1.239304
1.384154
1.663441
1.871275
1.541624
1.830027
1.629352
1.868604
1.524280
1.985908
1.751656
1.712740
1.522956
1.214356
1.855841
1.882421
1.799942
2.150445
1.568965
1.346653
1.357927
1.605552
1.535546
1.430572
1.685643
1.497639
1.503407
1.416451
1.804052
1.590461
1.543449
1.636276
1.310946
1.532017
1.769869
1.458507
1.531923
1.721363
1.454764
1.223538
1.395348
1.737939
1.495011
1.122076
1.433968
1.369309
1.336256
1.424384
1.777143
1.727076
1.672210
1.423491
1.642243
1.649763
1.692483
1.526767
1.278136
1.815326
1.308089
1.866272
1.473343
1.590570
2.582371
1.681281
1.614151
1.728899
1.453889
1.686460
1.697410
1.544114
1.424609
1.185475
1.434057
1.950293
1.474517
1.560621
1.372861
1.511908
1.449793
1.344064
1.821189
1.832563
2.171592
1.659386
1.555540
1.735138
1.747596
1.905002
1.836678
1.516561
1.815806
1.512493
1.449343
1.424520
1.390035
1.816364
1.639432
1.807645
1.504027
1.587304
1.838461
1.552782
1.550373
1.410963
1.730490
1.471642
1.733090
2.021113
1.380358
1.829525
2.215088
1.478353
1.944344
1.608706
1.278262
1.431519
1.606832
1.693196
2.018482
1.601511
1.509084
1.862326
1.654370
1.584349
1.796775
1.447034
1.608287
1.562216
1.451060
1.336967
1.656727
1.616523
1.806523
1.881708
1.330588
1.473146
1.558513
2.009006
1.186179
1.440605
1.892215
1.692166
1.928104
1.458262
1.317677
1.806753
1.554534
1.594332
1.627057
1.676956
1.685526
1.707764
1.158136
1.747567
1.777061
1.527595
1.800095
1.806401
1.578669
1.923113
1.952451
1.309063
1.621945
1.393077
1.496524
1.324334
1.390485
1.450808
1.433624
1.561700
1.492410
1.534236
1.975320
1.494335
1.614459
1.603471
1.567234
1.575036
1.652937
1.418598
1.336632
1.475871
1.280664
2.268414
1.558903
1.415482
1.600369
2.493769
1.693086
1.729434
1.444760
1.475270
1.485011
1.429823
1.481006
1.243823
2.144540
2.311822
1.500226
1.438042
2.077400
1.742927
1.350022
1.812719
1.480965
1.492132
1.754698
2.149913
1.326641
1.590395
1.439780
1.786342
1.590821
1.612777
1.729731
1.457999
1.328384
2.013781
1.314416
1.653607
1.484729
1.430454
1.435239
1.542688
1.422414
1.508565
1.564487
1.736821
1.678021
1.852406
1.571294
1.288103
1.950215
1.423191
1.591887
1.486875
1.500394
1.470667
1.366193
1.317418
1.587834
1.708001
1.711589
1.745403
1.252036
1.569732
1.497468
1.844715
1.391469
1.539744
1.852624
2.360625
1.531146
1.583407
1.604647
1.301456
1.793916
1.673255
1.906029
1.515180
1.566596
1.441512
1.520561
1.582333
1.497685
1.771606
1.624709
1.366878
1.760580
1.481752
1.547379
1.490950
1.358854
1.411092
1.647105
1.834955
1.683426
1.646017
1.498790
1.291018
1.486580
2.092175
1.585397
1.842596
1.374633
1.560871
1.389065
1.340973
1.830609
1.728657
1.398577
1.677864
1.872241
1.204442
1.633897
1.415338
1.730048
1.481159
1.715392
1.268645
1.564945
1.530497
1.385067
1.692332
2.126215
1.665297
1.475307
1.761025
1.397910
1.425919
1.854814
1.485770
1.402820
1.745492
1.707678
1.774153
1.330024
1.719788
1.617319
1.396566
1.562757
1.357185
2.002728
1.919667
1.327822
1.408865
1.506157
1.405543
1.937745
1.416567
1.430122
1.278771
1.572021
1.410103
1.589098
1.918248
1.539999
1.731878
1.373148
1.658896
1.625871
1.953705
1.472648
1.832491
1.964502
1.578714
1.351406
2.152010
1.817689
1.722746
1.431110
1.451374
1.425941
1.385984
1.560062
1.326098
1.321958
1.937813
1.627852
1.421465
1.371159
1.877028
1.351456
1.324415
1.312301
1.691973
1.606038
1.508645
1.429255
1.543834
1.499580
1.421125
1.515163
2.120355
1.514263
1.490815
1.327246
1.398470
1.395667
1.570255
1.422370
1.338566
1.693485
1.833056
1.489351
1.384900
1.313663
1.547086
2.043002
1.559118
1.408426
1.713215
1.550023
1.604605
1.879324
1.432342
1.611068
2.304746
1.356815
1.520486
1.907613
1.359176
1.237020
1.769520
1.797296
1.318143
1.403494
1.288124
1.583234
1.905849
1.153918
1.217642
1.626793
1.573984
1.710215
1.836238
1.494295
1.474763
1.866160
1.584953
1.535814
1.461555
1.424966
1.615477
1.797512
1.391533
1.285510
1.316438
1.608937
2.029932
1.302253
1.914185
1.587970
1.418741
1.353197
1.755710
1.459086
1.857847
1.414610
1.448038
1.523343
1.468113
2.068904
1.687655
1.858249
1.294768
1.729620
2.347749
1.532112
1.988948
1.384742
1.740185
1.844736
1.519848
1.607807
1.526532
1.622347
1.516657
1.776626
1.909516
1.810175
1.708167
1.859427
1.842964
1.615872
1.612985
1.488956
1.826614
1.470041
1.584894
2.195742
1.805109
1.922865
1.580808
1.516801
1.536855
1.440406
1.337878
1.418385
1.822279
1.457790
1.400328
1.340549
1.159170
1.791124
1.307933
1.523017
1.917975
1.683296
1.766643
1.868384
1.865918
1.640766
1.328162
1.695541
1.306163
1.474853
1.660427
1.566161
1.767236
1.373413
1.391793
1.610384
1.395800
1.750630
1.307797
1.719303
1.504665
1.656208
1.411040
1.924096
1.226993
1.477339
2.283794
1.681473
1.464219
1.689642
2.093461
1.302593
1.764304
1.531427
1.777563
1.496655
1.509660
1.862431
1.879641
1.567161
1.291216
1.810681
1.558263
1.258226
1.937829
1.493155
1.637852
1.706385
1.706427
1.306602
1.548575
2.107496
1.989078
2.102927
1.839453
1.461243
1.487009
1.313232
1.589302
1.837243
1.238076
2.227567
1.708251
1.639199
1.632568
1.869777
1.698060
2.139719
1.731616
1.608691
1.890474
1.634403
1.565913
1.736150
1.576645
1.673250
1.652638
1.706053
1.893806
1.079638
1.537005
1.660087
1.825346
1.554983
1.394905
1.573622
1.810913
1.503142
1.498001
1.625386
1.221081
2.525796
1.409484
1.582820
1.331445
1.537522
1.537986
1.461126
1.662549
1.391666
1.707917
2.211528
1.644036
1.252480
1.384408
1.445078
1.846493
1.643088
1.462285
1.483310
1.734617
1.812217
1.670531
1.737500
1.869319
1.597409
1.466932
1.865017
1.262431
1.289058
1.723590
1.656130
1.495222
1.776419
1.995776
1.450534
1.427967
1.449741
1.583005
1.439799
1.583713
1.675797
1.886239
1.476475
1.712771
1.386570
1.912568
1.487359
1.435354
1.473307
1.584518
1.634824
1.499054
1.427589
1.599265
1.374837
1.591662
1.428381
1.495595
1.622738
1.521013
1.884653
1.742869
1.420002
1.342001
2.052412
1.505890
1.598658
1.598478
1.740818
1.622102
2.140212
1.580019
1.699746
1.869623
1.446959
2.198432
1.733876
1.647195
1.710102
1.603067
1.468450
1.430840
1.497514
1.596091
1.498390
1.771355
1.613809
1.526889
1.729639
1.988244
1.816601
1.860123
1.683117
1.678177
1.678284
1.863403
1.635255
1.442155
1.597132
1.547757
1.649093
1.479114
1.575840
1.792243
1.664968
1.841515
1.439825
1.722165
1.654574
1.651301
1.446684
