1.559235
1.727226
1.619509
1.791406
1.674072
1.613264
1.621833
1.598062
1.635942
1.562689
1.704945
1.600992
1.587030
1.576175
1.523265
1.663920
1.664822
1.665508
1.600485
1.608082
1.691113
1.581014
1.633983
1.700863
1.611975
1.688610
1.671563
1.670226
1.629502
1.687267
1.612784
1.717944
1.655874
1.626742
1.573750
1.637487
1.568177
1.674710
1.698727
1.667866
1.792582
1.616186
1.742233
1.698490
1.663473
1.546196
1.587522
1.672848
1.579143
1.734277
1.668036
1.721467
1.609203
1.584204
1.690909
1.595420
1.626647
1.681050
1.664575
1.693151
1.653844
1.791429
1.608840
1.683283
1.699684
1.574590
1.642636
1.620192
1.686852
1.752495
1.704012
1.675055
1.663383
1.637185
1.558209
1.606285
1.686975
1.640743
1.609568
1.534999
1.767070
1.601653
1.601207
1.657450
1.678339
1.627927
1.586888
1.701588
1.669188
1.657439
1.590148
1.639775
1.628758
1.596859
1.688313
1.699143
1.660547
1.628264
1.531397
1.624425
1.590830
1.632548
1.733215
1.595323
1.720574
1.662901
1.592985
1.572397
1.637402
1.749855
1.658870
1.630265
1.651907
1.599728
1.663652
1.665864
1.670981
1.689325
1.646984
1.669735
1.688497
1.786282
1.618439
1.691939
1.639664
1.690801
1.685037
1.594597
1.509431
1.644633
1.559428
1.663070
1.553636
1.695899
1.737289
1.653818
1.610997
1.594050
1.625755
1.721100
1.779102
1.781090
1.757006
1.600433
1.626183
1.674314
1.631181
1.707449
1.614158
1.669884
1.686820
1.656188
1.703488
1.625333
1.694566
1.607751
1.656637
1.655639
1.526348
1.626010
1.634118
1.661350
1.584973
1.765251
1.609671
1.637381
1.649972
1.588009
1.625997
1.697052
1.575132
1.663337
1.693996
1.684394
1.706238
1.684570
1.656483
1.705562
1.578824
1.643947
1.560832
1.681422
1.681171
1.610440
1.542946
1.698648
1.543722
1.597832
1.542349
1.617333
1.672864
1.620162
1.622397
1.645645
1.523167
1.647075
1.680060
1.647267
1.710188
1.633733
1.756602
1.683515
1.778588
1.655123
1.647677
1.634918
1.536814
1.587855
1.559010
1.645120
1.674600
1.656463
1.575210
1.611926
1.564984
1.722013
1.612115
1.603283
1.508852
1.553239
1.651408
1.619728
1.610391
1.771770
1.580106
1.739717
1.652592
1.595854
1.669122
1.589623
1.587540
1.618319
1.621646
1.622785
1.742068
1.645058
1.713785
1.664846
1.636502
1.646760
1.673134
1.628320
1.643706
1.625439
1.712486
1.774999
1.682501
1.692709
1.567498
1.689408
1.649959
1.558514
1.490177
1.664609
1.604953
1.662382
1.670416
1.631530
1.624564
1.589432
1.598843
1.663448
1.585112
1.634664
1.600300
1.686761
1.712324
1.686354
1.542054
1.664762
1.603907
1.570299
1.730739
1.569803
1.651369
1.673095
1.559196
1.626572
1.669998
1.596649
1.582108
1.584829
1.600302
1.628764
1.664285
1.559958
1.675785
1.662162
1.686631
1.647277
1.676227
1.569974
1.626935
1.617565
1.675065
1.689168
1.579866
1.640891
1.574048
1.691050
1.694518
1.643855
1.791833
1.597925
1.573496
1.620486
1.640901
1.588459
1.646170
1.722010
1.640114
1.709540
1.539467
1.647871
1.639356
1.653927
1.759283
1.636426
1.572377
1.726529
1.584264
1.508267
1.606402
1.689831
1.712365
1.601095
1.645018
1.629902
1.602062
1.585338
1.642420
1.558235
1.655742
1.721000
1.666979
1.775467
1.723234
1.641528
1.614622
1.570229
1.629370
1.566170
1.539801
1.589362
1.576791
1.567107
1.719590
1.563003
1.638822
1.689439
1.627233
1.648524
1.627018
1.587137
1.619293
1.527335
1.582768
1.733871
1.626647
1.722832
1.718858
1.692676
1.675497
1.570253
1.747443
1.511994
1.539287
1.618508
1.656272
1.715573
1.762527
1.675030
1.629972
1.727364
1.627520
1.649275
1.653774
1.655478
1.673824
1.717916
1.726580
1.657958
1.703612
1.733034
1.685149
1.739263
1.554753
1.695477
1.681681
1.689997
1.587376
1.669268
1.681110
1.706685
1.661345
1.767035
1.624531
1.623770
1.780965
1.655689
1.592536
1.658199
1.683387
1.652720
1.483836
1.600272
1.671342
1.695770
1.596208
1.592834
1.692058
1.606130
1.695146
1.663890
1.664014
1.637750
1.589670
1.647344
1.709618
1.667007
1.458835
1.596757
1.635830
1.804547
1.560026
1.660223
1.614499
1.641027
1.668497
1.729526
1.666688
1.579850
1.693694
1.630235
1.692953
1.587691
1.671732
1.603742
1.703900
1.640544
1.675695
1.692925
1.725931
1.702824
1.678188
1.629270
1.662428
1.649545
1.607925
1.683355
1.740762
1.794865
1.648473
1.650518
1.662813
1.521804
1.604781
1.703485
1.721056
1.749547
1.708946
1.628864
1.595380
1.646950
1.651302
1.626176
1.535252
1.740072
1.546532
1.637808
1.627698
1.647807
1.659514
1.793817
1.659686
1.590467
1.532862
1.566597
1.594939
1.647629
1.616201
1.542894
1.597290
1.690752
1.633799
1.689051
1.695908
1.643450
1.544893
1.599503
1.563582
1.757792
1.677097
1.691975
1.617954
1.636325
1.596538
1.690162
1.572672
1.740990
1.589590
1.613975
1.662513
1.547549
1.698220
1.673808
1.709619
1.590611
1.536583
1.630534
1.600263
1.659860
1.524107
1.689995
1.621952
1.605402
1.580420
1.687431
1.665177
1.690169
1.605879
1.589162
1.622343
1.868437
1.654077
1.638329
1.622595
1.623310
1.588243
1.603128
1.750124
1.563764
1.607928
1.667723
1.664775
1.698411
1.580580
1.640430
1.606401
1.690932
1.619871
1.701749
1.629183
1.557741
1.699078
1.557770
1.594757
1.789444
1.609149
1.682558
1.684858
1.744482
1.602845
1.555461
1.714278
1.626043
1.754391
1.706659
1.611146
1.569393
1.663803
1.556544
1.722731
1.689333
1.680110
1.598260
1.582672
1.574669
1.654496
1.689755
1.613801
1.507799
1.595487
1.632475
1.669602
1.771393
1.600226
1.602116
1.564261
1.651839
1.715412
1.587914
1.644781
1.523852
1.614072
1.581458
1.589494
1.640932
1.639965
1.676972
1.736449
1.581261
1.766992
1.792011
1.628130
1.579675
1.657343
1.592938
1.674074
1.613842
1.545249
1.790023
1.709636
1.642671
1.626294
1.576517
1.632550
1.631207
1.620274
1.626378
1.608899
1.595458
1.585376
1.704070
1.586046
1.685731
1.727617
1.650755
1.658421
1.639788
1.614240
1.661572
1.562874
1.553299
1.632523
1.594155
1.689414
1.634007
1.726069
1.739115
1.730639
1.516934
1.678680
1.555811
1.635642
1.597241
1.627347
1.704906
1.585436
1.585858
1.675391
1.676843
1.693387
1.723417
1.666683
1.627296
1.668354
1.662025
1.787093
1.635995
1.658705
1.669785
1.591259
1.664961
1.719679
1.639489
1.755611
1.614615
1.584728
1.593045
1.688307
1.800475
1.708791
1.698829
1.542048
1.621725
1.654804
1.559974
1.671518
1.593607
1.687089
1.674614
1.647812
1.600004
1.585077
1.721564
1.646673
1.591910
1.527220
1.513259
1.571837
1.702682
1.588705
1.664691
1.517079
1.505705
1.590973
1.688489
1.595518
1.583194
1.589549
1.609618
1.570150
1.695437
1.695456
1.587782
1.540980
1.582236
1.650452
1.570684
1.594375
1.524207
1.519044
1.713044
1.626927
1.769053
1.593103
1.695493
1.629511
1.566410
1.651863
1.763621
1.722725
1.665837
1.761457
1.761915
1.685295
1.742654
1.629838
1.643266
1.638116
1.709175
1.583463
1.649090
1.572742
1.669229
1.675182
1.758156
1.642709
1.590090
1.646989
1.717099
1.571246
1.575716
1.683076
1.642087
1.548859
1.657066
1.550544
1.821064
1.664958
1.681424
1.603396
1.627064
1.622832
1.768537
1.696983
1.602524
1.621961
1.714316
1.725877
1.647908
1.655053
1.617089
1.560311
1.765886
1.633569
1.590998
1.764118
1.796229
1.571720
1.684138
1.570743
1.603421
1.687057
1.720306
1.648848
1.747008
1.570514
1.757324
1.632271
1.642681
1.596710
1.697714
1.759272
1.605283
1.658263
1.613723
1.703265
1.618307
1.647844
1.663068
1.543040
1.630619
1.662803
1.566129
1.733776
1.756939
1.732537
1.541913
1.639751
1.712268
1.684468
1.596750
1.595813
1.593703
1.641963
1.638754
1.568610
1.669763
1.663057
1.669964
1.682382
1.670103
1.585360
1.638167
1.616402
1.649792
1.670073
1.593869
1.664893
1.578915
1.576511
1.574327
1.560709
1.634920
1.654135
1.696043
1.718397
1.674130
1.605534
1.665183
1.593607
1.572987
1.666096
1.703708
1.629004
1.619619
1.849905
1.735699
1.617980
1.651454
1.646730
1.622816
1.756077
1.520811
1.658282
1.583910
1.643480
1.540438
1.681880
1.589882
1.650446
1.568575
1.633163
1.680397
1.638264
1.626752
1.739901
1.650922
1.584528
1.684712
1.520752
1.697860
1.606337
1.681917
1.777383
1.697136
1.684616
1.646433
1.779493
1.560621
1.739659
1.684533
1.563383
1.569540
1.654185
1.624218
1.626534
1.716496
1.613928
1.627011
1.605610
1.669736
1.696424
1.594970
1.799314
1.617696
1.622458
1.587733
1.564240
1.542232
1.688218
1.731358
1.638566
1.687583
1.661908
1.672988
1.655638
1.714894
1.680884
1.664721
1.651995
1.636447
1.619560
1.763990
1.779713
1.600834
1.641507
1.644053
1.650137
1.468820
1.512074
1.745411
1.688404
1.596045
1.548504
1.544912
1.573205
1.700997
1.665025
1.720419
1.701964
1.551250
1.613898
1.633219
1.692269
1.631706
1.691502
1.736198
1.715950
1.606889
1.639932
1.637428
1.666423
1.653220
1.708546
1.575340
1.576399
1.575394
1.680874
1.750263
1.531294
1.678637
1.691698
1.524139
1.837331
1.669478
1.626916
1.694714
1.619052
1.612578
1.568685
1.621203
1.650837
1.728004
1.636716
1.619083
1.769866
1.644001
1.574492
1.646381
1.615436
1.729790
1.661135
1.718869
1.632525
1.727176
1.722692
1.581831
1.636808
1.843500
1.645435
1.588426
1.552069
1.626560
1.755019
1.559038
1.711122
1.637288
1.623943
1.609650
1.610658
1.494315
1.565406
1.772251
1.588021
1.683850
1.718179
1.682989
1.655284
1.631055
1.661883
1.551316
1.695781
1.610767
1.572130
1.634578
1.663273
1.665556
1.632733
1.555509
1.722414
1.687276
1.705840
1.618708
1.614781
1.536363
1.559708
1.646491
