1.680187
1.699455
1.569306
1.940905
1.987445
1.507053
1.617508
1.719080
1.710545
1.721277
1.601830
1.634252
1.698950
1.615519
1.420283
1.638640
1.454798
1.577935
1.482813
1.443788
1.648753
1.382296
1.605660
1.445247
1.914556
1.704615
1.305543
1.882102
1.813041
1.665412
1.909751
1.831756
1.744614
1.704810
1.795401
1.527507
2.048474
1.461457
1.473078
1.662898
1.887183
1.441101
1.730139
1.688843
1.456639
1.369814
1.689149
1.797831
1.475808
1.830352
1.917931
1.318733
1.726274
1.649101
1.635715
1.804270
1.583980
1.457887
1.631200
1.527488
1.752082
1.715108
1.434502
2.099304
1.408814
1.528997
1.332400
1.599464
1.433115
2.188553
1.874479
1.785082
1.823305
1.703667
1.529979
1.716097
1.489111
1.870298
1.875098
1.698933
1.691306
1.754844
1.545661
1.388725
1.720195
1.638052
1.718880
1.521118
1.511936
1.621769
1.790978
1.589588
1.556577
1.617681
1.762072
1.806042
1.740806
1.557109
1.738316
1.345191
1.844317
2.042091
1.650617
2.010960
1.369909
1.523676
1.715791
1.619052
1.899202
1.697042
1.407557
1.751148
1.441410
1.482485
1.461339
1.525495
1.471006
1.404532
1.455743
1.634786
1.670243
1.352550
1.454179
1.658660
1.933598
1.618222
1.547151
1.699992
1.509906
1.497098
1.538808
1.707425
1.798990
1.649135
1.407697
1.783411
1.411447
1.382765
1.940804
1.739688
2.008545
1.462282
1.646203
1.610103
1.529123
1.847241
1.563178
1.729847
1.714451
1.747453
1.422414
1.665883
1.606014
1.411064
1.368344
1.754214
1.838871
1.564422
1.619859
1.576055
1.864620
1.434825
1.524246
1.634897
1.601573
1.579701
1.716064
1.452026
1.672436
1.822014
1.443733
1.738055
1.808248
1.685737
1.648400
1.688380
1.552301
1.549394
1.727908
1.547429
1.669248
1.391289
1.268751
1.762288
2.237491
1.722222
1.671006
1.484501
1.677095
1.556097
1.526588
1.702255
1.764815
1.535519
1.529877
1.273451
1.378869
1.701420
1.841511
1.444191
1.590002
1.631524
1.369054
1.846668
1.554671
1.572605
1.697501
1.459918
1.526116
1.892308
1.390365
1.546781
1.671235
1.509983
1.736639
1.670208
1.917521
2.368336
1.783656
1.654441
1.622878
1.459950
1.983412
1.359676
1.731212
1.864988
1.525088
1.477438
1.534225
1.467474
1.737459
1.596335
1.775888
1.476400
2.011383
1.760981
2.068742
1.693045
1.681530
1.493028
2.017026
1.373660
2.181373
1.888694
1.558088
1.621445
1.887662
1.740129
1.345689
1.727163
1.936069
1.522504
1.425577
1.395174
1.475972
1.640287
1.522712
1.629427
1.810059
1.583149
1.399846
1.544924
1.506031
1.533143
1.449031
1.657801
1.624274
1.823034
1.677145
1.774697
1.483563
1.714844
1.556215
1.622312
1.813409
1.841946
1.760415
1.535149
2.013587
1.767473
2.066582
1.614132
1.975941
1.407429
1.689431
1.692275
1.732881
1.487379
1.546566
1.685979
1.795316
1.759235
1.543760
1.601025
1.380845
1.688390
1.650513
1.843627
1.834174
1.617306
1.579191
1.884076
1.556517
1.772484
1.838407
1.763470
1.313167
1.560460
1.912029
1.706146
1.588619
1.641571
1.554014
1.439748
1.696591
1.624247
1.858125
1.970627
1.623287
1.573934
1.685261
1.628446
1.908148
1.727935
1.422311
1.798511
1.438302
1.549516
1.624126
1.537987
1.817295
1.827586
1.460886
1.494437
1.702560
1.414145
1.651054
1.416867
1.760631
1.652790
1.621563
1.630493
1.784025
1.594227
1.742107
1.639308
1.471046
1.994724
1.566997
1.444417
1.259684
1.779195
1.787778
1.673614
1.866400
1.595292
1.533897
1.623012
1.850135
1.463655
1.602006
1.723077
1.514671
1.793819
1.527512
1.689066
1.810584
1.701838
1.539614
1.567182
1.402662
1.664048
1.660988
1.567273
1.782448
1.614821
1.675528
1.624977
1.367907
1.767488
1.628405
1.571834
1.613490
1.787902
1.633625
1.565367
1.972726
1.606976
1.678786
1.574671
1.698077
1.891801
2.004148
1.450201
1.553881
1.755607
1.628787
1.591634
1.969150
1.660404
1.547524
1.510375
1.490962
1.603671
1.619853
1.547363
1.505029
1.680372
1.599297
1.425613
1.685071
1.645038
1.724565
1.834879
1.535251
1.558249
1.574446
1.522049
1.648138
1.677517
1.399627
1.374325
1.886321
1.575405
1.380901
1.868583
1.942728
1.493972
1.702352
1.588178
1.711448
1.737074
1.671296
1.505421
1.437734
1.854372
2.120980
1.896820
1.537492
1.518306
1.786370
1.698447
1.666241
1.381368
1.605620
1.723136
1.890960
1.675471
1.724480
1.913143
1.622388
1.521666
1.573925
2.286790
1.641244
1.691145
2.014920
1.737062
1.769433
1.701930
1.646105
1.409802
1.532737
1.530761
1.419266
1.865178
1.448340
1.851908
1.470117
1.475507
1.876272
1.712692
1.561566
1.691645
1.767511
1.748405
1.873207
1.843861
1.923937
1.631594
1.713512
1.580395
1.873317
1.592935
1.846940
1.577487
1.986567
1.364215
1.674466
1.615388
1.372931
1.534851
1.591490
2.019411
1.612934
1.916311
1.684305
1.572588
1.463983
1.538512
1.520288
1.549330
1.599358
1.476622
1.497798
1.767001
1.534624
1.604116
2.007913
1.573600
1.809919
1.642702
1.570740
1.803754
1.531577
1.519860
1.688977
2.012477
1.514854
1.644364
1.497742
1.809222
1.402166
1.409146
1.675190
1.614716
1.590502
1.564563
1.709857
1.566864
1.696539
1.289001
1.723412
2.008063
1.730414
1.704494
1.765731
1.472851
1.691868
1.353292
2.070689
1.652693
1.541312
1.574642
1.906719
1.801412
1.507454
1.730130
1.821097
1.715947
1.794903
1.590285
1.621254
1.887564
1.833656
1.617255
1.657086
1.511923
1.512293
1.471960
1.419255
1.539580
1.900905
1.725038
1.722067
1.913311
1.591870
1.524968
1.611677
2.095101
1.745622
1.353120
1.741470
1.665259
1.421252
1.895750
1.508775
1.602722
1.419908
1.590730
1.677972
1.453659
1.591242
1.498391
2.087897
1.524205
1.408442
1.725382
1.989552
1.729591
1.409292
1.751902
1.780949
1.870611
1.411943
1.418427
1.772421
1.712587
1.541914
1.643614
1.648453
1.562426
1.814578
1.781763
1.929139
1.513351
1.459495
1.741178
1.738411
1.476408
1.674331
1.583091
1.947025
1.917370
1.808362
1.691397
1.437297
1.457310
1.766769
1.671015
1.414716
1.543592
1.455451
1.587147
1.691159
1.818289
1.658747
1.690426
1.456570
1.536851
1.527066
1.424715
1.865261
1.678445
1.586590
1.530790
1.511269
1.510730
1.474039
1.744025
1.783997
1.559740
1.739785
1.487788
1.599220
1.871149
1.522206
1.718703
1.627502
1.567429
1.559288
1.490411
1.852314
2.367577
1.385476
1.794314
1.780287
1.876929
1.515197
1.467931
1.437255
1.811228
1.678539
1.577249
1.279187
1.859987
1.619943
1.682792
1.484581
1.648497
1.619858
1.518238
1.608271
1.941259
1.813105
1.451399
1.604888
1.478716
1.632012
1.242385
1.924784
1.585513
1.735412
1.335318
1.577837
1.698417
1.590994
1.550237
1.427907
1.578247
1.947007
1.625203
1.335419
1.883013
1.655674
1.628645
1.395190
1.998629
1.337757
1.544377
1.583493
1.579797
1.589707
1.932404
1.746760
2.312789
1.903292
1.449781
1.397421
1.643957
1.469229
1.859120
1.877734
1.613818
1.577434
1.778846
1.586807
1.909238
2.341812
1.488322
1.639878
1.680280
1.283942
1.652696
1.557589
1.614737
1.546004
1.701826
1.481850
1.440576
1.540445
1.361032
1.546268
1.683298
1.729222
1.829166
1.467927
1.612020
1.548484
1.869680
1.766865
1.916533
1.512413
1.653057
1.730338
1.532984
1.451009
1.360337
1.422956
1.655596
1.615324
1.632054
1.468516
1.933642
1.681289
1.795292
1.462767
1.502387
1.368901
1.689156
1.457407
1.742385
1.716605
1.672983
1.518381
1.691182
1.609799
1.732579
1.758497
1.902524
1.706091
1.567311
1.490932
1.846078
1.419594
1.391747
1.300811
1.780458
1.460033
1.792087
1.912092
1.685470
1.814483
1.555453
1.365345
1.839711
1.829182
1.748977
1.494374
1.600334
1.379561
1.529126
1.692969
1.836099
1.622073
1.752993
2.054648
1.649128
1.456464
1.618496
1.580514
1.522381
1.581010
1.432315
1.578536
1.660243
1.613954
1.560490
1.755700
1.495807
1.872301
1.442170
1.451845
1.473162
1.355221
1.785390
1.488595
1.776234
1.406434
1.543712
1.767455
1.598577
1.482432
1.838783
1.335341
1.724111
1.421536
1.776263
1.482642
1.683456
1.740430
1.545813
1.634147
1.522928
1.511561
1.608492
1.725792
1.715789
1.409746
1.576952
1.686521
1.736139
1.553616
1.422178
1.567732
1.803879
1.890312
1.708372
1.398643
1.808932
1.537222
1.794977
1.568236
1.788750
1.363143
1.607668
1.728303
1.529518
1.712182
1.508710
1.445761
1.403826
1.476599
1.437023
1.532780
1.489063
1.690089
2.274457
1.315487
1.937856
1.488402
1.606332
1.661062
1.758625
1.929191
2.201121
1.729277
1.931701
1.783645
1.712077
1.993405
1.879356
1.459131
1.663277
2.168986
1.751143
1.599730
1.914109
1.442361
1.660207
1.402344
1.826583
1.442480
1.671315
1.579488
2.024818
1.500990
1.632561
1.889940
1.711323
1.576589
1.534030
1.407276
1.347530
1.439578
1.386141
1.542601
1.888535
1.570704
1.626152
1.561824
1.318475
1.652671
1.440619
1.572750
1.493698
1.494355
1.576847
1.773886
1.633967
1.651097
1.500127
1.720940
1.583775
1.446861
1.485246
1.619031
1.426664
1.813435
1.489827
1.372633
1.526020
1.590394
1.291018
1.391843
1.339280
1.638895
1.719419
1.414584
1.634646
2.029598
1.360044
1.624054
1.698468
1.727427
1.919650
2.126479
1.886329
1.617251
1.482984
1.676665
1.404621
1.337851
1.631297
1.564478
1.488807
1.585634
1.544967
1.958621
1.483649
1.607608
1.488069
1.498000
2.014970
1.953102
1.844318
1.552197
1.336833
1.673745
1.754264
1.487227
1.380637
1.731968
1.578290
1.498474
1.718200
1.422290
1.719340
2.004334
1.607899
1.684498
1.508582
1.763798
1.450882
1.778003
1.765272
1.322694
1.884730
1.790695
1.607338
1.384241
1.573020
1.770480
1.784821
1.526759
1.563211
1.652729
1.324403
1.445290
1.561047
