1.638169
1.642781
1.646036
1.669272
1.687229
1.637241
1.655241
1.614495
1.678350
1.619271
1.604325
1.629322
1.648687
1.676795
1.663611
1.741146
1.637236
1.649843
1.675192
1.674772
1.707596
1.714210
1.703121
1.623132
1.673543
1.623140
1.652627
1.659644
1.653245
1.632965
1.677453
1.632711
1.626575
1.707315
1.629945
1.659802
1.731580
1.721707
1.672665
1.682133
1.667371
1.663885
1.650812
1.617218
1.623354
1.608720
1.646931
1.639367
1.698552
1.661626
1.649052
1.675711
1.643909
1.712105
1.578205
1.645415
1.641376
1.675384
1.713324
1.651845
1.722825
1.615102
1.683934
1.618535
1.597205
1.597352
1.617270
1.683526
1.574554
1.572684
1.714393
1.731566
1.605878
1.683114
1.659842
1.701353
1.688557
1.684009
1.645799
1.602002
1.664453
1.728248
1.621324
1.680640
1.591859
1.649448
1.627089
1.741953
1.709060
1.663281
1.665654
1.621841
1.582542
1.642337
1.603166
1.706665
1.669801
1.609251
1.694933
1.667204
1.685912
1.663919
1.699083
1.582856
1.643383
1.639296
1.553608
1.559407
1.706521
1.641215
1.718291
1.679112
1.640600
1.623254
1.574052
1.646287
1.602281
1.670970
1.669761
1.604948
1.668243
1.620332
1.621269
1.658863
1.640478
1.701607
1.633093
1.613116
1.657326
1.665085
1.644426
1.670671
1.628858
1.694124
1.627117
1.636139
1.726201
1.734210
1.592040
1.631295
1.693536
1.688494
1.686022
1.723325
1.690661
1.598214
1.642492
1.631557
1.602069
1.648942
1.695078
1.645564
1.676541
1.645776
1.697567
1.673754
1.593838
1.684019
1.734314
1.633610
1.693465
1.685107
1.681696
1.655937
1.634243
1.651186
1.632305
1.660642
1.602454
1.652883
1.577166
1.579594
1.577936
1.645732
1.699230
1.680338
1.673093
1.683089
1.663286
1.646475
1.713148
1.666359
1.693638
1.605429
1.645020
1.663433
1.721866
1.662463
1.659054
1.609104
1.682004
1.705469
1.674272
1.627518
1.688092
1.580902
1.706650
1.619729
1.647539
1.662942
1.651486
1.682482
1.635605
1.682761
1.613462
1.712610
1.638744
1.610565
1.639228
1.629050
1.593867
1.674772
1.652308
1.619752
1.604529
1.601348
1.681182
1.707672
1.619245
1.685619
1.711500
1.652582
1.685121
1.703803
1.626028
1.670600
1.655091
1.594158
1.661481
1.747814
1.625610
1.733450
1.600915
1.658705
1.632480
1.616761
1.672749
1.676059
1.576581
1.620213
1.639556
1.631993
1.618313
1.728434
1.669636
1.619641
1.638002
1.618584
1.624055
1.639265
1.615950
1.685279
1.716856
1.704985
1.631649
1.625415
1.618511
1.652897
1.661956
1.676165
1.575950
1.678542
1.688315
1.651377
1.716040
1.695163
1.718941
1.633067
1.645002
1.686272
1.746616
1.602655
1.670010
1.639510
1.694296
1.668107
1.619586
1.716759
1.698569
1.658159
1.636867
1.731145
1.602030
1.664410
1.639309
1.696325
1.629836
1.633194
1.598399
1.734737
1.719099
1.692833
1.718224
1.655867
1.628161
1.695312
1.686445
1.604355
1.652206
1.663624
1.645766
1.700766
1.593050
1.641049
1.639394
1.577525
1.610962
1.673331
1.607847
1.686135
1.675459
1.584212
1.660682
1.568577
1.675214
1.627263
1.621289
1.701933
1.676474
1.635743
1.657617
1.727464
1.695188
1.633221
1.746407
1.611377
1.599767
1.591883
1.637682
1.667190
1.678488
1.779121
1.622731
1.616891
1.652401
1.632065
1.600887
1.596705
1.655575
1.668281
1.667373
1.618211
1.578256
1.634849
1.681214
1.603977
1.634584
1.742786
1.691958
1.675690
1.637193
1.698205
1.679627
1.613741
1.585983
1.561848
1.638186
1.682695
1.694302
1.661377
1.588873
1.702303
1.576539
1.634036
1.632034
1.592312
1.662101
1.616521
1.667033
1.659677
1.635283
1.668436
1.655522
1.729914
1.675857
1.625588
1.618493
1.567342
1.665058
1.710691
1.639090
1.643022
1.667803
1.685167
1.590667
1.635451
1.669460
1.699466
1.622392
1.748063
1.601100
1.658485
1.548637
1.655629
1.725796
1.713452
1.668215
1.636203
1.697912
1.611551
1.660288
1.728718
1.673043
1.643849
1.665902
1.607986
1.605269
1.680334
1.655193
1.653906
1.703550
1.656051
1.697369
1.649544
1.729649
1.615101
1.675976
1.664762
1.624872
1.667867
1.676833
1.634090
1.650866
1.675846
1.765635
1.620353
1.602976
1.630015
1.687651
1.700502
1.728215
1.642147
1.665519
1.637996
1.618453
1.681960
1.616987
1.646119
1.680350
1.613102
1.654674
1.638971
1.645788
1.679863
1.689329
1.713848
1.702788
1.631118
1.727372
1.656072
1.609060
1.652393
1.634899
1.651059
1.623294
1.703976
1.648623
1.691627
1.635606
1.656078
1.619976
1.596721
1.672168
1.693217
1.595032
1.633761
1.668873
1.614836
1.722043
1.650576
1.687759
1.654402
1.623777
1.704425
1.706765
1.615221
1.794273
1.674962
1.590362
1.701522
1.628695
1.576811
1.626848
1.633796
1.683153
1.612105
1.660091
1.615226
1.545069
1.659074
1.682149
1.708604
1.652453
1.634588
1.600000
1.750083
1.665861
1.697415
1.681060
1.621742
1.627590
1.590426
1.625245
1.606966
1.621827
1.610158
1.684523
1.632766
1.613028
1.677027
1.627281
1.654928
1.735403
1.633462
1.642807
1.693729
1.654023
1.540046
1.608736
1.635788
1.584454
1.677070
1.613393
1.625469
1.651572
1.643693
1.726154
1.579555
1.654449
1.608693
1.710138
1.605239
1.714386
1.664911
1.617467
1.693560
1.655369
1.644574
1.666939
1.679249
1.575161
1.590584
1.612074
1.677815
1.589303
1.640247
1.749022
1.664787
1.692425
1.622286
1.621632
1.679306
1.714337
1.673909
1.601614
1.654514
1.591390
1.635996
1.544332
1.683831
1.671502
1.640516
1.620386
1.670739
1.618009
1.592220
1.665733
1.635564
1.671740
1.615076
1.687014
1.589389
1.628299
1.656888
1.710686
1.648620
1.658621
1.576560
1.617142
1.550339
1.679129
1.687062
1.691600
1.566370
1.608079
1.669893
1.694730
1.569362
1.709303
1.658385
1.669822
1.632510
1.656363
1.626206
1.637222
1.583676
1.562716
1.585855
1.615623
1.558119
1.657649
1.656879
1.628989
1.669534
1.645364
1.694294
1.625925
1.638942
1.592188
1.602111
1.660926
1.681544
1.719750
1.670654
1.700021
1.614307
1.547717
1.673650
1.709795
1.711433
1.678815
1.603781
1.648016
1.760865
1.587727
1.688022
1.580030
1.675120
1.631294
1.693948
1.638270
1.728082
1.695884
1.669054
1.663452
1.675224
1.608490
1.671364
1.616948
1.619875
1.688709
1.603469
1.678727
1.616504
1.653334
1.603160
1.602383
1.641614
1.593756
1.644081
1.650385
1.698780
1.620797
1.667394
1.647440
1.705848
1.659473
1.631631
1.666858
1.672828
1.633239
1.644021
1.642505
1.720641
1.678167
1.634238
1.579080
1.697037
1.644052
1.654273
1.647718
1.603779
1.682134
1.733624
1.655527
1.665282
1.664435
1.660831
1.607220
1.679473
1.716063
1.540300
1.574972
1.659572
1.610075
1.651255
1.638726
1.693471
1.551624
1.667056
1.575692
1.626004
1.616822
1.669731
1.631790
1.690033
1.603270
1.677520
1.596826
1.564844
1.698693
1.682440
1.622717
1.676359
1.655573
1.568213
1.612598
1.686123
1.665585
1.657399
1.695309
1.713283
1.675952
1.695549
1.661057
1.681642
1.624396
1.672314
1.558366
1.596145
1.584832
1.674917
1.620997
1.593272
1.558062
1.659024
1.695570
1.726051
1.657145
1.678974
1.597969
1.629518
1.719170
1.615021
1.628437
1.733612
1.709685
1.650505
1.597222
1.704697
1.629396
1.692814
1.646319
1.644361
1.671375
1.641092
1.657892
1.602254
1.677391
1.629360
1.673286
1.700513
1.605140
1.616556
1.642251
1.662217
1.571525
1.682595
1.659373
1.629842
1.637342
1.615448
1.649683
1.674606
1.721361
1.659278
1.673149
1.687194
1.657503
1.693528
1.601714
1.660667
1.618844
1.570397
1.661186
1.631949
1.717006
1.643586
1.608880
1.604960
1.605682
1.699234
1.657014
1.645073
1.668096
1.602831
1.646960
1.595582
1.599532
1.679568
1.662137
1.650671
1.664738
1.619728
1.737560
1.631066
1.639521
1.607805
1.644288
1.711417
1.640031
1.693302
1.653327
1.770891
1.688133
1.560945
1.731604
1.624787
1.689667
1.668696
1.624855
1.673663
1.692177
1.666008
1.647266
1.620202
1.653284
1.641547
1.603024
1.677875
1.599503
1.598688
1.597378
1.631493
1.587994
1.634921
1.679953
1.674157
1.617871
1.582238
1.601078
1.612342
1.704730
1.630507
1.619236
1.658832
1.623600
1.579956
1.630564
1.649318
1.615421
1.648038
1.733327
1.658734
1.765401
1.668878
1.627667
1.636740
1.622064
1.669013
1.643533
1.708475
1.613201
1.663646
1.689489
1.628321
1.645519
1.632520
1.690033
1.604667
1.649188
1.677413
1.566160
1.647499
1.647023
1.642433
1.652880
1.641606
1.643612
1.699147
1.666394
1.589049
1.658815
1.589935
1.651874
1.557652
1.598982
1.643016
1.637142
1.697116
1.651036
1.574170
1.694656
1.707760
1.689611
1.717287
1.583379
1.647508
1.612110
1.623042
1.617661
1.672563
1.576507
1.555686
1.663452
1.581526
1.532060
1.684243
1.657351
1.680736
1.648857
1.647008
1.581932
1.627110
1.610871
1.694637
1.639390
1.700893
1.687265
1.646317
1.629019
1.650916
1.733395
1.797317
1.637072
1.637016
1.738583
1.583883
1.652515
1.688523
1.653615
1.665350
1.648810
1.650992
1.531696
1.657539
1.660836
1.631919
1.685752
1.649840
1.679773
1.625534
1.675152
1.636748
1.737346
1.638948
1.695250
1.644339
1.624059
1.644309
1.651110
1.558075
1.637079
1.656560
1.648038
1.653342
1.695827
1.662400
1.616042
1.646784
1.687657
1.592825
1.684408
1.627071
1.689006
1.648588
1.729779
1.652486
1.761303
1.650283
1.588834
1.749388
1.631197
1.727007
1.638152
1.658429
1.675903
1.616152
1.661875
1.675163
1.729598
1.562730
1.667104
1.594980
1.638596
1.617019
1.710303
1.641257
1.612362
1.650987
1.605650
1.772232
1.625747
1.643739
1.641170
1.625921
1.656624
1.635373
1.693929
1.603303
1.626648
1.615112
1.585507
1.613033
1.752421
1.719130
1.620505
1.638017
1.690177
1.641169
