1.708013
1.534835
1.706898
1.577965
1.667911
1.717868
1.729855
1.791850
1.471672
1.557856
1.708770
1.550007
1.766886
1.545724
1.606530
1.795652
1.497934
1.502460
1.591151
1.500608
1.676989
1.480684
1.605609
1.603512
1.654428
1.697662
1.833408
1.575208
1.529006
1.538509
1.536125
1.654182
1.530657
1.590949
1.806039
1.901048
1.508835
1.643264
1.520375
1.768482
1.960337
1.584012
1.632824
1.997489
1.657534
1.953648
1.587351
1.872855
1.745147
1.458174
1.567964
1.519447
1.574156
1.757932
1.887792
1.679758
1.601515
1.739276
1.605056
1.449096
1.615198
1.508539
1.560304
1.773918
1.741689
1.552932
1.601869
1.713460
1.570440
1.611124
1.760404
1.556246
1.488875
1.715097
1.688817
1.557201
1.431231
1.724297
1.827701
1.775405
1.608287
1.539818
1.465962
1.526113
1.675470
1.721997
1.767045
1.739217
1.744392
1.884448
1.837101
1.529920
1.795734
1.794617
1.644334
1.508763
1.427808
1.727015
1.659206
1.716400
2.042570
1.555189
1.635218
1.669069
1.748797
1.666309
1.588074
1.733494
1.950268
1.472488
1.667611
1.615411
1.669138
1.665484
1.540074
1.961980
1.604234
1.803676
1.756738
1.804482
1.539498
1.889104
1.624711
1.577411
1.602060
1.604232
1.495498
1.445672
1.638994
1.592428
1.646956
1.418538
1.658165
1.976357
1.736571
1.602876
1.565612
1.618435
1.645945
1.797417
1.710687
1.629764
1.591592
1.708302
1.539703
1.672781
1.584771
1.820214
1.719853
1.767934
1.680369
1.606514
1.772964
1.770242
1.758480
1.500626
1.582601
1.519275
1.764854
1.524568
1.737335
1.653056
1.567117
1.706305
1.771804
1.546427
1.730640
1.440549
1.712999
1.846685
1.713380
1.688447
1.573277
1.592795
1.739070
1.453492
1.598804
1.781711
1.565890
1.742670
1.765632
1.556716
1.530237
1.618754
1.779554
1.631696
1.767080
1.746472
1.880220
1.567510
1.673510
1.573466
1.550695
1.616430
1.862622
1.588271
1.749086
1.419681
1.558089
1.723420
1.731901
1.569170
1.384107
1.544590
1.502676
1.391702
1.674000
1.869990
1.414668
1.626552
1.481984
1.803786
1.773281
1.560772
1.751623
1.522006
1.628563
1.593360
1.825392
1.782796
1.827336
1.652680
1.627027
1.837160
1.675384
1.639660
1.568205
1.582806
1.689612
1.733444
1.651334
1.567885
1.798583
1.764270
1.699383
1.651620
1.395771
1.470945
1.674972
1.612659
1.479073
1.688091
1.788603
1.645077
1.536334
1.647460
1.772974
1.589743
1.793007
1.450482
1.521079
1.958682
1.651159
1.699584
1.553613
2.166336
1.721716
1.728048
1.463648
1.508364
1.731532
1.498781
1.529304
1.490661
1.635382
1.660463
1.935500
1.840742
1.543487
1.454294
1.555310
1.600657
1.530469
1.692334
1.753582
1.732531
1.694635
1.597038
1.604515
1.670250
1.689395
1.521664
1.853924
1.610146
1.577378
1.681255
1.785900
1.585885
1.660202
1.430397
1.429610
1.569342
1.710031
1.612857
2.094316
1.380962
1.825111
1.401471
1.708858
1.601714
1.620808
1.624328
1.856739
1.505889
1.521010
1.704396
1.751067
1.665541
1.748339
1.630583
1.530587
1.620432
1.702632
1.576560
1.554545
1.450510
1.446944
1.745823
1.805111
1.611491
1.643712
1.770611
1.653413
1.796758
1.517955
1.566761
1.638377
1.387810
1.607619
1.696178
1.747471
1.479704
1.722303
1.846873
1.743061
1.731237
1.619354
1.522540
1.525156
1.531939
1.660471
1.446603
1.739475
1.735035
1.811422
1.799338
1.486874
1.770579
1.814213
1.513581
1.713519
1.619428
1.677187
1.689205
1.526172
1.557162
1.542639
1.943801
1.438368
1.719528
1.668850
1.467275
1.759565
1.828473
1.622580
1.654217
1.569294
1.796552
1.666432
1.576599
1.996563
1.724485
1.681657
1.540959
1.578851
1.750394
1.555795
1.651287
1.772239
1.447049
1.811553
1.769980
1.657202
1.567335
1.588673
1.459613
1.593504
1.606917
1.568977
1.521432
1.722283
1.802841
1.566404
1.611154
1.715421
1.529999
1.448580
1.737884
1.525192
1.590062
1.759503
1.641384
1.489480
1.499435
1.696337
1.530489
1.654341
1.543889
1.442772
1.554296
1.659024
1.772724
1.664783
1.583288
1.481842
1.786834
1.393068
1.681086
1.529893
1.565713
1.426431
1.534400
1.567729
1.448200
1.527152
1.516529
1.609736
1.783691
1.537783
1.749305
1.598154
1.750369
1.626808
1.710326
1.697728
1.425963
1.943284
1.647588
1.726312
1.687273
1.641869
1.912471
1.689271
1.521996
1.525203
1.574527
1.563816
1.732592
1.430047
1.629459
1.497289
1.682458
1.619671
1.474949
1.707746
1.556393
1.680552
1.859538
1.599677
1.708812
1.680733
1.642275
1.437141
1.636311
1.994459
1.644616
1.628774
1.579009
1.631420
1.551247
1.769388
1.576022
1.884768
1.640108
1.715305
1.572316
1.649778
1.580229
1.534407
1.802837
1.551490
1.494315
1.548097
1.529839
1.750646
1.683443
1.638179
1.397400
1.628715
1.590593
1.657344
1.745690
1.637720
1.691828
1.481603
1.528116
1.677921
1.640942
1.684472
1.646999
1.647883
1.564445
1.688882
1.626768
1.515773
1.437074
1.631403
1.596841
1.459588
1.629617
1.585486
1.759044
1.741675
1.533154
1.522171
1.611323
1.459448
1.525089
1.892791
1.527141
1.728395
1.619510
1.555640
1.626088
2.061791
1.568160
1.933455
1.712909
1.586866
1.685106
1.638752
1.573047
1.638895
1.657687
1.782689
1.563054
1.572530
1.543076
2.043099
1.784321
1.534850
1.639497
1.725211
1.584391
1.525555
1.640209
1.498731
1.510284
1.540659
1.659341
1.686606
1.877244
1.529938
1.761198
1.595073
2.043803
1.774042
1.800877
1.499794
1.836890
1.800806
1.599020
1.665970
1.576418
1.610439
1.538780
1.831019
2.139169
1.387115
1.484920
1.630065
1.515189
1.632976
1.441927
1.559000
1.692334
1.703902
1.555741
1.596696
1.513599
1.568439
1.735196
1.546910
1.675908
1.504381
1.553269
1.759140
1.749157
1.823414
1.874041
1.544604
1.556270
1.741760
1.822834
1.798316
1.672460
1.637133
1.577995
1.663039
1.581728
1.544520
1.677387
1.777943
1.727698
1.576755
1.603349
1.522676
1.619901
1.710026
1.681813
1.809813
1.333684
1.604782
1.646968
1.721378
1.606081
1.564419
1.716280
1.736030
1.490524
1.725001
2.001601
1.680799
1.526708
1.569860
1.747214
1.632905
1.568073
1.738182
1.616920
1.599955
1.589993
1.613536
1.570809
1.641340
1.734057
1.653417
1.699781
1.748736
1.832764
1.484699
1.645433
1.756587
1.835090
1.569424
1.455973
1.427272
1.635883
1.785579
1.555351
1.578527
1.501770
1.584106
1.609317
1.970269
1.645364
1.742902
1.773784
1.537461
1.909638
1.717431
1.568698
1.652994
1.583958
1.731268
1.669984
1.657317
1.470810
1.562364
1.617446
1.768134
1.701819
1.611903
1.512920
1.660345
1.565052
1.638221
1.903391
1.449472
1.677061
1.858156
1.594535
1.616082
1.798391
1.630244
1.583344
1.589973
1.685949
1.747977
1.566377
1.586539
1.734206
1.719025
1.924987
1.781998
1.446490
1.900651
1.641230
1.851630
1.610872
1.628130
1.652818
1.501614
1.808237
1.634024
1.457901
1.777400
1.855530
1.656438
1.592126
1.589038
1.534859
1.824564
1.526549
1.698880
1.638149
1.709896
1.541096
1.604711
1.509624
1.513690
1.724692
1.484945
1.578380
1.486665
1.499844
1.609090
1.574574
1.537582
1.674015
1.681342
1.470433
1.705534
1.445993
1.699795
1.423577
1.557353
1.973074
1.588337
1.528249
1.717417
1.784065
1.624093
1.649886
1.469826
1.607523
1.557008
1.705152
1.575623
1.791056
1.777467
1.567829
1.613395
1.504609
1.728359
1.559396
1.671755
1.631288
1.735657
1.659400
1.648427
1.573541
1.683437
1.565187
1.653193
1.579464
1.521196
1.645888
1.866698
1.677970
1.450005
1.561762
1.618521
1.743812
1.540805
1.632612
1.621188
1.794512
1.650026
1.649133
1.757045
1.642746
1.752450
1.604951
1.727364
1.596625
1.610413
1.915516
1.609854
1.647657
1.720082
1.800797
1.873142
1.456785
1.523893
1.419059
1.666316
1.526464
1.580587
1.841263
1.793072
1.369765
1.874357
1.460535
1.716343
1.928479
1.831369
1.644576
1.631408
1.444937
1.680543
1.844781
1.752309
1.747989
1.709399
1.500230
1.963269
1.617363
1.657086
1.551277
1.688035
1.781729
1.582669
1.715987
1.728611
1.624727
1.807107
1.689417
1.625241
1.568992
1.587456
1.641235
1.677480
1.623970
1.430324
1.698217
1.514416
1.685962
1.519190
1.609174
1.511827
1.753800
1.660348
1.650517
1.707250
1.453367
1.919070
1.837753
1.456196
1.424665
1.530033
1.398492
1.806532
1.731626
1.750465
1.471512
1.549425
1.567645
1.597449
1.760383
1.653536
1.649270
1.452301
1.503560
1.677458
1.486428
1.782335
1.474452
1.523921
1.707000
1.561829
1.713493
1.564881
1.606152
1.811821
1.561209
1.681316
1.662871
1.709736
1.651263
1.804431
1.732870
1.563363
1.608765
1.484527
1.730169
1.580200
1.436514
1.510574
1.648481
1.691371
1.590887
1.655928
1.630097
1.662692
1.731742
1.615371
1.649475
1.741956
1.507839
1.549719
1.562171
1.448864
1.928400
1.587444
1.501173
1.621668
1.656650
1.652091
1.851512
1.591748
1.818733
1.839442
1.949452
1.674335
1.734618
1.740817
1.557800
1.784657
1.371384
1.618196
1.684968
1.835819
1.911187
1.699997
1.980317
1.627647
1.539127
1.522494
1.745492
1.664427
1.712373
1.550164
1.695356
1.863166
1.692275
1.803024
1.539927
1.935870
1.673116
1.667473
1.607110
1.797811
1.517168
1.841446
1.594979
1.387104
1.678720
1.636307
1.567462
1.612336
1.834667
1.515134
1.515536
1.534414
1.711201
1.484354
1.636354
1.608887
1.727191
1.604256
1.651210
1.737265
1.303444
1.575293
1.547742
1.375346
1.607175
1.596917
1.659288
1.826307
1.460099
1.659712
1.547282
1.574365
1.795763
1.702483
1.844629
1.608804
1.549035
1.700006
1.673369
1.691282
1.682603
1.679839
1.778026
1.634547
1.489778
1.705288
1.416047
1.591791
1.630068
1.589336
1.660896
1.610962
1.652582
1.626567
1.622421
1.776531
1.560528
