8.689505
7.172795
8.869486
9.602403
9.431101
6.400904
10.149207
10.254039
5.025754
7.740747
6.116358
9.222075
5.453337
6.890973
7.464834
12.784972
7.482438
7.466366
8.379176
5.212497
7.365522
9.519314
8.168597
8.776363
8.018678
11.819485
6.241055
11.016778
12.732823
5.894159
6.596080
9.493077
7.408162
7.711966
6.349083
5.510997
7.059936
10.096581
7.270343
10.215574
11.603596
9.105347
5.775384
10.899652
9.725859
6.484007
6.579852
9.100714
7.095769
11.196110
9.339396
7.953680
10.813261
9.212325
8.310812
7.777608
6.035620
9.853567
5.997065
7.832476
10.046691
7.781123
7.753725
9.358279
8.509299
6.426901
10.422060
13.182947
6.369505
7.725368
9.504961
7.228631
10.872976
7.993438
4.243717
6.098359
7.822239
7.973727
5.923975
4.390532
7.056274
4.002781
7.479849
10.284500
6.721601
11.875591
6.428279
3.986791
5.045416
9.811654
6.598895
6.511858
9.038753
4.960951
7.261707
9.849879
6.839714
7.671099
7.299101
7.955197
