9.332170
9.110244
9.260143
8.765962
8.967888
9.293103
9.010469
9.177264
9.012824
9.245171
9.324117
9.585642
9.203615
9.541855
9.277601
9.525297
9.130151
8.884846
9.342928
9.206384
9.168137
9.153358
9.717407
9.297782
9.666332
8.698424
8.992335
9.125885
9.157569
8.937279
8.891086
9.003296
8.975075
8.940860
9.225531
9.685355
8.913068
8.979403
9.376065
8.999467
9.221853
9.387309
9.119228
8.808001
9.488414
9.302599
9.044503
9.341263
8.847330
8.992019
9.240050
9.079931
9.110763
8.774172
8.941266
9.126678
9.200431
8.798566
9.020563
9.353799
9.300832
9.183844
9.355058
8.754612
8.763884
9.316829
9.326325
9.038457
9.281007
9.239141
9.415718
8.941974
9.122973
8.965265
8.986222
9.035230
9.562441
8.947660
9.196546
9.126222
9.155502
9.159414
9.060575
9.143312
9.229862
8.936648
9.561702
9.253281
9.462833
8.710164
8.968988
9.320548
9.240097
9.074476
9.053972
8.736392
9.395345
9.264223
9.324442
9.203453
