9.043666
9.167645
8.964313
10.282490
9.599005
8.579375
9.837317
8.695891
9.312270
8.682198
8.997318
9.715723
9.495113
8.947158
9.271131
8.897764
8.752982
9.317453
8.887305
8.939480
9.217863
10.189146
9.404289
8.520027
8.842171
7.782375
8.902294
8.722352
8.951728
9.389591
8.957523
9.385775
9.590673
9.111661
9.677497
9.423637
10.063228
9.285545
8.824679
9.876819
8.866904
9.461706
9.028015
9.108306
9.538920
9.420100
8.930986
9.617486
9.628715
7.829552
9.125067
8.945185
9.016596
9.424556
8.654111
9.009617
9.121840
8.716380
9.237607
8.629762
8.022907
9.310495
9.471950
9.920661
8.837416
7.849087
10.399224
9.461857
9.131368
10.074790
9.187606
9.298297
8.680092
8.335115
9.408786
9.143276
9.543622
10.168003
8.755189
8.162148
9.639819
8.391020
9.517794
9.121700
9.392420
8.725674
9.683663
9.468592
8.483711
9.011609
9.623478
10.066079
8.224072
10.063369
8.550498
9.282618
9.145717
8.977824
9.475877
9.204148
