8.017267
8.473004
8.219445
8.904517
7.477308
9.222034
6.608883
8.491915
8.991992
7.699766
9.289029
9.030430
8.605291
10.909570
9.361209
7.955790
7.952468
5.217131
8.677479
8.786317
11.521412
8.545971
10.336031
6.992868
6.210549
10.858430
8.339175
12.681189
6.428565
9.812846
12.496798
11.193740
10.162051
7.823344
8.813045
7.406983
9.223804
6.434979
7.171122
8.423724
7.436822
7.490203
10.190500
5.783951
8.363699
8.951911
8.564153
8.326986
9.773414
8.633929
10.506742
9.005949
8.857922
7.859471
12.884637
9.135240
9.869738
7.790745
5.131813
9.979838
8.320357
4.938877
7.079320
9.004617
9.035880
6.997859
6.269978
11.739636
9.206496
7.780125
10.257689
8.097771
6.670687
8.951743
7.761751
6.972051
9.180486
6.340233
9.779418
7.966465
6.596064
5.884390
8.485148
7.918214
9.676496
6.667484
6.462746
11.687629
7.335623
6.621535
7.218385
5.599383
10.980812
8.352585
8.747456
6.273864
8.063984
9.705500
12.415515
7.564783
